时间(S)	振次	轴位移(mm)	力(kN)	应力(kPa)	变形(mm)	侧位移(mm)	围压(kPa)	孔压(kPa)	反压(kPa)	体变(ml)	小体变(ml)
0.00	0.00	 124 	 20.84 	 295 	 5.953 	 197.3 	 300 	 229 	 198 	 4267 	-6.4 
 .2 	 .02 	 124 	 20.75 	 30 	 5.949 	 197.6 	 299 	 229 	 198 	 4266 	-7 
 .4 	 .04 	 124 	 20.8 	 30 	 5.953 	 197.3 	 300 	 229 	 198 	 4266 	-6.8 
 .61 	 .06 	 123.9 	 20.83 	 30 	 5.955 	 197.3 	 300 	 230 	 197 	 4266 	-6.9 
 .81 	 .08 	 123.9 	 21.17 	 30 	 5.958 	 197.4 	 300 	 230 	 198 	 4267 	-6.6 
 1.01 	 .1 	 124 	 22.04 	 32 	 5.995 	 197.1 	 299 	 230 	 198 	 4265 	-6.5 
 1.21 	 .12 	 124 	 22.69 	 32 	 6.026 	 197.2 	 300 	 230 	 197 	 4267 	-6.9 
 1.41 	 .14 	 124.1 	 23.12 	 34 	 6.063 	 197.4 	 300 	 229 	 197 	 4266 	-6.8 
 1.62 	 .16 	 124 	 24.3 	 34 	 6.122 	 197.3 	 300 	 229 	 197 	 4267 	-6.4 
 1.82 	 .18 	 124.1 	 24.83 	 36 	 6.181 	 197.6 	 300 	 228 	 197 	 4267 	-6.8 
 2.02 	 .2 	 124.1 	 25.38 	 37 	 6.179 	 197.7 	 300 	 229 	 197 	 4266 	-6.4 
 2.22 	 .22 	 124.1 	 25.99 	 37 	 6.239 	 197.1 	 300 	 229 	 197 	 4268 	-6.9 
 2.42 	 .24 	 124.2 	 26.48 	 38 	 6.28 	 197.1 	 301 	 228 	 196 	 4264 	-6.5 
 2.63 	 .26 	 124.3 	 26.66 	 38 	 6.322 	 197.5 	 300 	 228 	 196 	 4266 	-6.8 
 2.83 	 .28 	 124.2 	 26.87 	 38 	 6.333 	 197.2 	 300 	 227 	 196 	 4268 	-6.9 
 3.03 	 .3 	 124.2 	 27.04 	 38 	 6.356 	 197.2 	 300 	 228 	 195 	 4269 	-6.8 
 3.23 	 .32 	 124.2 	 27.15 	 38 	 6.371 	 197.6 	 300 	 227 	 196 	 4266 	-6.8 
 3.43 	 .34 	 124.3 	 27.01 	 38 	 6.391 	 197.3 	 300 	 227 	 196 	 4269 	-6.6 
 3.64 	 .36 	 124.2 	 26.89 	 38 	 6.394 	 197.6 	 300 	 227 	 195 	 4266 	-6.9 
 3.84 	 .38 	 124.2 	 26.89 	 38 	 6.406 	 197.2 	 300 	 227 	 195 	 4268 	-6.6 
 4.04 	 .4 	 124.3 	 26.84 	 38 	 6.393 	 197.2 	 300 	 226 	 196 	 4266 	-6.5 
 4.24 	 .42 	 124.2 	 26.53 	 37 	 6.405 	 197.7 	 300 	 228 	 195 	 4265 	-6.6 
 4.44 	 .44 	 124.3 	 26.2 	 36 	 6.396 	 197.3 	 300 	 227 	 196 	 4266 	-6.5 
 4.65 	 .46 	 124.2 	 25.66 	 36 	 6.399 	 197.5 	 300 	 227 	 195 	 4267 	-7 
 4.85 	 .48 	 124.3 	 25.31 	 34 	 6.391 	 197.7 	 300 	 226 	 196 	 4268 	-6.9 
 5.05 	 .5 	 124.3 	 23.7 	 33 	 6.345 	 197.2 	 300 	 227 	 196 	 4270 	-6.6 
 5.25 	 .52 	 124.3 	 23.22 	 32 	 6.327 	 197.1 	 300 	 227 	 195 	 4266 	-6.5 
 5.45 	 .54 	 124.3 	 22.46 	 31 	 6.277 	 197.1 	 300 	 226 	 196 	 4268 	-6.4 
 5.66 	 .56 	 124.2 	 21.64 	 29 	 6.265 	 197.2 	 300 	 227 	 196 	 4268 	-7.3 
 5.86 	 .58 	 124.2 	 20.33 	 27 	 6.179 	 196.7 	 300 	 227 	 196 	 4265 	-6.4 
 6.06 	 .6 	 124.1 	 19.47 	 26 	 6.16 	 197.3 	 299 	 227 	 195 	 4265 	-6.5 
 6.26 	 .62 	 124 	 18.82 	 26 	 6.115 	 197.5 	 300 	 227 	 196 	 4267 	-6.6 
 6.46 	 .64 	 124 	 17.7 	 25 	 6.022 	 197.5 	 300 	 227 	 196 	 4267 	-6.8 
 6.67 	 .66 	 124.1 	 16.97 	 23 	 5.986 	 197.5 	 300 	 228 	 196 	 4273 	-7.5 
 6.87 	 .68 	 123.9 	 16.62 	 23 	 5.973 	 197.3 	 299 	 228 	 196 	 4270 	-7 
 7.07 	 .7 	 123.8 	 16.35 	 22 	 5.902 	 197.2 	 300 	 228 	 197 	 4266 	-6.8 
 7.27 	 .72 	 123.8 	 15.38 	 21 	 5.821 	 197.4 	 299 	 228 	 197 	 4268 	-6.5 
 7.47 	 .74 	 123.8 	 15.04 	 21 	 5.791 	 197.2 	 299 	 229 	 197 	 4269 	-6.8 
 7.68 	 .76 	 123.7 	 14.74 	 20 	 5.753 	 197.5 	 299 	 229 	 197 	 4267 	-6.6 
 7.88 	 .78 	 123.7 	 14.45 	 21 	 5.713 	 197.3 	 299 	 230 	 197 	 4268 	-6.5 
 8.08 	 .8 	 123.7 	 14.37 	 20 	 5.685 	 197.2 	 299 	 229 	 198 	 4267 	-6.8 
 8.28 	 .82 	 123.6 	 14.32 	 20 	 5.692 	 197.1 	 299 	 229 	 197 	 4266 	-6.6 
 8.48 	 .84 	 123.7 	 14.33 	 20 	 5.675 	 197.5 	 299 	 230 	 197 	 4267 	-7 
 8.69 	 .86 	 123.6 	 14.29 	 21 	 5.665 	 197.1 	 299 	 230 	 198 	 4270 	-6.9 
 8.89 	 .88 	 123.8 	 14.13 	 21 	 5.675 	 197.6 	 298 	 230 	 198 	 4267 	-7.1 
 9.09 	 .9 	 123.6 	 14.31 	 21 	 5.674 	 197.4 	 299 	 229 	 198 	 4268 	-6.4 
 9.29 	 .92 	 123.7 	 14.49 	 21 	 5.666 	 197.3 	 299 	 229 	 197 	 4270 	-7.1 
 9.49 	 .94 	 123.8 	 15.11 	 22 	 5.675 	 197.4 	 299 	 230 	 198 	 4266 	-6.4 
 9.7 	 .96 	 123.7 	 15.26 	 23 	 5.686 	 197.2 	 299 	 229 	 198 	 4266 	-6.4 
 9.9 	 .99 	 123.8 	 16.55 	 24 	 5.749 	 197.6 	 299 	 230 	 197 	 4267 	-6.9 
 10.1 	 1.01 	 123.8 	 16.9 	 25 	 5.787 	 197.2 	 299 	 230 	 198 	 4268 	-6.5 
 10.3 	 1.03 	 123.9 	 17.73 	 26 	 5.835 	 197.2 	 299 	 230 	 198 	 4266 	-6.6 
 10.5 	 1.05 	 123.9 	 18.38 	 28 	 5.871 	 197.4 	 298 	 231 	 198 	 4268 	-7.1 
 10.71 	 1.07 	 123.9 	 20.05 	 29 	 5.973 	 197.5 	 299 	 230 	 198 	 4267 	-6.8 
 10.91 	 1.09 	 124 	 20.71 	 31 	 6.043 	 197.2 	 299 	 230 	 198 	 4268 	-6.6 
 11.11 	 1.11 	 124 	 21.54 	 32 	 6.085 	 197.3 	 299 	 230 	 197 	 4268 	-6.9 
 11.31 	 1.13 	 124.1 	 23.28 	 33 	 6.193 	 197.4 	 300 	 229 	 198 	 4268 	-6.5 
 11.51 	 1.15 	 124.1 	 23.89 	 35 	 6.228 	 197.1 	 299 	 229 	 197 	 4266 	-6.8 
 11.72 	 1.17 	 124.2 	 24.57 	 36 	 6.281 	 197.4 	 300 	 228 	 197 	 4268 	-6.8 
 11.92 	 1.19 	 124.2 	 25.6 	 37 	 6.36 	 197.5 	 300 	 228 	 196 	 4267 	-7.1 
 12.12 	 1.21 	 124.3 	 25.87 	 37 	 6.394 	 197.2 	 299 	 228 	 196 	 4266 	-6.5 
 12.32 	 1.23 	 124.4 	 26.48 	 37 	 6.427 	 197.6 	 300 	 227 	 196 	 4267 	-6.9 
 12.52 	 1.25 	 124.4 	 26.6 	 39 	 6.447 	 197.2 	 300 	 227 	 196 	 4270 	-6.9 
 12.73 	 1.27 	 124.3 	 27.06 	 39 	 6.49 	 197.5 	 300 	 227 	 196 	 4268 	-6.4 
 12.93 	 1.29 	 124.5 	 27.32 	 39 	 6.52 	 197.6 	 300 	 227 	 195 	 4266 	-6.8 
 13.13 	 1.31 	 124.4 	 27.34 	 39 	 6.533 	 197.2 	 300 	 227 	 195 	 4266 	-7 
 13.33 	 1.33 	 124.4 	 27.21 	 39 	 6.55 	 197.4 	 300 	 227 	 196 	 4266 	-6.9 
 13.53 	 1.35 	 124.4 	 27.13 	 38 	 6.569 	 197.2 	 300 	 227 	 195 	 4268 	-6.8 
 13.74 	 1.37 	 124.5 	 27.24 	 38 	 6.583 	 197.2 	 300 	 227 	 195 	 4267 	-6.8 
 13.94 	 1.39 	 124.5 	 27.05 	 38 	 6.578 	 197.3 	 300 	 227 	 195 	 4266 	-6.8 
 14.14 	 1.41 	 124.4 	 26.86 	 38 	 6.576 	 197.3 	 300 	 227 	 195 	 4266 	-6.1 
 14.34 	 1.43 	 124.4 	 26.72 	 37 	 6.564 	 197.3 	 300 	 227 	 196 	 4267 	-6.4 
 14.54 	 1.45 	 124.3 	 26.45 	 37 	 6.575 	 197.2 	 300 	 227 	 195 	 4267 	-6.5 
 14.75 	 1.47 	 124.4 	 25.53 	 36 	 6.552 	 197.2 	 300 	 227 	 195 	 4266 	-6.3 
 14.95 	 1.49 	 124.5 	 24.95 	 34 	 6.541 	 197 	 300 	 227 	 196 	 4267 	-7 
 15.15 	 1.51 	 124.4 	 24.17 	 33 	 6.514 	 197.3 	 300 	 227 	 195 	 4266 	-6.8 
 15.35 	 1.53 	 124.4 	 22.54 	 32 	 6.461 	 197.1 	 300 	 227 	 195 	 4266 	-6.5 
 15.55 	 1.55 	 124.3 	 21.72 	 30 	 6.433 	 197.3 	 300 	 227 	 196 	 4268 	-6.3 
 15.76 	 1.57 	 124.4 	 21.05 	 29 	 6.399 	 197.3 	 299 	 226 	 196 	 4265 	-7.1 
 15.96 	 1.59 	 124.3 	 20.36 	 27 	 6.369 	 197.2 	 300 	 227 	 195 	 4270 	-6.4 
 16.16 	 1.61 	 124.3 	 19.19 	 26 	 6.289 	 197.2 	 299 	 227 	 196 	 4266 	-6.9 
 16.36 	 1.63 	 124.3 	 18.42 	 25 	 6.248 	 197.3 	 300 	 228 	 195 	 4266 	-6.5 
 16.56 	 1.65 	 124.3 	 17.78 	 24 	 6.202 	 197.1 	 299 	 227 	 196 	 4268 	-6.5 
 16.77 	 1.67 	 124.1 	 16.78 	 23 	 6.127 	 197.1 	 299 	 228 	 196 	 4267 	-6.8 
 16.97 	 1.69 	 124.1 	 16.33 	 22 	 6.076 	 197.4 	 299 	 228 	 196 	 4268 	-6.9 
 17.17 	 1.71 	 124 	 15.92 	 22 	 6.033 	 197.2 	 299 	 228 	 196 	 4266 	-6.8 
 17.37 	 1.73 	 124.1 	 15.51 	 22 	 5.991 	 197.3 	 299 	 228 	 196 	 4268 	-6.8 
 17.57 	 1.75 	 123.9 	 14.92 	 20 	 5.919 	 197.4 	 299 	 229 	 197 	 4265 	-6.9 
 17.78 	 1.77 	 123.9 	 14.62 	 21 	 5.884 	 197.4 	 299 	 229 	 197 	 4268 	-6.4 
 17.98 	 1.79 	 123.8 	 14.43 	 20 	 5.868 	 197.8 	 299 	 229 	 197 	 4268 	-6.8 
 18.18 	 1.81 	 123.8 	 14.34 	 20 	 5.846 	 197.7 	 299 	 229 	 198 	 4269 	-6.8 
 18.38 	 1.83 	 123.9 	 14.25 	 20 	 5.836 	 197.1 	 299 	 229 	 198 	 4267 	-6.5 
 18.58 	 1.85 	 123.9 	 14.28 	 20 	 5.839 	 197.2 	 298 	 229 	 197 	 4265 	-6.9 
 18.79 	 1.87 	 123.9 	 14.41 	 20 	 5.827 	 197.4 	 299 	 229 	 198 	 4269 	-6.5 
 18.99 	 1.89 	 123.8 	 14.35 	 20 	 5.844 	 197.6 	 299 	 229 	 197 	 4265 	-6.4 
 19.19 	 1.91 	 123.9 	 14.36 	 21 	 5.836 	 197.6 	 299 	 230 	 198 	 4268 	-6.3 
 19.39 	 1.93 	 123.8 	 14.63 	 22 	 5.835 	 197.2 	 299 	 230 	 197 	 4266 	-6.8 
 19.59 	 1.95 	 123.8 	 15.4 	 22 	 5.843 	 197.3 	 298 	 229 	 198 	 4270 	-6.9 
 19.8 	 1.98 	 123.9 	 15.8 	 23 	 5.869 	 197.2 	 299 	 230 	 197 	 4269 	-7.1 
 20 	 2 	 123.9 	 16.54 	 25 	 5.897 	 196.7 	 299 	 230 	 198 	 4269 	-6.5 
 20.2 	 2.02 	 124 	 17.77 	 25 	 5.973 	 197.2 	 299 	 231 	 199 	 4268 	-7.3 
 20.4 	 2.04 	 124 	 18.47 	 27 	 6.024 	 197.3 	 299 	 230 	 198 	 4266 	-6.5 
 20.6 	 2.06 	 124.1 	 19.13 	 29 	 6.084 	 197.3 	 299 	 231 	 198 	 4267 	-6.9 
 20.81 	 2.08 	 124.2 	 20.04 	 30 	 6.149 	 197.2 	 299 	 230 	 198 	 4267 	-6.8 
 21.01 	 2.1 	 124.2 	 21.52 	 31 	 6.249 	 197.3 	 300 	 230 	 198 	 4267 	-7 
 21.21 	 2.12 	 124.3 	 22.21 	 33 	 6.299 	 197.5 	 299 	 230 	 198 	 4266 	-6.8 
 21.41 	 2.14 	 124.2 	 23.24 	 34 	 6.359 	 197.2 	 299 	 229 	 197 	 4267 	-6.8 
 21.61 	 2.16 	 124.3 	 24.58 	 35 	 6.442 	 197.6 	 300 	 229 	 197 	 4266 	-6.6 
 21.82 	 2.18 	 124.4 	 25.08 	 36 	 6.473 	 197.4 	 299 	 228 	 197 	 4270 	-6.5 
 22.02 	 2.2 	 124.4 	 25.62 	 36 	 6.534 	 197 	 300 	 229 	 197 	 4268 	-6.8 
 22.22 	 2.22 	 124.5 	 26.17 	 38 	 6.553 	 197.3 	 300 	 228 	 196 	 4266 	-6.9 
 22.42 	 2.24 	 124.5 	 26.73 	 38 	 6.628 	 197.4 	 300 	 228 	 196 	 4267 	-7 
 22.62 	 2.26 	 124.6 	 26.98 	 38 	 6.651 	 197.2 	 300 	 227 	 196 	 4269 	-6.4 
 22.83 	 2.28 	 124.5 	 27.32 	 39 	 6.669 	 197.5 	 300 	 227 	 196 	 4268 	-6.8 
 23.03 	 2.3 	 124.5 	 27.53 	 39 	 6.709 	 197.3 	 300 	 227 	 195 	 4268 	-6.9 
 23.23 	 2.32 	 124.6 	 27.35 	 39 	 6.72 	 197.2 	 300 	 227 	 195 	 4269 	-6.5 
 23.43 	 2.34 	 124.6 	 27.41 	 39 	 6.731 	 197.2 	 301 	 227 	 195 	 4266 	-6.8 
 23.63 	 2.36 	 124.7 	 27.26 	 38 	 6.74 	 197.2 	 301 	 227 	 195 	 4266 	-7 
 23.84 	 2.38 	 124.6 	 27.18 	 38 	 6.731 	 197.1 	 300 	 227 	 196 	 4267 	-6.8 
 24.04 	 2.4 	 124.7 	 26.91 	 39 	 6.738 	 197.3 	 300 	 227 	 195 	 4267 	-6.6 
 24.24 	 2.42 	 124.6 	 26.89 	 38 	 6.744 	 197.2 	 300 	 227 	 195 	 4267 	-6.6 
 24.44 	 2.44 	 124.6 	 26.57 	 37 	 6.73 	 197.3 	 300 	 227 	 196 	 4268 	-6.5 
 24.64 	 2.46 	 124.6 	 25.8 	 37 	 6.729 	 197.4 	 300 	 227 	 195 	 4267 	-6.6 
 24.85 	 2.48 	 124.6 	 25.35 	 35 	 6.716 	 197.4 	 300 	 227 	 194 	 4268 	-7.1 
 25.05 	 2.5 	 124.6 	 24.26 	 34 	 6.695 	 197.3 	 300 	 227 	 195 	 4267 	-6.5 
 25.25 	 2.52 	 124.6 	 23.37 	 31 	 6.65 	 197.3 	 299 	 227 	 195 	 4266 	-6.4 
 25.45 	 2.54 	 124.5 	 22.63 	 31 	 6.609 	 197.4 	 301 	 227 	 195 	 4264 	-6.8 
 25.65 	 2.56 	 124.4 	 21.81 	 29 	 6.57 	 197.3 	 300 	 226 	 195 	 4268 	-6.9 
 25.86 	 2.58 	 124.4 	 20.4 	 28 	 6.518 	 197.5 	 300 	 226 	 196 	 4267 	-7 
 26.06 	 2.6 	 124.5 	 19.79 	 26 	 6.473 	 197.6 	 300 	 227 	 196 	 4268 	-6.9 
 26.26 	 2.62 	 124.4 	 19.08 	 25 	 6.441 	 197.6 	 300 	 228 	 196 	 4269 	-6.6 
 26.46 	 2.64 	 124.4 	 17.96 	 24 	 6.345 	 197.5 	 300 	 227 	 196 	 4267 	-6.6 
 26.66 	 2.66 	 124.3 	 17.39 	 24 	 6.309 	 197.3 	 299 	 228 	 196 	 4267 	-6.8 
 26.87 	 2.68 	 124.3 	 16.66 	 23 	 6.262 	 197.2 	 299 	 227 	 197 	 4266 	-6.9 
 27.07 	 2.7 	 124.3 	 16 	 22 	 6.186 	 197.6 	 299 	 228 	 197 	 4267 	-6.5 
 27.27 	 2.72 	 124.1 	 15.49 	 21 	 6.154 	 197.4 	 299 	 228 	 197 	 4266 	-6.6 
 27.47 	 2.74 	 124 	 15.21 	 21 	 6.105 	 197.1 	 298 	 229 	 196 	 4269 	-6.5 
 27.67 	 2.76 	 124.1 	 14.82 	 21 	 6.093 	 197.8 	 299 	 229 	 197 	 4268 	-6.9 
 27.88 	 2.78 	 124.1 	 14.55 	 21 	 6.025 	 197.4 	 299 	 229 	 197 	 4267 	-6.8 
 28.08 	 2.8 	 124 	 14.51 	 20 	 6.012 	 196.7 	 299 	 229 	 197 	 4267 	-6.8 
 28.28 	 2.82 	 124.1 	 14.36 	 20 	 6.01 	 197.1 	 299 	 229 	 197 	 4268 	-6.9 
 28.48 	 2.84 	 124.1 	 14.27 	 21 	 5.978 	 197.5 	 299 	 229 	 197 	 4269 	-6.9 
 28.68 	 2.86 	 124 	 14.39 	 20 	 5.984 	 197.3 	 299 	 230 	 198 	 4267 	-6.4 
 28.89 	 2.88 	 124 	 14.24 	 20 	 5.982 	 197.3 	 299 	 230 	 198 	 4268 	-6.5 
 29.09 	 2.9 	 124 	 14.37 	 20 	 5.988 	 197.3 	 299 	 228 	 197 	 4269 	-6.5 
 29.29 	 2.92 	 124 	 14.71 	 21 	 5.98 	 197.1 	 299 	 229 	 198 	 4269 	-7.1 
 29.49 	 2.94 	 124.1 	 15.02 	 22 	 5.992 	 197.2 	 299 	 230 	 198 	 4270 	-6.8 
 29.69 	 2.97 	 124 	 15.45 	 23 	 6.007 	 197.2 	 299 	 229 	 198 	 4269 	-6.8 
 29.9 	 2.99 	 124.1 	 16.49 	 24 	 6.056 	 197.3 	 299 	 230 	 198 	 4267 	-6.8 
 30.1 	 3.01 	 124.1 	 16.96 	 25 	 6.101 	 196.7 	 299 	 230 	 199 	 4267 	-6.4 
 30.3 	 3.03 	 124.2 	 17.71 	 26 	 6.153 	 197.3 	 299 	 231 	 198 	 4267 	-6.6 
 30.5 	 3.05 	 124.2 	 18.37 	 27 	 6.193 	 197.5 	 299 	 230 	 198 	 4268 	-6.9 
 30.7 	 3.07 	 124.2 	 20.12 	 29 	 6.286 	 197.4 	 299 	 230 	 198 	 4268 	-6.6 
 30.91 	 3.09 	 124.3 	 20.78 	 31 	 6.336 	 197.3 	 299 	 230 	 198 	 4266 	-6.9 
 31.11 	 3.11 	 124.4 	 21.51 	 32 	 6.397 	 197.3 	 299 	 230 	 198 	 4267 	-6.9 
 31.31 	 3.13 	 124.6 	 23.13 	 34 	 6.502 	 197.4 	 299 	 229 	 198 	 4267 	-6.6 
 31.51 	 3.15 	 124.5 	 23.88 	 35 	 6.548 	 197.1 	 300 	 229 	 197 	 4265 	-6.6 
 31.71 	 3.17 	 124.7 	 24.43 	 36 	 6.604 	 197.3 	 299 	 229 	 197 	 4267 	-7 
 31.92 	 3.19 	 124.6 	 25.72 	 36 	 6.676 	 197.3 	 300 	 228 	 197 	 4266 	-7 
 32.12 	 3.21 	 124.7 	 26.19 	 37 	 6.706 	 197.6 	 300 	 229 	 197 	 4269 	-6.9 
 32.32 	 3.23 	 124.6 	 26.49 	 38 	 6.754 	 197.3 	 300 	 228 	 197 	 4268 	-6.8 
 32.52 	 3.25 	 124.7 	 26.96 	 38 	 6.77 	 197.2 	 300 	 228 	 196 	 4268 	-6.6 
 32.72 	 3.27 	 124.7 	 27.16 	 39 	 6.814 	 197.3 	 301 	 227 	 196 	 4267 	-6.8 
 32.93 	 3.29 	 124.7 	 27.26 	 39 	 6.849 	 197.1 	 300 	 227 	 196 	 4267 	-6.9 
 33.13 	 3.31 	 124.8 	 27.27 	 39 	 6.856 	 197.5 	 300 	 227 	 195 	 4267 	-7 
 33.33 	 3.33 	 124.8 	 27.34 	 38 	 6.887 	 197.4 	 300 	 227 	 195 	 4267 	-6.8 
 33.53 	 3.35 	 124.8 	 27.22 	 39 	 6.88 	 197.1 	 300 	 227 	 195 	 4267 	-6.9 
 33.73 	 3.37 	 124.8 	 27.03 	 38 	 6.881 	 197.3 	 300 	 227 	 195 	 4267 	-6.5 
 33.94 	 3.39 	 124.8 	 27.15 	 38 	 6.884 	 197.5 	 301 	 227 	 196 	 4265 	-6.5 
 34.14 	 3.41 	 124.9 	 27.02 	 38 	 6.877 	 197.3 	 300 	 227 	 196 	 4270 	-7.3 
 34.34 	 3.43 	 124.8 	 26.67 	 37 	 6.889 	 197.7 	 301 	 226 	 195 	 4263 	-6.9 
 34.54 	 3.45 	 124.8 	 26.48 	 36 	 6.9 	 197.6 	 300 	 227 	 195 	 4269 	-6.9 
 34.74 	 3.47 	 124.8 	 25.6 	 36 	 6.861 	 197.3 	 300 	 227 	 195 	 4267 	-6.8 
 34.95 	 3.49 	 124.7 	 24.82 	 35 	 6.849 	 197.2 	 301 	 227 	 195 	 4266 	-6.9 
 35.15 	 3.51 	 124.7 	 24.16 	 32 	 6.833 	 197.3 	 300 	 227 	 195 	 4268 	-6.5 
 35.35 	 3.53 	 124.7 	 22.59 	 32 	 6.779 	 197.3 	 301 	 227 	 195 	 4267 	-6.6 
 35.55 	 3.55 	 124.6 	 21.93 	 31 	 6.743 	 197.4 	 300 	 227 	 195 	 4268 	-6.3 
 35.75 	 3.57 	 124.5 	 21.15 	 28 	 6.711 	 197.6 	 300 	 227 	 196 	 4269 	-6.9 
 35.96 	 3.59 	 124.7 	 20.36 	 28 	 6.673 	 197.4 	 300 	 227 	 196 	 4269 	-6.6 
 36.16 	 3.61 	 124.6 	 19.02 	 26 	 6.6 	 197.5 	 299 	 228 	 196 	 4268 	-7 
 36.36 	 3.63 	 124.5 	 18.25 	 25 	 6.555 	 197.3 	 300 	 227 	 196 	 4268 	-7 
 36.56 	 3.65 	 124.5 	 17.91 	 24 	 6.516 	 197.3 	 299 	 228 	 196 	 4264 	-6.6 
 36.76 	 3.67 	 124.4 	 16.67 	 23 	 6.43 	 197.2 	 300 	 228 	 197 	 4269 	-6.9 
 36.97 	 3.69 	 124.5 	 16.29 	 22 	 6.398 	 197.4 	 300 	 228 	 196 	 4270 	-7 
 37.17 	 3.71 	 124.3 	 15.87 	 22 	 6.36 	 197.4 	 299 	 228 	 197 	 4267 	-6.4 
 37.37 	 3.73 	 124.4 	 15.5 	 22 	 6.313 	 197.3 	 299 	 228 	 196 	 4268 	-6.9 
 37.57 	 3.75 	 124.2 	 14.83 	 21 	 6.265 	 197.5 	 300 	 229 	 197 	 4267 	-6.6 
 37.77 	 3.77 	 124.2 	 14.7 	 21 	 6.212 	 197.3 	 299 	 229 	 197 	 4268 	-6.1 
 37.98 	 3.79 	 124.3 	 14.56 	 21 	 6.197 	 197.6 	 299 	 229 	 197 	 4266 	-6.8 
 38.18 	 3.81 	 124.1 	 14.37 	 20 	 6.165 	 197.8 	 299 	 229 	 197 	 4268 	-6.8 
 38.38 	 3.83 	 124.3 	 14.5 	 20 	 6.156 	 197.3 	 299 	 230 	 198 	 4265 	-7 
 38.58 	 3.85 	 124.1 	 14.36 	 20 	 6.142 	 197.3 	 299 	 230 	 198 	 4270 	-6.4 
 38.78 	 3.87 	 124.2 	 14.31 	 21 	 6.133 	 197.1 	 298 	 229 	 198 	 4268 	-6.6 
 38.99 	 3.89 	 124.2 	 14.45 	 20 	 6.143 	 197.1 	 299 	 230 	 198 	 4270 	-6.8 
 39.19 	 3.91 	 124.2 	 14.36 	 21 	 6.153 	 197.6 	 298 	 230 	 198 	 4269 	-6.8 
 39.39 	 3.93 	 124.1 	 14.69 	 22 	 6.144 	 197.2 	 299 	 230 	 198 	 4268 	-7 
 39.59 	 3.96 	 124.1 	 15.4 	 22 	 6.164 	 197.2 	 299 	 230 	 198 	 4267 	-6.9 
 39.79 	 3.98 	 124.3 	 15.84 	 23 	 6.19 	 197.5 	 299 	 230 	 198 	 4268 	-6.6 
 40 	 4 	 124.3 	 16.47 	 24 	 6.222 	 197.4 	 298 	 230 	 198 	 4270 	-6.8 
 40.2 	 4.02 	 124.4 	 17.67 	 26 	 6.298 	 197.2 	 298 	 231 	 198 	 4270 	-7.3 
 40.4 	 4.04 	 124.4 	 18.46 	 26 	 6.333 	 197.3 	 299 	 230 	 198 	 4269 	-6.9 
 40.6 	 4.06 	 124.4 	 19.32 	 29 	 6.397 	 197.5 	 299 	 231 	 198 	 4270 	-6.9 
 40.8 	 4.08 	 124.4 	 19.89 	 30 	 6.448 	 197.3 	 299 	 230 	 199 	 4267 	-6.5 
 41.01 	 4.1 	 124.4 	 21.57 	 32 	 6.55 	 197.3 	 299 	 230 	 198 	 4266 	-6.9 
 41.21 	 4.12 	 124.6 	 22.32 	 32 	 6.596 	 197.4 	 299 	 230 	 198 	 4265 	-6.9 
 41.41 	 4.14 	 124.5 	 23.21 	 34 	 6.646 	 197.5 	 299 	 230 	 198 	 4269 	-7.3 
 41.61 	 4.16 	 124.6 	 24.62 	 35 	 6.744 	 197.4 	 300 	 228 	 198 	 4269 	-6.6 
 41.81 	 4.18 	 124.6 	 25.12 	 36 	 6.794 	 197.9 	 300 	 228 	 197 	 4267 	-7 
 42.02 	 4.2 	 124.7 	 25.68 	 37 	 6.832 	 197.2 	 300 	 228 	 197 	 4267 	-7.4 
 42.22 	 4.22 	 124.8 	 26.01 	 38 	 6.866 	 197.5 	 300 	 228 	 197 	 4267 	-6.8 
 42.42 	 4.24 	 124.8 	 26.81 	 38 	 6.932 	 197.5 	 300 	 228 	 196 	 4267 	-6.6 
 42.62 	 4.26 	 124.9 	 27.01 	 39 	 6.959 	 197.3 	 300 	 228 	 196 	 4268 	-6.9 
 42.82 	 4.28 	 124.9 	 27.27 	 39 	 6.965 	 197.5 	 300 	 228 	 196 	 4270 	-6.8 
 43.03 	 4.3 	 124.9 	 27.42 	 38 	 6.989 	 197.4 	 300 	 227 	 196 	 4268 	-6.6 
 43.23 	 4.32 	 124.9 	 27.4 	 39 	 7.011 	 197.1 	 300 	 227 	 196 	 4267 	-6.6 
 43.43 	 4.34 	 125 	 27.33 	 38 	 7.014 	 197.3 	 300 	 227 	 196 	 4267 	-6.8 
 43.63 	 4.36 	 125 	 27.27 	 39 	 7.019 	 197.5 	 300 	 227 	 196 	 4264 	-6.8 
 43.83 	 4.38 	 124.8 	 27.12 	 38 	 7.032 	 197 	 300 	 227 	 196 	 4269 	-6.8 
 44.04 	 4.4 	 124.9 	 26.98 	 38 	 7.029 	 197.3 	 300 	 227 	 196 	 4268 	-6.8 
 44.24 	 4.42 	 124.9 	 27.14 	 38 	 7.016 	 197.4 	 300 	 228 	 196 	 4266 	-7.1 
 44.44 	 4.44 	 124.9 	 26.35 	 37 	 7.029 	 197.1 	 299 	 227 	 195 	 4265 	-6.6 
 44.64 	 4.46 	 124.9 	 26.05 	 36 	 7.029 	 197.3 	 300 	 227 	 195 	 4265 	-6.8 
 44.84 	 4.48 	 124.9 	 25.41 	 35 	 7.007 	 197.6 	 300 	 228 	 196 	 4267 	-6.8 
 45.05 	 4.5 	 124.9 	 24.02 	 33 	 6.982 	 197.3 	 300 	 228 	 196 	 4269 	-6.9 
 45.25 	 4.52 	 124.9 	 23.31 	 32 	 6.954 	 197.5 	 300 	 227 	 195 	 4268 	-7 
 45.45 	 4.54 	 124.8 	 22.64 	 31 	 6.913 	 197.4 	 299 	 228 	 195 	 4266 	-6.5 
 45.65 	 4.56 	 124.8 	 21.76 	 29 	 6.881 	 197.1 	 299 	 227 	 195 	 4267 	-6.9 
 45.85 	 4.58 	 124.8 	 20.37 	 28 	 6.823 	 197.2 	 300 	 227 	 196 	 4267 	-6.6 
 46.06 	 4.6 	 124.7 	 19.68 	 27 	 6.772 	 197.6 	 300 	 227 	 196 	 4267 	-6.8 
 46.26 	 4.62 	 124.8 	 18.89 	 26 	 6.73 	 197.1 	 300 	 228 	 196 	 4267 	-6.9 
 46.46 	 4.64 	 124.7 	 17.96 	 25 	 6.625 	 197.3 	 299 	 228 	 195 	 4268 	-6.5 
 46.66 	 4.66 	 124.4 	 17.32 	 24 	 6.572 	 197.5 	 299 	 228 	 196 	 4269 	-6.9 
 46.86 	 4.68 	 124.5 	 16.84 	 23 	 6.527 	 197.2 	 300 	 228 	 196 	 4266 	-6.8 
 47.07 	 4.7 	 124.5 	 15.85 	 22 	 6.467 	 197.2 	 299 	 229 	 197 	 4269 	-6.9 
 47.27 	 4.72 	 124.4 	 15.5 	 21 	 6.409 	 197.5 	 299 	 228 	 197 	 4269 	-6.9 
 47.47 	 4.74 	 124.4 	 15.04 	 21 	 6.39 	 196.8 	 299 	 229 	 197 	 4270 	-6.9 
 47.67 	 4.76 	 124.4 	 14.87 	 21 	 6.349 	 197.3 	 299 	 229 	 197 	 4269 	-7 
 47.87 	 4.78 	 124.4 	 14.52 	 20 	 6.311 	 197 	 299 	 229 	 198 	 4266 	-6.5 
 48.08 	 4.8 	 124.2 	 14.28 	 21 	 6.291 	 197.3 	 299 	 230 	 198 	 4267 	-7 
 48.28 	 4.82 	 124.3 	 14.38 	 20 	 6.282 	 197.3 	 299 	 229 	 198 	 4268 	-6.5 
 48.48 	 4.84 	 124.3 	 14.23 	 20 	 6.261 	 197.6 	 299 	 230 	 198 	 4268 	-7.1 
 48.68 	 4.86 	 124.3 	 14.31 	 21 	 6.27 	 197.3 	 299 	 230 	 198 	 4269 	-7 
 48.88 	 4.88 	 124.3 	 14.26 	 20 	 6.271 	 197.3 	 298 	 230 	 198 	 4268 	-6.5 
 49.09 	 4.9 	 124.3 	 14.6 	 21 	 6.261 	 197.4 	 299 	 230 	 198 	 4268 	-6.8 
 49.29 	 4.92 	 124.3 	 14.7 	 21 	 6.267 	 197.5 	 299 	 230 	 198 	 4269 	-7 
 49.49 	 4.95 	 124.3 	 15.15 	 21 	 6.265 	 197.3 	 299 	 230 	 198 	 4267 	-6.6 
 49.69 	 4.97 	 124.2 	 15.23 	 23 	 6.27 	 197.1 	 299 	 230 	 198 	 4269 	-6.9 
 49.89 	 4.99 	 124.4 	 16.35 	 24 	 6.327 	 197.3 	 299 	 231 	 199 	 4267 	-6.5 
 50.1 	 5.01 	 124.4 	 16.95 	 25 	 6.371 	 197.3 	 299 	 231 	 199 	 4267 	-6.8 
 50.3 	 5.03 	 124.4 	 17.71 	 27 	 6.414 	 197.7 	 299 	 231 	 199 	 4266 	-7 
 50.5 	 5.05 	 124.5 	 18.27 	 27 	 6.469 	 197.4 	 299 	 231 	 199 	 4267 	-6.8 
 50.7 	 5.07 	 124.6 	 19.91 	 30 	 6.575 	 197 	 299 	 231 	 199 	 4267 	-7.1 
 50.9 	 5.09 	 124.6 	 20.7 	 30 	 6.632 	 197.6 	 299 	 231 	 198 	 4266 	-7 
 51.11 	 5.11 	 124.6 	 21.5 	 32 	 6.684 	 197.3 	 299 	 230 	 198 	 4267 	-6.9 
 51.31 	 5.13 	 124.8 	 22.98 	 35 	 6.792 	 197.7 	 300 	 229 	 198 	 4268 	-7 
 51.51 	 5.15 	 124.8 	 23.8 	 35 	 6.842 	 197.4 	 300 	 229 	 197 	 4266 	-7.1 
 51.71 	 5.17 	 124.8 	 24.59 	 36 	 6.88 	 197.5 	 299 	 229 	 197 	 4268 	-6.8 
 51.91 	 5.19 	 124.8 	 25.71 	 37 	 6.974 	 197.3 	 299 	 228 	 197 	 4267 	-7.4 
 52.12 	 5.21 	 125 	 26.15 	 38 	 7.004 	 197 	 300 	 228 	 196 	 4268 	-6.9 
 52.32 	 5.23 	 124.9 	 26.47 	 38 	 7.038 	 197.4 	 300 	 228 	 197 	 4266 	-6.8 
 52.52 	 5.25 	 125.1 	 26.92 	 38 	 7.065 	 197.3 	 300 	 229 	 197 	 4267 	-7.1 
 52.72 	 5.27 	 125 	 27.3 	 39 	 7.097 	 197.4 	 300 	 228 	 197 	 4269 	-6.8 
 52.92 	 5.29 	 125 	 27.27 	 39 	 7.115 	 197.3 	 300 	 228 	 196 	 4267 	-7.1 
 53.13 	 5.31 	 124.9 	 27.3 	 38 	 7.125 	 197.6 	 300 	 228 	 196 	 4266 	-7.3 
 53.33 	 5.33 	 125 	 27.45 	 39 	 7.151 	 197.2 	 301 	 228 	 195 	 4268 	-6.9 
 53.53 	 5.35 	 125.1 	 27.3 	 38 	 7.154 	 197.2 	 300 	 227 	 196 	 4268 	-7.3 
 53.73 	 5.37 	 125 	 27.22 	 39 	 7.166 	 197.2 	 300 	 227 	 196 	 4265 	-7 
 53.93 	 5.39 	 125.1 	 27.13 	 38 	 7.167 	 197.2 	 301 	 227 	 196 	 4268 	-6.9 
 54.14 	 5.41 	 125 	 26.92 	 38 	 7.168 	 197.4 	 300 	 228 	 195 	 4267 	-7.4 
 54.34 	 5.43 	 125 	 26.85 	 37 	 7.156 	 197.3 	 301 	 227 	 196 	 4267 	-8 
 54.54 	 5.45 	 125.1 	 26.52 	 36 	 7.17 	 197.2 	 300 	 228 	 196 	 4266 	-7.1 
 54.74 	 5.47 	 124.9 	 25.41 	 36 	 7.139 	 197.3 	 301 	 227 	 195 	 4269 	-6.9 
 54.94 	 5.49 	 125.1 	 24.84 	 34 	 7.136 	 197.4 	 300 	 227 	 195 	 4268 	-6.8 
 55.15 	 5.51 	 125 	 23.98 	 33 	 7.115 	 197.6 	 300 	 228 	 195 	 4266 	-7.1 
 55.35 	 5.53 	 125 	 22.62 	 31 	 7.043 	 197.2 	 301 	 228 	 196 	 4268 	-7.3 
 55.55 	 5.55 	 125 	 21.69 	 30 	 7.011 	 197.3 	 300 	 227 	 196 	 4269 	-7 
 55.75 	 5.57 	 124.8 	 21.13 	 28 	 6.951 	 197.2 	 300 	 227 	 196 	 4266 	-7.4 
 55.95 	 5.59 	 124.7 	 20.36 	 27 	 6.897 	 197.3 	 300 	 227 	 196 	 4269 	-7.3 
 56.16 	 5.61 	 124.7 	 19.01 	 26 	 6.803 	 197.4 	 300 	 228 	 196 	 4273 	-7.1 
 56.36 	 5.63 	 124.8 	 18.42 	 25 	 6.774 	 197.5 	 300 	 227 	 196 	 4269 	-6.8 
 56.56 	 5.65 	 124.7 	 17.76 	 24 	 6.732 	 197.5 	 299 	 228 	 197 	 4266 	-7.3 
 56.76 	 5.67 	 124.6 	 16.71 	 23 	 6.624 	 197.3 	 299 	 228 	 197 	 4268 	-7 
 56.96 	 5.69 	 124.7 	 16.23 	 22 	 6.611 	 197.4 	 299 	 228 	 197 	 4270 	-7 
 57.17 	 5.71 	 124.5 	 15.87 	 22 	 6.567 	 197.4 	 299 	 229 	 197 	 4267 	-7.1 
 57.37 	 5.73 	 124.6 	 15.61 	 22 	 6.532 	 197.2 	 299 	 229 	 197 	 4268 	-7.1 
 57.57 	 5.75 	 124.6 	 14.91 	 21 	 6.462 	 197.2 	 299 	 229 	 198 	 4268 	-7 
 57.77 	 5.77 	 124.5 	 14.7 	 21 	 6.437 	 197.3 	 299 	 229 	 198 	 4267 	-7.1 
 57.97 	 5.79 	 124.4 	 14.48 	 21 	 6.407 	 197.7 	 299 	 229 	 198 	 4269 	-7.1 
 58.18 	 5.81 	 124.4 	 14.3 	 20 	 6.381 	 197.5 	 299 	 230 	 198 	 4267 	-7.3 
 58.38 	 5.83 	 124.5 	 14.26 	 20 	 6.373 	 197.4 	 299 	 230 	 198 	 4265 	-7.3 
 58.58 	 5.85 	 124.3 	 14.29 	 21 	 6.371 	 197.5 	 299 	 230 	 198 	 4268 	-7.3 
 58.78 	 5.87 	 124.4 	 14.25 	 20 	 6.358 	 197.1 	 299 	 230 	 198 	 4268 	-7.8 
 58.98 	 5.89 	 124.4 	 14.33 	 20 	 6.369 	 196.8 	 299 	 230 	 198 	 4267 	-7.3 
 59.19 	 5.91 	 124.3 	 14.32 	 21 	 6.369 	 197.5 	 298 	 230 	 198 	 4268 	-6.8 
 59.39 	 5.93 	 124.4 	 14.66 	 21 	 6.354 	 197.3 	 299 	 230 	 198 	 4269 	-7 
 59.59 	 5.96 	 124.4 	 15.4 	 22 	 6.37 	 197.2 	 299 	 230 	 198 	 4269 	-7 
 59.79 	 5.98 	 124.5 	 15.84 	 23 	 6.404 	 197.2 	 298 	 230 	 199 	 4267 	-7.1 
 59.99 	 6 	 124.5 	 16.37 	 24 	 6.442 	 197.3 	 298 	 231 	 199 	 4268 	-7.5 
5 
