时间(S)	振次	轴位移(mm)	力(kN)	应力(kPa)	变形(mm)	侧位移(mm)	围压(kPa)	孔压(kPa)	反压(kPa)	体变(ml)	小体变(ml)
0.00	0.00	 123.2 	 21.11 	 299 	 5.225 	 197.2 	 300 	 228 	 197 	 4266 	-6.6 
 .2 	 .02 	 123.3 	 21.01 	 30 	 5.216 	 197.6 	 300 	 228 	 196 	 4267 	-6.5 
 .4 	 .04 	 123.3 	 21.12 	 30 	 5.228 	 197.4 	 300 	 229 	 197 	 4265 	-6.3 
 .61 	 .06 	 123.2 	 21.31 	 58 	 5.222 	 197.3 	 300 	 229 	 197 	 4267 	-6.8 
 .81 	 .08 	 123.2 	 21.08 	 30 	 5.191 	 197.1 	 299 	 227 	 196 	 4267 	-7 
 1.01 	 .1 	 123.3 	 20.8 	 31 	 5.201 	 197.1 	 300 	 229 	 196 	 4266 	-6.5 
 1.21 	 .12 	 123.3 	 21.96 	 33 	 5.252 	 197.4 	 300 	 229 	 197 	 4266 	-6.8 
 1.41 	 .14 	 123.3 	 23.24 	 33 	 5.34 	 197.1 	 299 	 229 	 197 	 4266 	-6.3 
 1.62 	 .16 	 123.5 	 23.91 	 35 	 5.375 	 197.1 	 300 	 228 	 197 	 4268 	-6.9 
 1.82 	 .18 	 123.4 	 24.37 	 36 	 5.405 	 197.4 	 300 	 228 	 197 	 4266 	-6.9 
 2.02 	 .2 	 123.4 	 25.52 	 36 	 5.468 	 197.3 	 300 	 228 	 196 	 4266 	-6.9 
 2.22 	 .22 	 123.5 	 25.7 	 37 	 5.477 	 197.2 	 300 	 227 	 196 	 4269 	-6.4 
 2.42 	 .24 	 123.4 	 25.82 	 37 	 5.519 	 197.2 	 300 	 228 	 197 	 4265 	-6.4 
 2.63 	 .26 	 123.6 	 26.45 	 38 	 5.559 	 197.4 	 301 	 228 	 196 	 4267 	-6.9 
 2.83 	 .28 	 123.5 	 26.41 	 38 	 5.57 	 197.6 	 301 	 227 	 196 	 4268 	-7 
 3.03 	 .3 	 123.5 	 26.64 	 38 	 5.578 	 197.3 	 300 	 227 	 196 	 4265 	-6.8 
 3.23 	 .32 	 123.6 	 26.68 	 38 	 5.598 	 197.3 	 300 	 227 	 196 	 4265 	-6.9 
 3.43 	 .34 	 123.6 	 26.64 	 37 	 5.62 	 197 	 300 	 227 	 196 	 4267 	-6.5 
 3.64 	 .36 	 123.5 	 26.47 	 38 	 5.63 	 197.3 	 300 	 227 	 195 	 4268 	-7 
 3.84 	 .38 	 123.6 	 26.35 	 38 	 5.621 	 197.2 	 300 	 227 	 195 	 4266 	-6.8 
 4.04 	 .4 	 123.6 	 26.38 	 37 	 5.627 	 197.3 	 301 	 226 	 195 	 4264 	-6.6 
 4.24 	 .42 	 123.6 	 26.19 	 37 	 5.628 	 197.1 	 301 	 227 	 196 	 4266 	-6.4 
 4.44 	 .44 	 123.5 	 26.08 	 37 	 5.631 	 197.4 	 300 	 227 	 196 	 4267 	-6.9 
 4.65 	 .46 	 123.6 	 25.2 	 36 	 5.61 	 197.2 	 300 	 227 	 196 	 4266 	-7 
 4.85 	 .48 	 123.6 	 24.73 	 34 	 5.617 	 197.2 	 300 	 227 	 195 	 4266 	-7 
 5.05 	 .5 	 123.6 	 24.26 	 33 	 5.584 	 197.2 	 301 	 227 	 195 	 4265 	-6.8 
 5.25 	 .52 	 123.6 	 23.51 	 32 	 5.571 	 197.5 	 300 	 227 	 195 	 4268 	-6.9 
 5.45 	 .54 	 123.6 	 22.09 	 30 	 5.523 	 197.2 	 300 	 227 	 195 	 4265 	-7.1 
 5.66 	 .56 	 123.4 	 21.38 	 29 	 5.496 	 197.3 	 300 	 226 	 195 	 4265 	-6.9 
 5.86 	 .58 	 123.6 	 20.82 	 28 	 5.471 	 197.2 	 300 	 227 	 195 	 4266 	-6.9 
 6.06 	 .6 	 123.4 	 19.51 	 27 	 5.402 	 197.6 	 300 	 227 	 195 	 4268 	-6.8 
 6.26 	 .62 	 123.4 	 19.01 	 26 	 5.359 	 197.1 	 300 	 227 	 195 	 4267 	-6.5 
 6.46 	 .64 	 123.5 	 18.4 	 26 	 5.329 	 197.4 	 300 	 227 	 195 	 4269 	-7 
 6.67 	 .66 	 123.4 	 17.89 	 24 	 5.29 	 197.3 	 300 	 227 	 196 	 4266 	-6.8 
 6.87 	 .68 	 123.2 	 17.02 	 24 	 5.226 	 197.3 	 300 	 228 	 196 	 4267 	-6.9 
 7.07 	 .7 	 123.2 	 16.66 	 23 	 5.196 	 197.1 	 300 	 227 	 196 	 4268 	-6.9 
 7.27 	 .72 	 123.2 	 16.15 	 23 	 5.154 	 197 	 300 	 228 	 195 	 4264 	-7 
 7.47 	 .74 	 123.2 	 15.4 	 22 	 5.109 	 197.4 	 299 	 228 	 196 	 4266 	-6.6 
 7.68 	 .76 	 123.1 	 15.29 	 22 	 5.083 	 197.5 	 300 	 228 	 196 	 4263 	-6.1 
 7.88 	 .78 	 123.1 	 15.18 	 21 	 5.054 	 197.5 	 299 	 228 	 196 	 4265 	-6.6 
 8.08 	 .8 	 123.1 	 15.08 	 21 	 5.031 	 197.3 	 299 	 228 	 196 	 4266 	-6.9 
 8.28 	 .82 	 123.2 	 14.98 	 21 	 5.023 	 197.3 	 299 	 228 	 197 	 4269 	-6.8 
 8.48 	 .84 	 123.2 	 14.89 	 21 	 5.025 	 197 	 299 	 228 	 196 	 4268 	-6.8 
 8.69 	 .86 	 123.1 	 15.02 	 21 	 5.004 	 197.4 	 298 	 228 	 196 	 4267 	-6.6 
 8.89 	 .88 	 123.1 	 14.96 	 21 	 5.024 	 197.3 	 300 	 228 	 197 	 4268 	-6.8 
 9.09 	 .9 	 123.1 	 15.12 	 21 	 5.015 	 197.2 	 299 	 229 	 196 	 4266 	-6.3 
 9.29 	 .92 	 123.1 	 15.05 	 22 	 5.025 	 197.4 	 299 	 228 	 197 	 4267 	-6.5 
 9.49 	 .94 	 123 	 15.7 	 23 	 5.014 	 197.5 	 299 	 229 	 197 	 4266 	-6.5 
 9.7 	 .96 	 123.2 	 16.12 	 23 	 5.007 	 197.2 	 299 	 228 	 196 	 4266 	-7 
 9.9 	 .99 	 123.1 	 16.66 	 24 	 5.049 	 197.2 	 299 	 229 	 197 	 4266 	-6.9 
 10.1 	 1.01 	 123.2 	 17.18 	 25 	 5.06 	 197.6 	 300 	 229 	 197 	 4265 	-6.9 
 10.3 	 1.03 	 123.2 	 18.39 	 27 	 5.14 	 197.5 	 299 	 229 	 197 	 4264 	-6.9 
 10.5 	 1.05 	 123.1 	 19.01 	 28 	 5.193 	 197.3 	 299 	 228 	 197 	 4263 	-6.9 
 10.71 	 1.07 	 123.4 	 19.55 	 29 	 5.218 	 197.3 	 299 	 229 	 197 	 4268 	-6.8 
 10.91 	 1.09 	 123.3 	 21.18 	 30 	 5.326 	 197.2 	 300 	 229 	 197 	 4266 	-6.8 
 11.11 	 1.11 	 123.4 	 21.82 	 32 	 5.366 	 197.6 	 299 	 228 	 197 	 4266 	-6.6 
 11.31 	 1.13 	 123.4 	 22.46 	 33 	 5.405 	 197.2 	 299 	 228 	 196 	 4266 	-7 
 11.51 	 1.15 	 123.5 	 23.87 	 34 	 5.493 	 197.3 	 300 	 228 	 197 	 4267 	-6.8 
 11.72 	 1.17 	 123.5 	 24.34 	 35 	 5.52 	 197.2 	 299 	 229 	 197 	 4266 	-6.8 
 11.92 	 1.19 	 123.5 	 24.87 	 36 	 5.548 	 197.3 	 299 	 228 	 195 	 4268 	-6.5 
 12.12 	 1.21 	 123.4 	 25.24 	 37 	 5.587 	 197.6 	 300 	 228 	 196 	 4267 	-6.8 
 12.32 	 1.23 	 123.7 	 25.97 	 37 	 5.639 	 197.2 	 300 	 227 	 195 	 4266 	-6.9 
 12.52 	 1.25 	 123.7 	 26.17 	 37 	 5.662 	 197.3 	 301 	 227 	 196 	 4267 	-6.5 
 12.73 	 1.27 	 123.6 	 26.44 	 37 	 5.682 	 197.1 	 300 	 228 	 196 	 4265 	-6.6 
 12.93 	 1.29 	 123.6 	 26.59 	 37 	 5.722 	 197.5 	 300 	 227 	 196 	 4268 	-6.9 
 13.13 	 1.31 	 123.6 	 26.69 	 37 	 5.735 	 197.6 	 300 	 226 	 195 	 4267 	-6.9 
 13.33 	 1.33 	 123.7 	 26.63 	 38 	 5.756 	 197 	 300 	 227 	 196 	 4265 	-6.8 
 13.53 	 1.35 	 123.6 	 26.58 	 38 	 5.746 	 197.2 	 300 	 227 	 195 	 4269 	-6.9 
 13.74 	 1.37 	 123.8 	 26.46 	 38 	 5.764 	 197 	 300 	 227 	 195 	 4267 	-6.9 
 13.94 	 1.39 	 123.8 	 26.37 	 38 	 5.756 	 197.3 	 300 	 226 	 195 	 4269 	-6.5 
 14.14 	 1.41 	 123.7 	 26.36 	 37 	 5.773 	 197.3 	 300 	 227 	 195 	 4266 	-6.9 
 14.34 	 1.43 	 123.7 	 26.11 	 37 	 5.765 	 197.1 	 300 	 226 	 196 	 4268 	-6.9 
 14.54 	 1.45 	 123.8 	 25.63 	 36 	 5.765 	 197.5 	 300 	 227 	 195 	 4264 	-6.6 
 14.75 	 1.47 	 123.7 	 25.35 	 35 	 5.75 	 197.1 	 300 	 227 	 195 	 4266 	-6.6 
 14.95 	 1.49 	 123.8 	 24.8 	 34 	 5.734 	 197.3 	 300 	 227 	 195 	 4268 	-6.8 
 15.15 	 1.51 	 123.7 	 23.64 	 33 	 5.708 	 197.1 	 300 	 227 	 195 	 4266 	-6.8 
 15.35 	 1.53 	 123.6 	 23.02 	 32 	 5.684 	 197.2 	 299 	 227 	 194 	 4269 	-6.4 
 15.55 	 1.55 	 123.7 	 22.07 	 30 	 5.638 	 197.2 	 300 	 227 	 195 	 4267 	-7 
 15.76 	 1.57 	 123.7 	 20.84 	 29 	 5.574 	 197.2 	 300 	 226 	 194 	 4268 	-7 
 15.96 	 1.59 	 123.5 	 20.23 	 28 	 5.551 	 197.6 	 300 	 227 	 195 	 4267 	-6.6 
 16.16 	 1.61 	 123.6 	 19.74 	 27 	 5.513 	 197.2 	 299 	 227 	 195 	 4266 	-6.9 
 16.36 	 1.63 	 123.4 	 19 	 26 	 5.467 	 197.4 	 300 	 226 	 195 	 4267 	-6.9 
 16.56 	 1.65 	 123.4 	 17.93 	 25 	 5.403 	 197.3 	 299 	 227 	 196 	 4266 	-6.5 
 16.77 	 1.67 	 123.4 	 17.42 	 23 	 5.365 	 197.4 	 300 	 227 	 196 	 4266 	-6.9 
 16.97 	 1.69 	 123.3 	 16.93 	 23 	 5.335 	 197.3 	 300 	 227 	 196 	 4266 	-7.1 
 17.17 	 1.71 	 123.2 	 16.16 	 22 	 5.284 	 197.5 	 299 	 227 	 196 	 4265 	-6.6 
 17.37 	 1.73 	 123.3 	 15.88 	 22 	 5.234 	 197.5 	 299 	 228 	 196 	 4267 	-6.8 
 17.57 	 1.75 	 123.3 	 15.61 	 21 	 5.21 	 197.6 	 299 	 228 	 197 	 4268 	-6.6 
 17.78 	 1.77 	 123.3 	 15.17 	 21 	 5.181 	 197.5 	 299 	 228 	 196 	 4264 	-6.1 
 17.98 	 1.79 	 123.3 	 15.02 	 21 	 5.159 	 197.2 	 299 	 228 	 197 	 4266 	-6.5 
 18.18 	 1.81 	 123.2 	 14.94 	 21 	 5.151 	 197.1 	 300 	 228 	 196 	 4267 	-6.8 
 18.38 	 1.83 	 123.3 	 15.01 	 22 	 5.136 	 197.3 	 299 	 228 	 196 	 4265 	-6.6 
 18.58 	 1.85 	 123.3 	 15 	 21 	 5.135 	 197.4 	 299 	 228 	 197 	 4267 	-6.8 
 18.79 	 1.87 	 123.3 	 14.97 	 23 	 5.134 	 197.7 	 299 	 228 	 196 	 4267 	-7 
 18.99 	 1.89 	 123.2 	 14.93 	 22 	 5.132 	 197.2 	 299 	 228 	 197 	 4266 	-6.9 
 19.19 	 1.91 	 123.2 	 15.08 	 22 	 5.139 	 197.2 	 299 	 229 	 196 	 4265 	-6.9 
 19.39 	 1.93 	 123.2 	 15.39 	 22 	 5.138 	 197.2 	 299 	 228 	 196 	 4263 	-6.6 
 19.59 	 1.95 	 123.2 	 15.75 	 23 	 5.147 	 197.4 	 299 	 229 	 196 	 4265 	-6.9 
 19.8 	 1.97 	 123.3 	 16.06 	 23 	 5.16 	 197.4 	 299 	 229 	 197 	 4266 	-6.9 
 20 	 2 	 123.3 	 17.09 	 25 	 5.2 	 197.2 	 299 	 229 	 197 	 4266 	-6.6 
 20.2 	 2.02 	 123.3 	 17.72 	 26 	 5.237 	 197.4 	 299 	 229 	 197 	 4268 	-6.9 
 20.4 	 2.04 	 123.3 	 18.26 	 27 	 5.278 	 197.2 	 299 	 229 	 197 	 4266 	-7 
 20.6 	 2.06 	 123.4 	 19.76 	 28 	 5.351 	 197.5 	 298 	 229 	 197 	 4265 	-6.8 
 20.81 	 2.08 	 123.4 	 20.38 	 30 	 5.388 	 197.4 	 299 	 228 	 197 	 4266 	-6.6 
 21.01 	 2.1 	 123.5 	 21.04 	 31 	 5.455 	 197.4 	 299 	 228 	 197 	 4267 	-6.9 
 21.21 	 2.12 	 123.6 	 22.53 	 32 	 5.538 	 197.3 	 299 	 229 	 197 	 4267 	-6.5 
 21.41 	 2.14 	 123.5 	 23.09 	 34 	 5.587 	 197 	 299 	 228 	 197 	 4266 	-7.4 
 21.61 	 2.16 	 123.7 	 23.75 	 34 	 5.608 	 197.1 	 299 	 228 	 196 	 4269 	-6.4 
 21.82 	 2.18 	 123.6 	 24.31 	 35 	 5.651 	 197.3 	 299 	 228 	 197 	 4266 	-6.9 
 22.02 	 2.2 	 123.6 	 25.27 	 37 	 5.721 	 197.1 	 300 	 228 	 196 	 4268 	-6.9 
 22.22 	 2.22 	 123.7 	 25.55 	 37 	 5.746 	 197.3 	 300 	 227 	 196 	 4266 	-6.4 
 22.42 	 2.24 	 123.7 	 26.08 	 37 	 5.771 	 197.5 	 300 	 227 	 196 	 4268 	-6.9 
 22.62 	 2.26 	 123.7 	 26.5 	 38 	 5.8 	 197.3 	 300 	 227 	 196 	 4266 	-6.5 
 22.83 	 2.28 	 123.7 	 26.6 	 38 	 5.837 	 197.2 	 300 	 227 	 195 	 4266 	-6.6 
 23.03 	 2.3 	 123.8 	 26.56 	 38 	 5.838 	 197.2 	 300 	 227 	 195 	 4268 	-6.8 
 23.23 	 2.32 	 123.8 	 26.62 	 38 	 5.852 	 197.4 	 300 	 227 	 195 	 4266 	-7 
 23.43 	 2.34 	 123.8 	 26.63 	 38 	 5.87 	 197.2 	 300 	 226 	 195 	 4267 	-6.8 
 23.63 	 2.36 	 123.8 	 26.51 	 38 	 5.888 	 197.4 	 300 	 227 	 196 	 4267 	-6.4 
 23.84 	 2.38 	 123.8 	 26.49 	 37 	 5.883 	 197.4 	 300 	 227 	 195 	 4266 	-6.9 
 24.04 	 2.4 	 123.8 	 26.4 	 38 	 5.885 	 197.3 	 300 	 226 	 195 	 4269 	-7.1 
 24.24 	 2.42 	 123.7 	 26.22 	 37 	 5.882 	 197.4 	 300 	 227 	 195 	 4268 	-6.4 
 24.44 	 2.44 	 123.8 	 26.1 	 37 	 5.897 	 197.4 	 300 	 227 	 195 	 4267 	-6.8 
 24.64 	 2.46 	 123.9 	 25.33 	 36 	 5.879 	 197.3 	 299 	 227 	 195 	 4265 	-6.5 
 24.85 	 2.48 	 123.8 	 24.81 	 35 	 5.869 	 197.3 	 300 	 227 	 195 	 4268 	-7 
 25.05 	 2.5 	 123.8 	 24.35 	 33 	 5.841 	 197.6 	 300 	 227 	 194 	 4267 	-6.9 
 25.25 	 2.52 	 123.8 	 23.57 	 32 	 5.83 	 197.2 	 299 	 226 	 195 	 4269 	-6.5 
 25.45 	 2.54 	 123.7 	 22.12 	 31 	 5.78 	 197.5 	 299 	 226 	 195 	 4267 	-6.8 
 25.65 	 2.56 	 123.8 	 21.41 	 30 	 5.751 	 197.7 	 300 	 226 	 195 	 4269 	-6.9 
 25.86 	 2.58 	 123.6 	 20.87 	 28 	 5.713 	 197.5 	 300 	 227 	 195 	 4265 	-6.8 
 26.06 	 2.6 	 123.6 	 19.49 	 28 	 5.643 	 197.2 	 300 	 226 	 195 	 4265 	-6.8 
 26.26 	 2.62 	 123.8 	 18.96 	 26 	 5.625 	 197.6 	 300 	 227 	 195 	 4268 	-6.4 
 26.46 	 2.64 	 123.6 	 18.48 	 25 	 5.583 	 197.2 	 300 	 227 	 195 	 4267 	-6.5 
 26.66 	 2.66 	 123.6 	 17.94 	 24 	 5.555 	 197.3 	 299 	 227 	 196 	 4266 	-7 
 26.87 	 2.68 	 123.6 	 16.98 	 24 	 5.469 	 197.3 	 299 	 227 	 195 	 4264 	-6.8 
 27.07 	 2.7 	 123.4 	 16.54 	 22 	 5.448 	 197.3 	 300 	 227 	 195 	 4267 	-6.9 
 27.27 	 2.72 	 123.3 	 20.49 	 20 	 5.301 	 197.2 	 298 	 227 	 195 	 4267 	-6.8 
 27.47 	 2.74 	 123.2 	 14.44 	 21 	 5.187 	 197.4 	 300 	 228 	 197 	 4267 	-6.9 
 27.67 	 2.76 	 123.2 	 14.46 	 21 	 5.182 	 197.4 	 300 	 229 	 197 	 4263 	-7 
 27.88 	 2.78 	 123.3 	 14.31 	 20 	 5.18 	 197 	 298 	 228 	 197 	 4265 	-6.8 
 28.08 	 2.8 	 123.2 	 14.18 	 21 	 5.165 	 197.4 	 298 	 228 	 197 	 4266 	-6.5 
 28.28 	 2.82 	 123.2 	 14.36 	 20 	 5.183 	 197.5 	 300 	 229 	 197 	 4270 	-6.9 
 28.48 	 2.84 	 123.3 	 14.53 	 21 	 5.175 	 197.6 	 299 	 229 	 197 	 4266 	-6.9 
 28.68 	 2.86 	 123.2 	 14.54 	 20 	 5.177 	 197 	 298 	 228 	 196 	 4268 	-7.1 
 28.89 	 2.88 	 123.2 	 14.55 	 20 	 5.179 	 197.5 	 300 	 229 	 197 	 4266 	-6.8 
 29.09 	 2.9 	 123.2 	 14.63 	 20 	 5.185 	 197.4 	 300 	 230 	 197 	 4267 	-6.6 
 29.29 	 2.92 	 123.2 	 14.79 	 21 	 5.172 	 197.5 	 299 	 229 	 197 	 4265 	-7 
 29.49 	 2.94 	 123.1 	 15.48 	 22 	 5.2 	 196.9 	 299 	 229 	 197 	 4265 	-7 
 29.69 	 2.96 	 123.3 	 15.78 	 23 	 5.224 	 197.3 	 299 	 229 	 198 	 4267 	-7 
 29.9 	 2.99 	 123.2 	 16.44 	 24 	 5.245 	 197.2 	 300 	 230 	 197 	 4266 	-7.4 
 30.1 	 3.01 	 123.3 	 16.84 	 25 	 5.259 	 197.2 	 299 	 230 	 197 	 4264 	-6.5 
 30.3 	 3.03 	 123.4 	 18.23 	 26 	 5.365 	 197.1 	 299 	 229 	 198 	 4266 	-6.8 
 30.5 	 3.05 	 123.4 	 18.85 	 28 	 5.409 	 197.5 	 299 	 230 	 198 	 4269 	-6.9 
 30.7 	 3.07 	 123.5 	 19.56 	 29 	 5.463 	 197.3 	 299 	 230 	 198 	 4264 	-6.6 
 30.91 	 3.09 	 123.5 	 21 	 30 	 5.558 	 197 	 298 	 230 	 197 	 4266 	-6.6 
 31.11 	 3.11 	 123.5 	 21.87 	 31 	 5.605 	 197.2 	 299 	 229 	 197 	 4266 	-6.9 
 31.31 	 3.13 	 123.6 	 22.58 	 33 	 5.636 	 197.5 	 300 	 229 	 197 	 4268 	-6.9 
 31.51 	 3.15 	 123.7 	 23.89 	 33 	 5.734 	 197.2 	 300 	 229 	 197 	 4266 	-7.3 
 31.71 	 3.17 	 123.7 	 24.26 	 35 	 5.778 	 197.5 	 300 	 229 	 197 	 4265 	-6.9 
 31.92 	 3.19 	 123.8 	 24.89 	 36 	 5.823 	 197.1 	 300 	 228 	 197 	 4268 	-6.9 
 32.12 	 3.21 	 123.8 	 25.38 	 36 	 5.841 	 197.3 	 300 	 229 	 197 	 4266 	-6.6 
 32.32 	 3.23 	 123.8 	 25.83 	 37 	 5.886 	 197 	 300 	 227 	 196 	 4264 	-6.5 
 32.52 	 3.25 	 123.9 	 26.17 	 38 	 5.927 	 197.4 	 300 	 227 	 196 	 4268 	-6.5 
 32.72 	 3.27 	 123.9 	 26.6 	 37 	 5.944 	 197.3 	 300 	 227 	 196 	 4266 	-6.5 
 32.93 	 3.29 	 123.9 	 26.83 	 38 	 5.988 	 197.2 	 301 	 227 	 196 	 4265 	-6.8 
 33.13 	 3.31 	 124 	 26.81 	 38 	 5.991 	 197.1 	 300 	 227 	 195 	 4265 	-7 
 33.33 	 3.33 	 123.8 	 26.68 	 38 	 6 	 197.5 	 299 	 227 	 195 	 4265 	-6.9 
 33.53 	 3.35 	 124 	 26.58 	 38 	 6.005 	 197.1 	 299 	 227 	 195 	 4266 	-6.6 
 33.73 	 3.37 	 124 	 26.57 	 37 	 6.013 	 197.2 	 300 	 227 	 195 	 4266 	-6.6 
 33.94 	 3.39 	 123.9 	 26.51 	 37 	 6.027 	 197.3 	 300 	 227 	 196 	 4267 	-6.6 
 34.14 	 3.41 	 123.9 	 26.25 	 37 	 6.028 	 197.3 	 300 	 227 	 195 	 4269 	-7 
 34.34 	 3.43 	 123.9 	 26.19 	 37 	 6.029 	 197.6 	 300 	 227 	 196 	 4267 	-6.9 
 34.54 	 3.45 	 123.9 	 25.89 	 36 	 6.026 	 197.4 	 300 	 227 	 196 	 4268 	-6.6 
 34.74 	 3.47 	 124 	 25.31 	 35 	 6.017 	 197.3 	 301 	 227 	 195 	 4266 	-6.8 
 34.95 	 3.49 	 123.9 	 24.88 	 34 	 6.011 	 197.1 	 300 	 227 	 196 	 4267 	-6.8 
 35.15 	 3.51 	 123.9 	 23.68 	 33 	 5.962 	 197.4 	 300 	 227 	 195 	 4264 	-6.8 
 35.35 	 3.53 	 124 	 22.91 	 31 	 5.938 	 197.5 	 300 	 227 	 195 	 4268 	-7 
 35.55 	 3.55 	 123.9 	 22.4 	 30 	 5.889 	 197.2 	 300 	 227 	 195 	 4267 	-6.8 
 35.75 	 3.57 	 123.8 	 20.94 	 29 	 5.85 	 197.2 	 300 	 227 	 196 	 4266 	-6.5 
 35.96 	 3.59 	 123.8 	 20.31 	 28 	 5.824 	 197.1 	 300 	 227 	 195 	 4265 	-6.9 
 36.16 	 3.61 	 123.8 	 19.47 	 27 	 5.779 	 197.4 	 300 	 227 	 195 	 4267 	-6.8 
 36.36 	 3.63 	 123.7 	 18.41 	 26 	 5.726 	 197.6 	 300 	 227 	 196 	 4268 	-6.4 
 36.56 	 3.65 	 123.8 	 17.99 	 25 	 5.676 	 197.1 	 300 	 228 	 195 	 4267 	-7 
 36.76 	 3.67 	 123.6 	 17.6 	 24 	 5.647 	 197.6 	 300 	 227 	 196 	 4266 	-6.8 
 36.97 	 3.69 	 123.6 	 17.04 	 23 	 5.611 	 197.2 	 299 	 228 	 196 	 4264 	-7 
 37.17 	 3.71 	 123.6 	 16.12 	 22 	 5.548 	 197.2 	 300 	 228 	 196 	 4267 	-6.8 
 37.37 	 3.73 	 123.6 	 16 	 22 	 5.502 	 197.6 	 299 	 228 	 196 	 4265 	-6.8 
 37.57 	 3.75 	 123.6 	 15.57 	 22 	 5.463 	 197.2 	 298 	 229 	 196 	 4265 	-6.6 
 37.77 	 3.77 	 123.5 	 15.24 	 21 	 5.43 	 197.7 	 299 	 228 	 197 	 4267 	-6.8 
 37.98 	 3.79 	 123.5 	 15.04 	 21 	 5.404 	 197.1 	 299 	 229 	 197 	 4264 	-6.9 
 38.18 	 3.81 	 123.4 	 15.18 	 21 	 5.399 	 197.2 	 300 	 229 	 197 	 4266 	-6.5 
 38.38 	 3.83 	 123.5 	 15.08 	 21 	 5.399 	 197.5 	 299 	 229 	 197 	 4266 	-6.8 
 38.58 	 3.85 	 123.5 	 15.03 	 21 	 5.371 	 197.2 	 300 	 229 	 197 	 4266 	-6.9 
 38.78 	 3.87 	 123.5 	 15.05 	 21 	 5.387 	 197.4 	 299 	 228 	 197 	 4267 	-6.6 
 38.99 	 3.89 	 123.4 	 14.89 	 21 	 5.39 	 197.2 	 299 	 229 	 197 	 4266 	-7 
 39.19 	 3.91 	 123.4 	 15.02 	 21 	 5.389 	 197.2 	 299 	 229 	 197 	 4269 	-6.5 
 39.39 	 3.93 	 123.4 	 15.43 	 22 	 5.389 	 196.9 	 300 	 229 	 197 	 4266 	-6.4 
 39.59 	 3.95 	 123.5 	 15.63 	 23 	 5.386 	 196.9 	 299 	 229 	 197 	 4267 	-6.5 
 39.79 	 3.98 	 123.5 	 16.01 	 23 	 5.411 	 197 	 299 	 229 	 197 	 4265 	-6.8 
 40 	 4 	 123.4 	 17.16 	 25 	 5.448 	 197.3 	 299 	 229 	 198 	 4265 	-6.5 
 40.2 	 4.02 	 123.6 	 17.72 	 26 	 5.488 	 197.4 	 299 	 230 	 198 	 4267 	-6.8 
 40.4 	 4.04 	 123.6 	 18.36 	 27 	 5.517 	 197.3 	 299 	 230 	 197 	 4268 	-6.9 
 40.6 	 4.06 	 123.5 	 19.61 	 28 	 5.593 	 197.2 	 299 	 230 	 198 	 4267 	-6.8 
 40.8 	 4.08 	 123.8 	 20.42 	 30 	 5.624 	 197.2 	 300 	 229 	 197 	 4268 	-6.6 
 41.01 	 4.1 	 123.7 	 21.19 	 31 	 5.678 	 197.2 	 299 	 229 	 197 	 4266 	-6.6 
 41.21 	 4.12 	 123.7 	 22.33 	 32 	 5.756 	 197.1 	 299 	 229 	 197 	 4269 	-6.9 
 41.41 	 4.14 	 123.9 	 23.19 	 34 	 5.819 	 197.3 	 300 	 229 	 197 	 4266 	-6.5 
 41.61 	 4.16 	 123.9 	 23.83 	 35 	 5.867 	 197.1 	 299 	 228 	 197 	 4268 	-6.6 
 41.81 	 4.18 	 123.9 	 24.24 	 36 	 5.901 	 197.4 	 300 	 228 	 197 	 4266 	-7 
 42.02 	 4.2 	 123.9 	 25.22 	 36 	 5.965 	 197.3 	 299 	 227 	 196 	 4267 	-7.4 
 42.22 	 4.22 	 123.8 	 25.69 	 37 	 5.994 	 197.6 	 300 	 228 	 197 	 4266 	-7.1 
 42.42 	 4.24 	 124 	 25.97 	 37 	 6.024 	 197.3 	 300 	 227 	 197 	 4267 	-6.6 
 42.62 	 4.26 	 124 	 26.37 	 38 	 6.068 	 197.2 	 300 	 227 	 195 	 4265 	-6.4 
 42.82 	 4.28 	 123.9 	 26.38 	 38 	 6.09 	 197.3 	 300 	 228 	 196 	 4266 	-7 
 43.03 	 4.3 	 124.1 	 26.63 	 38 	 6.094 	 197.5 	 300 	 227 	 196 	 4268 	-6.6 
 43.23 	 4.32 	 124 	 26.72 	 38 	 6.101 	 197.3 	 300 	 227 	 195 	 4265 	-6.6 
 43.43 	 4.34 	 124 	 26.57 	 38 	 6.132 	 197.2 	 300 	 227 	 195 	 4266 	-6.6 
 43.63 	 4.36 	 124.1 	 26.62 	 37 	 6.132 	 197 	 300 	 227 	 196 	 4266 	-6.5 
 43.83 	 4.38 	 124.1 	 26.32 	 38 	 6.134 	 197.6 	 300 	 227 	 196 	 4268 	-6.9 
 44.04 	 4.4 	 124 	 26.29 	 37 	 6.14 	 197.4 	 300 	 228 	 195 	 4266 	-6.4 
 44.24 	 4.42 	 124.1 	 26.34 	 37 	 6.155 	 197.4 	 300 	 227 	 195 	 4266 	-6.8 
 44.44 	 4.44 	 124 	 26.2 	 36 	 6.144 	 196.7 	 300 	 227 	 196 	 4265 	-6.5 
 44.64 	 4.46 	 124.1 	 25.33 	 36 	 6.128 	 197.2 	 300 	 227 	 196 	 4268 	-6.8 
 44.84 	 4.48 	 124.1 	 24.76 	 34 	 6.123 	 197.3 	 300 	 227 	 195 	 4267 	-6.6 
 45.05 	 4.5 	 124 	 24.25 	 33 	 6.103 	 197.2 	 300 	 227 	 195 	 4268 	-6.9 
 45.25 	 4.52 	 124.1 	 23.7 	 32 	 6.083 	 197.5 	 300 	 227 	 196 	 4267 	-6.8 
 45.45 	 4.54 	 124 	 22.24 	 30 	 6.026 	 197.5 	 300 	 227 	 196 	 4267 	-6.6 
 45.65 	 4.56 	 124 	 21.45 	 29 	 5.996 	 197.1 	 299 	 227 	 196 	 4269 	-6.6 
 45.85 	 4.58 	 124 	 20.91 	 29 	 5.96 	 197.4 	 300 	 227 	 196 	 4268 	-6.8 
 46.06 	 4.6 	 123.9 	 19.57 	 27 	 5.889 	 197.3 	 299 	 226 	 195 	 4266 	-6.5 
 46.26 	 4.62 	 123.8 	 18.96 	 26 	 5.872 	 197.1 	 299 	 227 	 196 	 4268 	-6.9 
 46.46 	 4.64 	 123.9 	 18.33 	 26 	 5.824 	 197.3 	 300 	 228 	 196 	 4268 	-6.9 
 46.66 	 4.66 	 123.8 	 18.03 	 25 	 5.79 	 197.3 	 299 	 227 	 195 	 4267 	-6.3 
 46.86 	 4.68 	 123.8 	 16.91 	 24 	 5.722 	 197.2 	 300 	 227 	 196 	 4266 	-6.4 
 47.07 	 4.7 	 123.7 	 16.38 	 23 	 5.688 	 197.6 	 300 	 228 	 196 	 4268 	-6.6 
 47.27 	 4.72 	 123.8 	 16.16 	 22 	 5.658 	 197.6 	 299 	 228 	 196 	 4268 	-6.6 
 47.47 	 4.74 	 123.7 	 15.44 	 22 	 5.58 	 197.5 	 299 	 229 	 196 	 4266 	-6.9 
 47.67 	 4.76 	 123.5 	 15.38 	 21 	 5.565 	 197.2 	 299 	 228 	 197 	 4265 	-6.4 
 47.87 	 4.78 	 123.6 	 15.14 	 21 	 5.535 	 197.1 	 299 	 228 	 196 	 4268 	-7.1 
 48.08 	 4.8 	 123.5 	 15.1 	 21 	 5.537 	 197.4 	 299 	 229 	 197 	 4268 	-6.6 
 48.28 	 4.82 	 123.5 	 14.97 	 21 	 5.513 	 197.3 	 299 	 229 	 198 	 4267 	-7 
 48.48 	 4.84 	 123.6 	 15 	 21 	 5.512 	 197.5 	 299 	 229 	 197 	 4267 	-7 
 48.68 	 4.86 	 123.6 	 14.87 	 21 	 5.509 	 197.4 	 299 	 228 	 196 	 4267 	-6.5 
 48.88 	 4.88 	 123.5 	 15.06 	 21 	 5.504 	 197.1 	 299 	 229 	 197 	 4265 	-6.8 
 49.09 	 4.9 	 123.6 	 15 	 22 	 5.496 	 197.4 	 299 	 228 	 197 	 4267 	-6.8 
 49.29 	 4.92 	 123.6 	 15.03 	 22 	 5.506 	 197.2 	 299 	 229 	 197 	 4267 	-6.6 
 49.49 	 4.94 	 123.5 	 15.65 	 23 	 5.5 	 197.4 	 299 	 228 	 197 	 4267 	-7 
 49.69 	 4.97 	 123.6 	 16.06 	 23 	 5.523 	 197.3 	 299 	 229 	 197 	 4264 	-6.6 
 49.89 	 4.99 	 123.6 	 16.53 	 24 	 5.548 	 197.1 	 300 	 229 	 198 	 4266 	-6.8 
 50.1 	 5.01 	 123.6 	 17.11 	 25 	 5.574 	 197.6 	 299 	 229 	 197 	 4266 	-6.8 
 50.3 	 5.03 	 123.7 	 18.24 	 27 	 5.627 	 197.4 	 299 	 229 	 197 	 4269 	-6.4 
 50.5 	 5.05 	 123.7 	 19.07 	 28 	 5.672 	 197.2 	 299 	 229 	 197 	 4269 	-6.9 
 50.7 	 5.07 	 123.7 	 19.53 	 29 	 5.717 	 197 	 299 	 230 	 198 	 4268 	-6.8 
 50.9 	 5.09 	 123.8 	 21.01 	 30 	 5.814 	 197.5 	 300 	 229 	 198 	 4266 	-6.6 
 51.11 	 5.11 	 123.8 	 21.75 	 32 	 5.849 	 197.3 	 299 	 229 	 197 	 4267 	-6.6 
 51.31 	 5.13 	 123.9 	 22.5 	 33 	 5.896 	 197.2 	 300 	 229 	 198 	 4267 	-6.9 
 51.51 	 5.15 	 123.9 	 23.12 	 34 	 5.951 	 197.3 	 298 	 229 	 197 	 4269 	-6.9 
 51.71 	 5.17 	 124 	 24.3 	 35 	 6.013 	 197.3 	 300 	 228 	 196 	 4267 	-6.6 
 51.91 	 5.19 	 124.1 	 24.85 	 36 	 6.054 	 197.4 	 300 	 229 	 196 	 4268 	-6.9 
 52.12 	 5.21 	 124 	 25.2 	 36 	 6.086 	 197.3 	 299 	 228 	 196 	 4267 	-6.9 
 52.32 	 5.23 	 124 	 26.05 	 37 	 6.142 	 197.3 	 299 	 229 	 196 	 4266 	-6.6 
 52.52 	 5.25 	 124.1 	 26.26 	 37 	 6.168 	 197.2 	 300 	 228 	 196 	 4265 	-6.4 
 52.72 	 5.27 	 124.2 	 26.36 	 37 	 6.184 	 197.7 	 300 	 228 	 196 	 4268 	-6.8 
 52.92 	 5.29 	 124.1 	 26.68 	 38 	 6.219 	 197.2 	 300 	 228 	 195 	 4266 	-6.8 
 53.13 	 5.31 	 124.2 	 26.78 	 38 	 6.22 	 197.5 	 300 	 227 	 196 	 4267 	-6.6 
 53.33 	 5.33 	 124.2 	 26.71 	 38 	 6.232 	 197.3 	 300 	 227 	 195 	 4266 	-6.6 
 53.53 	 5.35 	 124.1 	 26.59 	 37 	 6.244 	 197.3 	 300 	 228 	 195 	 4267 	-6.4 
 53.73 	 5.37 	 124.2 	 26.54 	 37 	 6.245 	 197.1 	 300 	 227 	 195 	 4265 	-7 
 53.93 	 5.39 	 124.2 	 26.5 	 37 	 6.245 	 196.9 	 300 	 228 	 196 	 4266 	-6.8 
 54.14 	 5.41 	 124.1 	 26.24 	 37 	 6.231 	 197.2 	 300 	 227 	 196 	 4265 	-6.8 
 54.34 	 5.43 	 124 	 26.21 	 36 	 6.244 	 197.5 	 300 	 227 	 195 	 4266 	-7 
 54.54 	 5.45 	 124.2 	 25.64 	 36 	 6.242 	 197.4 	 300 	 228 	 196 	 4264 	-6.8 
 54.74 	 5.47 	 124.1 	 25.16 	 35 	 6.233 	 197.3 	 300 	 227 	 196 	 4267 	-6.5 
 54.94 	 5.49 	 124.2 	 24.82 	 33 	 6.219 	 196.7 	 300 	 227 	 196 	 4267 	-6.8 
 55.15 	 5.51 	 124.2 	 23.76 	 32 	 6.182 	 197.5 	 300 	 227 	 196 	 4266 	-6.6 
 55.35 	 5.53 	 124.1 	 22.88 	 32 	 6.152 	 197.3 	 301 	 228 	 195 	 4268 	-6.9 
 55.55 	 5.55 	 124.1 	 22.17 	 30 	 6.133 	 197.3 	 301 	 227 	 195 	 4268 	-6.8 
 55.75 	 5.57 	 124.2 	 20.85 	 29 	 6.072 	 197.3 	 300 	 228 	 195 	 4266 	-6.6 
 55.95 	 5.59 	 124 	 20.12 	 28 	 6.036 	 197.4 	 300 	 227 	 196 	 4265 	-6.4 
 56.16 	 5.61 	 124.2 	 19.74 	 27 	 5.994 	 197.6 	 300 	 228 	 196 	 4265 	-6.6 
 56.36 	 5.63 	 124 	 18.39 	 26 	 5.929 	 197.6 	 299 	 227 	 196 	 4268 	-6.8 
 56.56 	 5.65 	 123.8 	 17.99 	 25 	 5.899 	 197.2 	 299 	 227 	 196 	 4265 	-7 
 56.76 	 5.67 	 123.9 	 17.39 	 24 	 5.837 	 197.3 	 299 	 228 	 196 	 4267 	-6.9 
 56.96 	 5.69 	 123.8 	 16.97 	 23 	 5.816 	 197.5 	 300 	 228 	 196 	 4267 	-6.9 
 57.17 	 5.71 	 123.8 	 16.19 	 23 	 5.757 	 197.6 	 299 	 228 	 196 	 4266 	-7 
 57.37 	 5.73 	 123.8 	 15.84 	 22 	 5.723 	 197.2 	 299 	 229 	 197 	 4270 	-6.5 
 57.57 	 5.75 	 123.8 	 15.55 	 22 	 5.695 	 197.3 	 299 	 229 	 197 	 4266 	-6.9 
 57.77 	 5.77 	 123.7 	 15.23 	 21 	 5.66 	 197.2 	 299 	 228 	 197 	 4267 	-6.8 
 57.97 	 5.79 	 123.6 	 15.05 	 22 	 5.631 	 197.1 	 299 	 229 	 197 	 4267 	-7 
 58.18 	 5.81 	 123.7 	 15.09 	 21 	 5.621 	 197.5 	 299 	 229 	 197 	 4267 	-6.4 
 58.38 	 5.83 	 123.7 	 14.95 	 21 	 5.616 	 197.1 	 299 	 229 	 197 	 4268 	-6.4 
 58.58 	 5.85 	 123.7 	 15.01 	 21 	 5.619 	 197.4 	 299 	 229 	 197 	 4264 	-6.8 
 58.78 	 5.87 	 123.8 	 14.97 	 21 	 5.602 	 197.1 	 299 	 228 	 197 	 4266 	-6.8 
 58.98 	 5.89 	 123.6 	 14.85 	 21 	 5.604 	 197.4 	 299 	 229 	 197 	 4267 	-6.5 
 59.19 	 5.91 	 123.6 	 15.13 	 21 	 5.599 	 197.5 	 299 	 229 	 197 	 4267 	-7 
 59.39 	 5.93 	 123.7 	 15.34 	 22 	 5.613 	 197.2 	 299 	 229 	 198 	 4267 	-6.9 
 59.59 	 5.96 	 123.7 	 15.63 	 23 	 5.609 	 197.2 	 299 	 229 	 197 	 4265 	-6.6 
 59.79 	 5.98 	 123.7 	 15.94 	 24 	 5.626 	 197.5 	 299 	 229 	 198 	 4265 	-7 
 59.99 	 6 	 123.9 	 17.09 	 25 	 5.682 	 197.2 	 299 	 229 	 197 	 4269 	-7.3 
3 
