时间(S)	轴位移(mm)	力(kN)	力(kPa)	变形(mm)	 侧位移(mm)	围压(kPa)	孔压(kPa)	反压(kPa)	体变(kPa)	小体变(ml)
0.0	 99.9 	 10.66 	 151 	-6.719 	 0 	 300 	 295 	 258 	 1088 	-6.6 
 .5 	 100.1 	 10.77 	 .15 	-6.71 	 135 	 300 	 295 	 258 	 1090 	-6.8 
 1 	 100 	 10.78 	 .15 	-6.715 	 135 	 300 	 295 	 258 	 1089 	-6.8 
 1.5 	 100 	 10.75 	 .15 	-6.734 	 135 	 300 	 295 	 258 	 1088 	-7.1 
 2 	 100 	 10.73 	 .15 	-6.718 	 135 	 300 	 295 	 258 	 1089 	-6.6 
 2.5 	 99.9 	 10.83 	 .16 	-6.709 	 135 	 300 	 295 	 258 	 1087 	-6.8 
 3 	 100 	 10.67 	 .15 	-6.715 	 135 	 300 	 295 	 258 	 1092 	-6.9 
 3.5 	 100 	 10.78 	 .15 	-6.71 	 135 	 301 	 295 	 258 	 1090 	-6.8 
 4 	 100 	 10.75 	 .15 	-6.717 	 135 	 300 	 295 	 258 	 1089 	-6.8 
 4.5 	 100 	 10.74 	 .15 	-6.722 	 135 	 300 	 295 	 258 	 1089 	-6.8 
 5 	 99.9 	 10.72 	 .15 	-6.726 	 135 	 300 	 295 	 258 	 1089 	-6.5 
 5.5 	 99.9 	 10.79 	 .15 	-6.704 	 135 	 300 	 295 	 258 	 1089 	-6.8 
 6 	 99.9 	 10.84 	 .15 	-6.727 	 135 	 300 	 295 	 258 	 1087 	-6.6 
 6.5 	 100 	 10.92 	 .15 	-6.721 	 135 	 300 	 296 	 258 	 1088 	-6.5 
 7 	 99.9 	 11.06 	 .16 	-6.723 	 135 	 300 	 295 	 257 	 1089 	-6.8 
 7.5 	 99.9 	 11.04 	 .16 	-6.716 	 135 	 300 	 295 	 259 	 1089 	-7 
 8 	 100 	 11.27 	 .16 	-6.717 	 135 	 300 	 295 	 258 	 1089 	-7 
 8.5 	 100 	 11.31 	 .16 	-6.707 	 135 	 301 	 295 	 258 	 1088 	-6.6 
 9 	 99.9 	 11.37 	 .16 	-6.759 	 135 	 300 	 295 	 258 	 1090 	-6.9 
 9.5 	 100 	 11.38 	 .16 	-6.733 	 135 	 300 	 295 	 258 	 1088 	-6.8 
 10 	 99.9 	 11.49 	 .16 	-6.739 	 135 	 301 	 295 	 258 	 1091 	-6.6 
 10.5 	 99.9 	 11.53 	 .16 	-6.727 	 135 	 300 	 296 	 258 	 1088 	-6.6 
 11 	 99.9 	 11.52 	 .16 	-6.72 	 135 	 300 	 295 	 258 	 1088 	-6.8 
 11.5 	 100 	 11.41 	 .16 	-6.707 	 135 	 300 	 295 	 258 	 1087 	-6.8 
 12 	 100 	 11.54 	 .16 	-6.717 	 135 	 301 	 295 	 258 	 1090 	-7 
 12.5 	 100 	 11.51 	 .17 	-6.715 	 134 	 300 	 295 	 259 	 1090 	-7 
 13 	 100.1 	 11.57 	 .16 	-6.711 	 135 	 300 	 295 	 258 	 1088 	-6.8 
 13.5 	 100.1 	 11.51 	 .17 	-6.718 	 135 	 300 	 295 	 258 	 1088 	-6.6 
 14 	 100 	 11.62 	 .16 	-6.721 	 135 	 300 	 295 	 258 	 1088 	-6.6 
 14.5 	 100.1 	 11.48 	 .16 	-6.722 	 135 	 300 	 296 	 259 	 1089 	-6.8 
 15 	 100 	 11.62 	 .16 	-6.719 	 135 	 301 	 295 	 258 	 1091 	-7 
 15.5 	 100 	 11.6 	 .16 	-6.704 	 135 	 301 	 295 	 259 	 1087 	-6.5 
 16 	 99.9 	 11.63 	 .16 	-6.716 	 135 	 300 	 295 	 258 	 1088 	-7 
 16.5 	 100 	 11.56 	 .16 	-6.718 	 135 	 300 	 295 	 258 	 1088 	-6.6 
 17 	 100 	 11.53 	 .16 	-6.711 	 135 	 300 	 295 	 258 	 1089 	-7 
 17.5 	 100.1 	 11.61 	 .16 	-6.709 	 135 	 300 	 295 	 258 	 1088 	-6.9 
 18 	 100 	 11.56 	 .16 	-6.742 	 135 	 300 	 295 	 259 	 1088 	-6.8 
 18.5 	 100 	 11.6 	 .16 	-6.726 	 135 	 300 	 295 	 258 	 1090 	-6.9 
 19 	 100.1 	 11.55 	 .17 	-6.712 	 135 	 300 	 296 	 259 	 1090 	-6.4 
 19.5 	 100 	 11.5 	 .16 	-6.705 	 135 	 300 	 295 	 258 	 1090 	-6.6 
 20 	 100.1 	 11.52 	 .16 	-6.7 	 135 	 301 	 295 	 258 	 1090 	-6.6 
 20.5 	 100 	 11.46 	 .17 	-6.727 	 135 	 300 	 295 	 259 	 1086 	-6.8 
 21 	 100 	 11.63 	 .16 	-6.701 	 135 	 300 	 295 	 258 	 1089 	-6.8 
 21.5 	 100.1 	 11.31 	 .16 	-6.706 	 135 	 299 	 295 	 258 	 1089 	-6.6 
 22 	 100.1 	 11.35 	 .16 	-6.713 	 135 	 300 	 295 	 258 	 1090 	-7 
 22.5 	 100 	 11.35 	 .16 	-6.711 	 135 	 300 	 295 	 258 	 1088 	-6.5 
 23 	 100 	 11.11 	 .16 	-6.714 	 135 	 300 	 296 	 258 	 1088 	-6.6 
 23.5 	 99.9 	 10.93 	 .16 	-6.734 	 135 	 300 	 296 	 258 	 1090 	-6.6 
 24 	 100.2 	 11.08 	 .16 	-6.718 	 135 	 300 	 295 	 259 	 1088 	-6.5 
 24.5 	 100.1 	 10.92 	 .16 	-6.711 	 135 	 300 	 295 	 258 	 1091 	-6.6 
 25 	 100 	 10.88 	 .16 	-6.702 	 135 	 300 	 295 	 258 	 1087 	-6.6 
 25.5 	 100 	 10.73 	 .15 	-6.701 	 134 	 300 	 296 	 258 	 1085 	-6.6 
 26 	 100.1 	 10.69 	 .15 	-6.695 	 135 	 300 	 295 	 259 	 1087 	-6.6 
 26.5 	 100.1 	 10.87 	 .15 	-6.695 	 135 	 300 	 295 	 258 	 1087 	-7 
 27 	 100 	 10.77 	 .15 	-6.691 	 135 	 300 	 295 	 258 	 1085 	-6.9 
 27.5 	 100.1 	 10.63 	 .15 	-6.683 	 135 	 300 	 295 	 258 	 1083 	-6.8 
 28 	 100 	 10.71 	 .15 	-6.706 	 135 	 300 	 295 	 258 	 1085 	-6.6 
 28.5 	 99.9 	 10.69 	 .15 	-6.705 	 135 	 300 	 295 	 258 	 1084 	-7 
 29 	 99.9 	 10.71 	 .15 	-6.705 	 135 	 300 	 295 	 258 	 1086 	-6.9 
 29.5 	 100.1 	 10.76 	 .15 	-6.693 	 135 	 301 	 295 	 258 	 1082 	-7 
 30 	 99.9 	 10.64 	 .15 	-6.7 	 135 	 301 	 295 	 258 	 1082 	-7 
 30.5 	 100 	 10.67 	 .15 	-6.688 	 136 	 300 	 296 	 258 	 1082 	-6.8 
 31 	 99.9 	 10.69 	 .15 	-6.677 	 135 	 300 	 295 	 258 	 1082 	-6.8 
 31.5 	 99.9 	 10.66 	 .15 	-6.69 	 135 	 300 	 295 	 258 	 1083 	-6.6 
 32 	 99.9 	 10.69 	 .15 	-6.696 	 135 	 300 	 295 	 258 	 1081 	-7 
 32.5 	 99.9 	 10.85 	 .15 	-6.719 	 135 	 300 	 295 	 258 	 1083 	-6.8 
 33 	 100 	 10.8 	 .15 	-6.681 	 136 	 300 	 296 	 258 	 1085 	-6.9 
 33.5 	 99.9 	 10.66 	 .15 	-6.682 	 136 	 300 	 295 	 258 	 1083 	-6.9 
 34 	 100 	 10.76 	 .15 	-6.682 	 135 	 300 	 295 	 258 	 1083 	-7 
 34.5 	 99.9 	 10.71 	 .15 	-6.684 	 135 	 300 	 295 	 258 	 1082 	-6.6 
 35 	 100.1 	 10.8 	 .15 	-6.675 	 136 	 300 	 295 	 258 	 1085 	-7.1 
 35.5 	 99.9 	 10.68 	 .15 	-6.67 	 135 	 300 	 295 	 258 	 1084 	-6.9 
 36 	 100 	 10.83 	 .15 	-6.678 	 136 	 300 	 295 	 258 	 1081 	-7 
 36.5 	 100.1 	 10.73 	 .15 	-6.675 	 135 	 300 	 295 	 258 	 1081 	-6.8 
 37 	 100 	 10.81 	 .15 	-6.684 	 136 	 300 	 295 	 258 	 1082 	-6.9 
 37.5 	 100 	 10.79 	 .16 	-6.673 	 135 	 300 	 295 	 258 	 1084 	-7.1 
 38 	 100 	 10.67 	 .15 	-6.668 	 135 	 300 	 295 	 258 	 1083 	-6.8 
 38.5 	 99.9 	 10.66 	 .15 	-6.675 	 136 	 300 	 295 	 258 	 1083 	-6.9 
 39 	 100 	 10.71 	 .15 	-6.674 	 135 	 300 	 295 	 258 	 1080 	-6.8 
 39.5 	 100 	 10.76 	 .15 	-6.685 	 135 	 300 	 296 	 258 	 1082 	-6.8 
 40 	 100 	 10.74 	 .15 	-6.673 	 135 	 300 	 295 	 258 	 1079 	-7.1 
 40.5 	 100.1 	 10.72 	 .15 	-6.675 	 135 	 300 	 295 	 258 	 1082 	-6.6 
 41 	 100 	 10.8 	 .15 	-6.668 	 135 	 300 	 295 	 258 	 1081 	-6.9 
 41.5 	 99.9 	 10.66 	 .15 	-6.673 	 135 	 300 	 295 	 259 	 1080 	-6.9 
 42 	 100 	 10.73 	 .15 	-6.662 	 136 	 300 	 295 	 259 	 1080 	-6.8 
 42.5 	 100 	 10.68 	 .15 	-6.662 	 136 	 300 	 295 	 258 	 1081 	-6.8 
 43 	 100 	 10.68 	 .15 	-6.665 	 135 	 301 	 295 	 258 	 1082 	-7 
 43.5 	 100 	 10.68 	 .16 	-6.662 	 135 	 300 	 295 	 258 	 1080 	-6.9 
 44 	 100 	 10.69 	 .15 	-6.652 	 135 	 300 	 287 	 258 	 1079 	-6.4 
 44.5 	 100.1 	 10.58 	 .15 	-6.67 	 136 	 297 	 277 	 256 	 1099 	-6.9 
 45 	 99.9 	 10.39 	 .15 	-6.663 	 136 	 296 	 275 	 253 	 1132 	-6.6 
 45.5 	 99.9 	 10.62 	 .15 	-6.691 	 137 	 298 	 276 	 256 	 1172 	-6.5 
 46 	 99.9 	 10.43 	 .15 	-6.692 	 138 	 295 	 273 	 252 	 1202 	-6.9 
 46.5 	 100 	 10.9 	 .16 	-6.671 	 139 	 299 	 276 	 256 	 1234 	-6.8 
 47 	 99.9 	 10.61 	 .15 	-6.695 	 139 	 296 	 274 	 252 	 1265 	-6.6 
 47.5 	 99.9 	 11.18 	 .16 	-6.693 	 140 	 299 	 276 	 256 	 1290 	-7 
 48 	 99.9 	 11.1 	 .16 	-6.696 	 141 	 296 	 274 	 251 	 1329 	-6.5 
 48.5 	 99.9 	 11.28 	 .16 	-6.695 	 141 	 300 	 277 	 256 	 1358 	-7 
 49 	 99.9 	 11.01 	 .16 	-6.698 	 143 	 296 	 275 	 251 	 1386 	-6.6 
 49.5 	 100 	 11.32 	 .16 	-6.685 	 143 	 301 	 277 	 256 	 1413 	-6.6 
 50 	 100 	 11.04 	 .16 	-6.692 	 144 	 296 	 274 	 251 	 1439 	-7 
 50.5 	 100.1 	 11.18 	 .16 	-6.673 	 144 	 298 	 277 	 253 	 1477 	-6.8 
 51 	 99.9 	 11.06 	 .16 	-6.661 	 145 	 300 	 276 	 253 	 1504 	-6.5 
 51.5 	 100 	 11.02 	 .16 	-6.657 	 145 	 298 	 276 	 252 	 1523 	-6.5 
 52 	 100.1 	 11.14 	 .16 	-6.655 	 146 	 301 	 276 	 254 	 1551 	-6.5 
 52.5 	 100.1 	 11.13 	 .15 	-6.641 	 146 	 299 	 276 	 251 	 1571 	-6.8 
 53 	 100.2 	 11.33 	 .16 	-6.638 	 147 	 303 	 278 	 255 	 1604 	-6.8 
 53.5 	 100 	 10.87 	 .16 	-6.645 	 147 	 297 	 275 	 248 	 1630 	-6.9 
 54 	 100 	 11.26 	 .16 	-6.625 	 147 	 302 	 278 	 254 	 1649 	-6.9 
 54.5 	 100.1 	 10.67 	 .16 	-6.628 	 148 	 298 	 275 	 249 	 1673 	-7 
 55 	 100.2 	 10.81 	 .15 	-6.621 	 148 	 302 	 278 	 253 	 1692 	-6.8 
 55.5 	 100.1 	 10.52 	 .15 	-6.628 	 149 	 301 	 276 	 250 	 1721 	-7 
 56 	 100.1 	 10.38 	 .15 	-6.627 	 149 	 300 	 276 	 249 	 1743 	-6.9 
 56.5 	 100.1 	 10.49 	 .15 	-6.629 	 150 	 301 	 275 	 250 	 1763 	-6.6 
 57 	 100.1 	 10.17 	 .15 	-6.624 	 150 	 299 	 275 	 248 	 1786 	-6.9 
 57.5 	 100.1 	 10.53 	 .14 	-6.609 	 150 	 302 	 275 	 250 	 1804 	-6.6 
 58 	 100.1 	 10.2 	 .15 	-6.618 	 151 	 298 	 272 	 247 	 1837 	-6.9 
 58.5 	 100 	 10.36 	 .14 	-6.624 	 152 	 302 	 273 	 250 	 1860 	-6.8 
 59 	 100 	 10.1 	 .14 	-6.619 	 153 	 299 	 272 	 246 	 1882 	-7 
 59.5 	 99.9 	 10.1 	 .14 	-6.616 	 153 	 301 	 272 	 248 	 1904 	-6.8 
 60 	 100 	 10.08 	 .14 	-6.621 	 153 	 299 	 270 	 246 	 1925 	-6.9 
 60.5 	 100.1 	 10.12 	 .14 	-6.625 	 154 	 299 	 270 	 245 	 1957 	-7 
 61 	 100 	 10.14 	 .15 	-6.615 	 154 	 301 	 270 	 247 	 1979 	-6.6 
 61.5 	 100 	 9.94 	 .14 	-6.609 	 154 	 299 	 269 	 244 	 2005 	-6.5 
 62 	 100.1 	 10.1 	 .15 	-6.625 	 155 	 301 	 269 	 247 	 2028 	-6.6 
 62.5 	 100 	 9.99 	 .14 	-6.618 	 156 	 298 	 268 	 243 	 2050 	-6.9 
 63 	 100 	 10.14 	 .14 	-6.61 	 156 	 301 	 268 	 245 	 2083 	-6.9 
 63.5 	 100 	 10.02 	 .14 	-6.609 	 156 	 300 	 267 	 243 	 2105 	-6.8 
 64 	 99.9 	 10.08 	 .14 	-6.618 	 156 	 300 	 267 	 243 	 2129 	-6.9 
 64.5 	 100 	 138.87 	 1.96 	-6.608 	 157 	 300 	 266 	 243 	 2150 	-7.1 
 65 	 99.9 	 138.48 	 1.96 	-6.616 	 157 	 300 	 266 	 242 	 2175 	-7 
 65.5 	 100 	 138.3 	 1.95 	-6.606 	 158 	 301 	 266 	 243 	 2205 	-6.9 
 66 	 99.9 	 137.93 	 1.95 	-6.611 	 159 	 299 	 264 	 241 	 2229 	-6.9 
 66.5 	 100.1 	 138.07 	 1.95 	-6.611 	 159 	 301 	 265 	 241 	 2252 	-6.8 
 67 	 99.9 	 137.54 	 1.95 	-6.608 	 160 	 299 	 264 	 240 	 2275 	-6.9 
 67.5 	 100 	 137.62 	 1.94 	-6.598 	 160 	 301 	 264 	 241 	 2300 	-6.8 
 68 	 100 	 137.3 	 1.94 	-6.599 	 161 	 301 	 264 	 241 	 2329 	-7.1 
 68.5 	 99.8 	 136.91 	 1.93 	-6.607 	 161 	 299 	 263 	 238 	 2351 	-6.6 
 69 	 99.9 	 136.79 	 1.93 	-6.612 	 162 	 301 	 263 	 240 	 2373 	-6.9 
 69.5 	 100 	 136.44 	 1.93 	-6.61 	 162 	 299 	 262 	 237 	 2396 	-6.6 
 70 	 100 	 136.42 	 1.93 	-6.598 	 162 	 301 	 262 	 239 	 2417 	-6.9 
 70.5 	 100.1 	 136.37 	 1.93 	-6.605 	 162 	 300 	 261 	 237 	 2446 	-6.5 
 71 	 100 	 136.36 	 1.93 	-6.606 	 163 	 300 	 261 	 236 	 2471 	-6.8 
 71.5 	 99.9 	 136.11 	 1.93 	-6.589 	 164 	 300 	 261 	 236 	 2492 	-6.8 
 72 	 100.1 	 10.31 	 .14 	-6.591 	 164 	 300 	 260 	 235 	 2511 	-6.9 
 72.5 	 100.1 	 10.36 	 .15 	-6.586 	 165 	 301 	 259 	 236 	 2534 	-6.8 
 73 	 99.9 	 136.53 	 1.93 	-6.587 	 165 	 299 	 258 	 234 	 2564 	-6.8 
 73.5 	 100 	 136.33 	 1.93 	-6.586 	 166 	 301 	 258 	 234 	 2583 	-7 
 74 	 100 	 53.41 	 1.1 	-6.586 	 166 	 300 	 257 	 233 	 2605 	-6.8 
 74.5 	 100 	 13.31 	 .14 	-6.618 	 167 	 300 	 257 	 233 	 2625 	-7 
 75 	 100 	 10.28 	 .15 	-6.605 	 167 	 301 	 257 	 232 	 2645 	-6.6 
 75.5 	 99.9 	 10.05 	 .14 	-6.612 	 167 	 299 	 256 	 231 	 2670 	-6.4 
 76 	 100 	 10.14 	 .14 	-6.607 	 168 	 301 	 256 	 231 	 2692 	-6.8 
 76.5 	 100.1 	 10.08 	 .14 	-6.594 	 167 	 300 	 255 	 230 	 2710 	-6.5 
 77 	 100 	 10.14 	 .15 	-6.604 	 168 	 301 	 255 	 230 	 2732 	-6.8 
 77.5 	 99.9 	 10.04 	 .14 	-6.604 	 169 	 300 	 254 	 228 	 2751 	-6.9 
 78 	 99.9 	 9.94 	 .14 	-6.6 	 169 	 300 	 253 	 227 	 2776 	-6.6 
 78.5 	 99.9 	 10.11 	 .14 	-6.593 	 170 	 301 	 253 	 228 	 2796 	-6.8 
 79 	 100 	 9.98 	 .14 	-6.6 	 170 	 300 	 252 	 226 	 2815 	-7 
 79.5 	 100.1 	 9.97 	 .14 	-6.595 	 170 	 301 	 251 	 226 	 2834 	-6.9 
 80 	 99.9 	 9.86 	 .14 	-6.606 	 171 	 300 	 251 	 224 	 2849 	-6.9 
 80.5 	 100 	 9.94 	 .13 	-6.598 	 171 	 300 	 250 	 223 	 2875 	-6.8 
 81 	 100 	 9.95 	 .14 	-6.599 	 171 	 300 	 249 	 222 	 2893 	-6.5 
 81.5 	 100 	 9.99 	 .14 	-6.601 	 171 	 300 	 249 	 221 	 2911 	-6.5 
 82 	 99.9 	 9.84 	 .14 	-6.593 	 172 	 301 	 248 	 220 	 2929 	-6.8 
 82.5 	 100.1 	 9.79 	 .14 	-6.595 	 172 	 301 	 247 	 219 	 2940 	-6.6 
 83 	 100.1 	 9.74 	 .14 	-6.61 	 172 	 301 	 246 	 218 	 2965 	-6.9 
 83.5 	 100 	 9.76 	 .14 	-6.604 	 173 	 301 	 245 	 217 	 2977 	-6.8 
 84 	 100 	 9.68 	 .14 	-6.594 	 173 	 300 	 244 	 216 	 2992 	-6.8 
 84.5 	 100 	 9.62 	 .13 	-6.592 	 173 	 301 	 244 	 215 	 3007 	-7 
 85 	 100 	 9.64 	 .13 	-6.596 	 173 	 300 	 243 	 214 	 3023 	-6.8 
 85.5 	 100 	 9.65 	 .13 	-6.587 	 173 	 301 	 242 	 213 	 3038 	-6.9 
 86 	 100 	 9.6 	 .14 	-6.585 	 174 	 301 	 241 	 212 	 3051 	-7 
 86.5 	 99.9 	 9.44 	 .14 	-6.601 	 174 	 301 	 240 	 211 	 3064 	-6.9 
 87 	 100.1 	 9.4 	 .14 	-6.583 	 174 	 301 	 240 	 210 	 3075 	-6.8 
 87.5 	 100.1 	 9.48 	 .13 	-6.586 	 174 	 300 	 239 	 210 	 3087 	-6.9 
 88 	 100.1 	 9.39 	 .13 	-6.579 	 174 	 300 	 238 	 208 	 3101 	-6.8 
 88.5 	 100.1 	 9.41 	 .14 	-6.576 	 174 	 301 	 237 	 207 	 3112 	-6.9 
 89 	 100.1 	 9.29 	 .13 	-6.579 	 174 	 300 	 237 	 207 	 3122 	-7 
 89.5 	 100.1 	 9.2 	 .13 	-6.581 	 175 	 301 	 236 	 206 	 3129 	-6.8 
 90 	 100.1 	 8.98 	 .13 	-6.586 	 175 	 301 	 235 	 205 	 3138 	-7 
 90.5 	 100.1 	 8.8 	 .12 	-6.582 	 175 	 300 	 234 	 204 	 3151 	-6.5 
 91 	 100 	 8.75 	 .12 	-6.572 	 175 	 300 	 234 	 203 	 3159 	-6.8 
 91.5 	 100 	 8.71 	 .12 	-6.599 	 175 	 301 	 234 	 203 	 3166 	-6.6 
 92 	 100.1 	 8.66 	 .12 	-6.584 	 175 	 301 	 233 	 202 	 3174 	-6.6 
 92.5 	 100 	 8.55 	 .12 	-6.596 	 176 	 300 	 232 	 201 	 3182 	-7.3 
 93 	 100 	 8.46 	 .12 	-6.583 	 175 	 301 	 232 	 200 	 3190 	-7.1 
 93.5 	 100 	 8.46 	 .12 	-6.576 	 175 	 301 	 231 	 200 	 3197 	-7 
 94 	 100.1 	 8.5 	 .12 	-6.578 	 176 	 301 	 231 	 199 	 3202 	-6.8 
 94.5 	 100 	 8.34 	 .12 	-6.586 	 176 	 301 	 230 	 199 	 3210 	-7 
 95 	 100 	 8.36 	 .12 	-6.581 	 176 	 301 	 230 	 198 	 3216 	-6.5 
 95.5 	 100 	 8.39 	 .12 	-6.581 	 176 	 301 	 229 	 198 	 3220 	-7.1 
 96 	 100.1 	 8.3 	 .12 	-6.59 	 176 	 300 	 229 	 197 	 3228 	-6.9 
 96.5 	 100 	 8.37 	 .12 	-6.585 	 176 	 301 	 228 	 196 	 3232 	-7 
 97 	 100 	 8.36 	 .12 	-6.585 	 176 	 301 	 228 	 196 	 3236 	-6.9 
 97.5 	 100.1 	 8.29 	 .11 	-6.578 	 176 	 301 	 228 	 196 	 3241 	-7 
 98 	 100 	 8.29 	 .11 	-6.571 	 176 	 300 	 227 	 195 	 3248 	-6.9 
 98.5 	 100 	 8.23 	 .12 	-6.585 	 177 	 301 	 227 	 196 	 3254 	-6.8 
 99 	 100 	 8.26 	 .11 	-6.581 	 176 	 300 	 227 	 195 	 3256 	-6.9 
 99.5 	 100 	 8.38 	 .12 	-6.58 	 176 	 301 	 226 	 195 	 3261 	-6.8 
 100 	 99.9 	 8.33 	 .11 	-6.611 	 176 	 300 	 226 	 194 	 3261 	-6.8 
 100.5 	 99.9 	 8.32 	 .12 	-6.583 	 176 	 301 	 226 	 194 	 3272 	-6.6 
 101 	 100.1 	 8.32 	 .12 	-6.582 	 176 	 301 	 225 	 193 	 3271 	-6.8 
 101.5 	 100 	 8.36 	 .12 	-6.594 	 176 	 301 	 224 	 193 	 3276 	-6.6 
 102 	 100 	 8.21 	 .12 	-6.581 	 177 	 300 	 224 	 193 	 3281 	-6.6 
 102.5 	 100 	 8.28 	 .12 	-6.575 	 176 	 300 	 224 	 193 	 3286 	-7 
 103 	 100 	 8.34 	 .12 	-6.577 	 177 	 300 	 224 	 193 	 3288 	-6.8 
 103.5 	 99.9 	 8.37 	 .12 	-6.593 	 177 	 300 	 224 	 191 	 3294 	-6.9 
 104 	 99.9 	 8.25 	 .11 	-6.593 	 177 	 301 	 223 	 192 	 3293 	-6.6 
 104.5 	 100 	 8.34 	 .12 	-6.588 	 177 	 300 	 223 	 191 	 3297 	-7.1 
 105 	 99.9 	 8.47 	 .12 	-6.586 	 177 	 301 	 223 	 191 	 3300 	-7.1 
 105.5 	 100 	 8.65 	 .12 	-6.576 	 177 	 300 	 222 	 190 	 3305 	-7 
 106 	 100 	 8.66 	 .12 	-6.59 	 177 	 300 	 223 	 190 	 3307 	-6.8 
 106.5 	 100 	 8.64 	 .13 	-6.585 	 177 	 300 	 222 	 190 	 3310 	-6.6 
 107 	 100 	 8.61 	 .12 	-6.57 	 177 	 300 	 222 	 190 	 3311 	-6.9 
 107.5 	 99.9 	 8.61 	 .12 	-6.567 	 177 	 301 	 222 	 190 	 3315 	-7.3 
 108 	 99.8 	 8.78 	 .13 	-6.657 	 177 	 300 	 222 	 190 	 3319 	-6.8 
 108.5 	 99.9 	 8.95 	 .12 	-6.658 	 177 	 300 	 222 	 190 	 3322 	-6.8 
 109 	 99.9 	 8.76 	 .13 	-6.62 	 177 	 300 	 221 	 189 	 3324 	-6.9 
 109.5 	 100 	 8.81 	 .13 	-6.617 	 177 	 301 	 221 	 189 	 3328 	-7.1 
 110 	 99.9 	 8.76 	 .13 	-6.63 	 177 	 300 	 221 	 189 	 3329 	-6.4 
 110.5 	 100.1 	 8.85 	 .12 	-6.607 	 177 	 300 	 221 	 188 	 3335 	-6.8 
 111 	 100 	 8.84 	 .12 	-6.602 	 177 	 301 	 221 	 188 	 3339 	-6.9 
 111.5 	 100 	 8.79 	 .13 	-6.593 	 177 	 300 	 221 	 188 	 3338 	-7 
 112 	 99.9 	 8.77 	 .12 	-6.593 	 177 	 300 	 220 	 188 	 3340 	-7 
 112.5 	 100.1 	 8.81 	 .13 	-6.583 	 177 	 300 	 220 	 188 	 3345 	-6.8 
 113 	 100 	 8.83 	 .13 	-6.581 	 177 	 300 	 220 	 188 	 3347 	-6.6 
 113.5 	 100.1 	 8.81 	 .13 	-6.584 	 177 	 300 	 220 	 187 	 3348 	-7 
 114 	 100 	 8.9 	 .12 	-6.593 	 177 	 300 	 219 	 187 	 3350 	-6.9 
 114.5 	 100 	 8.83 	 .12 	-6.617 	 178 	 300 	 219 	 188 	 3352 	-6.9 
 115 	 100 	 8.81 	 .13 	-6.629 	 178 	 300 	 219 	 187 	 3356 	-7 
 115.5 	 100.1 	 8.73 	 .12 	-6.6 	 178 	 300 	 219 	 187 	 3357 	-6.6 
 116 	 100 	 8.72 	 .12 	-6.58 	 177 	 301 	 219 	 187 	 3356 	-6.9 
 116.5 	 100 	 8.73 	 .13 	-6.582 	 177 	 300 	 219 	 187 	 3360 	-6.9 
 117 	 100 	 8.72 	 .12 	-6.57 	 177 	 300 	 219 	 187 	 3360 	-6.8 
 117.5 	 100.1 	 8.67 	 .13 	-6.583 	 178 	 300 	 218 	 186 	 3361 	-6.8 
 118 	 100.1 	 8.52 	 .12 	-6.576 	 177 	 300 	 218 	 186 	 3365 	-7 
 118.5 	 99.9 	 8.31 	 .12 	-6.606 	 178 	 300 	 218 	 186 	 3368 	-7 
 119 	 100 	 8.36 	 .13 	-6.597 	 178 	 300 	 218 	 186 	 3369 	-6.6 
 119.5 	 100 	 8.32 	 .12 	-6.658 	 178 	 300 	 218 	 186 	 3369 	-7 
 120 	 99.9 	 8.28 	 .12 	-6.645 	 177 	 300 	 218 	 185 	 3370 	-7 
 120.5 	 100 	 8.35 	 .12 	-6.626 	 177 	 301 	 218 	 186 	 3372 	-6.5 
 121 	 100.1 	 8.25 	 .12 	-6.608 	 177 	 300 	 217 	 185 	 3374 	-6.4 
 121.5 	 100.1 	 8.15 	 .11 	-6.586 	 178 	 301 	 218 	 185 	 3377 	-6.5 
 122 	 100 	 8.15 	 .12 	-6.606 	 178 	 301 	 218 	 185 	 3377 	-6.9 
 122.5 	 100.1 	 8.22 	 .11 	-6.601 	 178 	 300 	 217 	 185 	 3379 	-6.8 
 123 	 100.1 	 8.24 	 .13 	-6.592 	 178 	 301 	 217 	 185 	 3378 	-6.5 
 123.5 	 100.1 	 8.18 	 .12 	-6.592 	 177 	 300 	 217 	 185 	 3380 	-6.6 
 124 	 100 	 8.03 	 .12 	-6.569 	 177 	 300 	 217 	 184 	 3383 	-6.8 
 124.5 	 100.1 	 8.01 	 .11 	-6.585 	 178 	 300 	 217 	 185 	 3384 	-6.4 
 125 	 100.1 	 7.87 	 .11 	-6.572 	 177 	 300 	 217 	 184 	 3386 	-7 
 125.5 	 100.1 	 7.94 	 .11 	-6.586 	 178 	 301 	 216 	 184 	 3385 	-6.8 
 126 	 100.1 	 7.81 	 .11 	-6.581 	 178 	 301 	 216 	 184 	 3386 	-6.8 
 126.5 	 100 	 7.78 	 .11 	-6.587 	 178 	 300 	 216 	 184 	 3386 	-6.6 
 127 	 100.1 	 7.81 	 .11 	-6.585 	 178 	 300 	 216 	 184 	 3387 	-6.9 
 127.5 	 100 	 7.7 	 .11 	-6.6 	 177 	 301 	 215 	 183 	 3387 	-6.9 
 128 	 100.1 	 7.74 	 .11 	-6.583 	 177 	 301 	 216 	 183 	 3390 	-6.9 
 128.5 	 100 	 7.73 	 .11 	-6.577 	 178 	 300 	 216 	 183 	 3392 	-6.6 
 129 	 99.9 	 7.65 	 .11 	-6.572 	 178 	 300 	 215 	 183 	 3391 	-6.9 
 129.5 	 99.9 	 7.68 	 .11 	-6.627 	 178 	 301 	 216 	 183 	 3392 	-6.6 
 130 	 99.9 	 7.74 	 .11 	-6.597 	 178 	 300 	 215 	 183 	 3393 	-6.9 
 130.5 	 99.9 	 7.69 	 .11 	-6.585 	 177 	 300 	 215 	 183 	 3393 	-6.6 
 131 	 99.9 	 7.6 	 .11 	-6.584 	 178 	 300 	 216 	 183 	 3396 	-7 
 131.5 	 99.9 	 7.75 	 .11 	-6.588 	 178 	 300 	 215 	 183 	 3398 	-6.4 
 132 	 100 	 7.71 	 .11 	-6.581 	 178 	 300 	 215 	 183 	 3396 	-6.8 
 132.5 	 99.9 	 7.68 	 .11 	-6.572 	 178 	 300 	 215 	 183 	 3398 	-7 
 133 	 100 	 7.72 	 .11 	-6.582 	 178 	 300 	 215 	 183 	 3399 	-6.6 
 133.5 	 99.9 	 7.71 	 .11 	-6.576 	 178 	 300 	 215 	 183 	 3405 	-6.9 
 134 	 100 	 7.75 	 .11 	-6.573 	 178 	 300 	 215 	 183 	 3402 	-7 
 134.5 	 100 	 7.68 	 .11 	-6.592 	 178 	 300 	 215 	 183 	 3404 	-6.9 
 135 	 99.9 	 7.72 	 .11 	-6.581 	 178 	 300 	 215 	 183 	 3404 	-6.9 
 135.5 	 99.9 	 7.79 	 .11 	-6.565 	 178 	 301 	 215 	 182 	 3406 	-6.9 
 136 	 100 	 7.78 	 .11 	-6.57 	 178 	 300 	 215 	 183 	 3408 	-6.9 
 136.5 	 99.8 	 7.85 	 .11 	-6.676 	 178 	 300 	 215 	 183 	 3407 	-7 
 137 	 99.9 	 8.44 	 .12 	-6.685 	 178 	 300 	 215 	 182 	 3410 	-7 
 137.5 	 99.8 	 8.56 	 .12 	-6.657 	 178 	 300 	 214 	 183 	 3408 	-6.8 
 138 	 99.8 	 8.75 	 .13 	-6.643 	 178 	 300 	 214 	 183 	 3411 	-6.6 
 138.5 	 99.8 	 8.72 	 .12 	-6.618 	 178 	 300 	 215 	 182 	 3411 	-6.9 
 139 	 99.9 	 8.69 	 .12 	-6.628 	 178 	 300 	 214 	 183 	 3416 	-6.8 
 139.5 	 100 	 8.69 	 .12 	-6.61 	 178 	 300 	 215 	 183 	 3414 	-6.8 
 140 	 99.9 	 8.66 	 .12 	-6.6 	 178 	 300 	 215 	 182 	 3416 	-6.5 
 140.5 	 99.9 	 8.75 	 .12 	-6.611 	 178 	 300 	 215 	 182 	 3418 	-6.9 
 141 	 100 	 8.81 	 .12 	-6.594 	 178 	 300 	 215 	 183 	 3420 	-6.4 
 141.5 	 100 	 8.75 	 .12 	-6.593 	 178 	 300 	 214 	 182 	 3420 	-6.5 
 142 	 100 	 8.77 	 .12 	-6.617 	 178 	 300 	 214 	 182 	 3422 	-6.8 
 142.5 	 100 	 8.68 	 .12 	-6.594 	 178 	 300 	 214 	 182 	 3422 	-6.6 
 143 	 100.1 	 8.8 	 .12 	-6.58 	 178 	 300 	 215 	 183 	 3424 	-7 
 143.5 	 100 	 8.74 	 .12 	-6.578 	 178 	 300 	 214 	 182 	 3422 	-6.9 
 144 	 100.1 	 8.82 	 .12 	-6.581 	 178 	 300 	 214 	 182 	 3424 	-6.8 
 144.5 	 100.1 	 8.75 	 .13 	-6.578 	 178 	 300 	 215 	 182 	 3426 	-7 
 145 	 100 	 8.79 	 .12 	-6.613 	 178 	 300 	 214 	 182 	 3427 	-6.9 
 145.5 	 100.1 	 8.69 	 .13 	-6.568 	 178 	 301 	 214 	 182 	 3426 	-6.8 
 146 	 100 	 8.71 	 .12 	-6.576 	 178 	 300 	 215 	 182 	 3426 	-6.6 
 146.5 	 100.1 	 8.8 	 .12 	-6.57 	 178 	 300 	 214 	 182 	 3425 	-6.5 
 147 	 100.1 	 8.82 	 .12 	-6.617 	 178 	 300 	 215 	 182 	 3427 	-7 
 147.5 	 100.1 	 8.79 	 .13 	-6.601 	 178 	 300 	 215 	 182 	 3428 	-6.6 
 148 	 100.1 	 8.66 	 .12 	-6.64 	 178 	 300 	 215 	 182 	 3426 	-6.9 
 148.5 	 100.1 	 8.81 	 .13 	-6.612 	 178 	 300 	 215 	 183 	 3427 	-6.6 
 149 	 100.1 	 8.85 	 .13 	-6.6 	 178 	 300 	 215 	 182 	 3427 	-6.8 
 149.5 	 99.9 	 8.85 	 .13 	-6.653 	 178 	 300 	 215 	 183 	 3428 	-7 
 150 	 100.1 	 8.81 	 .12 	-6.585 	 178 	 300 	 215 	 182 	 3425 	-6.4 
 150.5 	 100.1 	 8.76 	 .12 	-6.599 	 178 	 301 	 215 	 183 	 3429 	-6.8 
 151 	 100.1 	 8.63 	 .13 	-6.585 	 178 	 300 	 215 	 183 	 3429 	-7 
 151.5 	 100 	 8.74 	 .12 	-6.584 	 178 	 300 	 215 	 182 	 3429 	-6.9 
 152 	 100 	 8.69 	 .12 	-6.589 	 178 	 300 	 215 	 182 	 3430 	-7 
 152.5 	 100.2 	 8.62 	 .12 	-6.579 	 178 	 300 	 215 	 182 	 3428 	-7 
 153 	 100.1 	 8.44 	 .12 	-6.604 	 178 	 300 	 215 	 182 	 3427 	-6.9 
 153.5 	 100 	 8.24 	 .12 	-6.626 	 178 	 300 	 215 	 182 	 3430 	-6.9 
 154 	 100 	 8.31 	 .12 	-6.625 	 178 	 301 	 215 	 183 	 3429 	-6.9 
 154.5 	 99.8 	 8.27 	 .11 	-6.717 	 178 	 300 	 215 	 183 	 3429 	-6.9 
 155 	 99.8 	 8.43 	 .12 	-6.69 	 179 	 300 	 215 	 182 	 3428 	-6.8 
 155.5 	 100 	 8.56 	 .12 	-6.67 	 178 	 300 	 215 	 182 	 3429 	-6.6 
 156 	 100.1 	 8.49 	 .12 	-6.659 	 178 	 300 	 215 	 183 	 3429 	-7 
 156.5 	 100 	 8.75 	 .13 	-6.647 	 178 	 301 	 215 	 182 	 3430 	-7 
 157 	 99.9 	 8.78 	 .12 	-6.675 	 178 	 300 	 215 	 183 	 3430 	-6.9 
 157.5 	 99.9 	 8.74 	 .12 	-6.675 	 178 	 301 	 215 	 183 	 3429 	-6.8 
 158 	 99.9 	 8.82 	 .12 	-6.681 	 179 	 300 	 215 	 183 	 3432 	-6.8 
 158.5 	 99.9 	 8.76 	 .12 	-6.68 	 178 	 300 	 215 	 183 	 3432 	-6.8 
 159 	 99.8 	 8.83 	 .13 	-6.682 	 178 	 300 	 215 	 182 	 3428 	-6.8 
 159.5 	 99.9 	 8.8 	 .13 	-6.673 	 178 	 300 	 215 	 183 	 3432 	-7 
 160 	 100 	 8.9 	 .12 	-6.659 	 178 	 300 	 216 	 183 	 3431 	-6.6 
 160.5 	 100 	 8.88 	 .12 	-6.656 	 178 	 300 	 215 	 183 	 3431 	-6.8 
 161 	 100 	 8.74 	 .13 	-6.65 	 178 	 300 	 215 	 183 	 3431 	-6.8 
 161.5 	 100 	 8.72 	 .12 	-6.622 	 178 	 300 	 216 	 183 	 3435 	-7 
 162 	 100 	 8.86 	 .12 	-6.634 	 178 	 300 	 215 	 182 	 3432 	-6.8 
 162.5 	 100 	 8.88 	 .13 	-6.657 	 178 	 300 	 215 	 183 	 3432 	-6.6 
 163 	 100 	 8.91 	 .13 	-6.633 	 178 	 300 	 215 	 183 	 3434 	-6.9 
 163.5 	 99.9 	 8.89 	 .12 	-6.627 	 178 	 300 	 215 	 183 	 3433 	-7 
 164 	 100.2 	 8.75 	 .13 	-6.6 	 178 	 300 	 215 	 183 	 3432 	-7 
 164.5 	 100.1 	 8.82 	 .12 	-6.598 	 178 	 300 	 215 	 183 	 3435 	-6.8 
 165 	 100.1 	 8.76 	 .12 	-6.643 	 178 	 300 	 215 	 183 	 3433 	-6.6 
 165.5 	 100.1 	 8.74 	 .13 	-6.648 	 178 	 300 	 216 	 183 	 3437 	-6.5 
 166 	 100.1 	 8.83 	 .13 	-6.589 	 178 	 300 	 215 	 183 	 3434 	-6.5 
 166.5 	 100.1 	 8.64 	 .12 	-6.597 	 178 	 300 	 215 	 183 	 3434 	-6.6 
 167 	 100 	 8.41 	 .12 	-6.592 	 178 	 300 	 215 	 183 	 3433 	-7 
 167.5 	 100.1 	 8.15 	 .11 	-6.575 	 178 	 300 	 215 	 183 	 3434 	-7 
 168 	 100.1 	 8.17 	 .12 	-6.631 	 179 	 300 	 215 	 183 	 3433 	-6.9 
 168.5 	 100 	 8.14 	 .11 	-6.626 	 179 	 300 	 215 	 182 	 3435 	-6.8 
 169 	 100 	 8.12 	 .12 	-6.619 	 179 	 300 	 216 	 183 	 3435 	-6.8 
 169.5 	 100.1 	 7.93 	 .11 	-6.604 	 178 	 300 	 215 	 183 	 3434 	-6.6 
 170 	 100.2 	 7.96 	 .11 	-6.577 	 178 	 300 	 215 	 183 	 3435 	-6.8 
 170.5 	 100.2 	 7.84 	 .11 	-6.581 	 178 	 300 	 215 	 182 	 3435 	-7 
 171 	 100 	 7.71 	 .11 	-6.584 	 178 	 301 	 215 	 182 	 3433 	-6.5 
 171.5 	 100.1 	 7.6 	 .11 	-6.577 	 179 	 301 	 215 	 183 	 3435 	-6.5 
 172 	 100 	 7.59 	 .11 	-6.583 	 179 	 301 	 215 	 182 	 3435 	-6.5 
 172.5 	 100 	 7.6 	 .11 	-6.599 	 178 	 301 	 215 	 183 	 3432 	-7 
 173 	 100 	 7.64 	 .11 	-6.591 	 178 	 301 	 215 	 183 	 3435 	-6.6 
 173.5 	 100 	 7.56 	 .11 	-6.578 	 178 	 301 	 215 	 183 	 3436 	-6.5 
 174 	 100 	 7.58 	 .11 	-6.622 	 178 	 301 	 215 	 183 	 3435 	-7 
 174.5 	 99.9 	 7.6 	 .11 	-6.608 	 178 	 301 	 215 	 183 	 3435 	-6.9 
 175 	 100 	 7.56 	 .11 	-6.606 	 179 	 300 	 215 	 183 	 3433 	-6.9 
 175.5 	 100 	 7.7 	 .11 	-6.6 	 179 	 300 	 215 	 183 	 3433 	-7 
 176 	 99.9 	 7.63 	 .11 	-6.635 	 178 	 301 	 215 	 183 	 3433 	-6.9 
 176.5 	 99.9 	 7.74 	 .11 	-6.622 	 178 	 300 	 215 	 183 	 3435 	-6.6 
 177 	 100 	 7.77 	 .11 	-6.609 	 178 	 301 	 215 	 183 	 3434 	-6.9 
 177.5 	 100 	 7.75 	 .11 	-6.608 	 178 	 300 	 215 	 183 	 3435 	-6.6 
 178 	 99.9 	 7.76 	 .11 	-6.599 	 179 	 301 	 215 	 183 	 3436 	-7 
 178.5 	 99.9 	 7.9 	 .11 	-6.623 	 178 	 301 	 215 	 183 	 3435 	-6.6 
 179 	 99.9 	 8.06 	 .11 	-6.624 	 178 	 300 	 215 	 183 	 3433 	-6.6 
 179.5 	 99.8 	 8.06 	 .11 	-6.641 	 178 	 300 	 215 	 183 	 3434 	-6.8 
 180 	 99.8 	 8.3 	 .12 	-6.645 	 178 	 300 	 215 	 183 	 3435 	-6.8 
 180.5 	 99.7 	 8.48 	 .12 	-6.643 	 178 	 300 	 215 	 183 	 3435 	-7.1 
 181 	 99.8 	 8.52 	 .12 	-6.635 	 178 	 300 	 216 	 183 	 3435 	-6.5 
 181.5 	 99.9 	 8.65 	 .12 	-6.604 	 178 	 300 	 216 	 183 	 3434 	-6.8 
 182 	 99.9 	 8.56 	 .12 	-6.626 	 178 	 300 	 216 	 183 	 3436 	-6.8 
 182.5 	 99.9 	 8.56 	 .12 	-6.627 	 179 	 300 	 215 	 183 	 3434 	-6.8 
 183 	 99.9 	 8.67 	 .12 	-6.696 	 178 	 300 	 216 	 184 	 3434 	-6.9 
 183.5 	 99.9 	 8.86 	 .12 	-6.705 	 178 	 300 	 216 	 184 	 3438 	-6.8 
 184 	 99.8 	 8.85 	 .13 	-6.705 	 178 	 299 	 216 	 184 	 3436 	-6.9 
 184.5 	 99.9 	 9 	 .12 	-6.702 	 178 	 299 	 216 	 185 	 3435 	-6.8 
 185 	 100 	 8.86 	 .13 	-6.71 	 178 	 299 	 216 	 184 	 3442 	-6.8 
 185.5 	 99.9 	 9 	 .13 	-6.721 	 178 	 300 	 216 	 184 	 3442 	-6.9 
 186 	 100 	 9.03 	 .13 	-6.725 	 178 	 299 	 216 	 184 	 3445 	-6.8 
 186.5 	 100.1 	 8.99 	 .13 	-6.737 	 178 	 299 	 216 	 184 	 3447 	-6.9 
 187 	 100.1 	 8.99 	 .12 	-6.731 	 178 	 300 	 216 	 184 	 3447 	-6.6 
 187.5 	 100 	 9.03 	 .13 	-6.73 	 179 	 299 	 216 	 184 	 3446 	-6.8 
 188 	 100 	 9.02 	 .13 	-6.726 	 178 	 299 	 216 	 184 	 3449 	-6.8 
 188.5 	 100.1 	 8.96 	 .13 	-6.742 	 179 	 300 	 216 	 183 	 3450 	-6.6 
 189 	 100.1 	 8.98 	 .13 	-6.743 	 179 	 300 	 216 	 184 	 3451 	-6.9 
 189.5 	 100.1 	 9.01 	 .13 	-6.744 	 178 	 299 	 216 	 184 	 3451 	-6.8 
 190 	 100.1 	 8.97 	 .13 	-6.771 	 178 	 300 	 216 	 184 	 3451 	-6.6 
 190.5 	 100 	 9.1 	 .13 	-6.775 	 179 	 300 	 216 	 184 	 3454 	-6.6 
 191 	 100.1 	 9.07 	 .13 	-6.75 	 179 	 300 	 217 	 184 	 3454 	-6.6 
 191.5 	 100.1 	 9.04 	 .13 	-6.764 	 178 	 299 	 216 	 184 	 3452 	-6.9 
 192 	 100.1 	 8.96 	 .13 	-6.757 	 178 	 300 	 216 	 184 	 3455 	-7 
 192.5 	 100.1 	 8.95 	 .13 	-6.757 	 179 	 300 	 216 	 184 	 3453 	-6.6 
 193 	 100 	 8.95 	 .12 	-6.75 	 179 	 300 	 216 	 185 	 3455 	-6.5 
 193.5 	 100.1 	 8.97 	 .13 	-6.749 	 179 	 300 	 216 	 184 	 3453 	-6.9 
 194 	 100.1 	 8.95 	 .13 	-6.75 	 179 	 300 	 216 	 184 	 3454 	-6.5 
 194.5 	 100.1 	 8.93 	 .12 	-6.755 	 179 	 300 	 216 	 184 	 3453 	-6.9 
 195 	 100.1 	 8.86 	 .13 	-6.741 	 179 	 301 	 216 	 184 	 3454 	-6.8 
 195.5 	 100.1 	 8.87 	 .13 	-6.742 	 179 	 301 	 217 	 184 	 3454 	-7 
 196 	 100.2 	 8.66 	 .12 	-6.74 	 179 	 301 	 216 	 184 	 3453 	-6.6 
 196.5 	 100.1 	 8.5 	 .12 	-6.741 	 179 	 300 	 216 	 184 	 3453 	-6.8 
 197 	 100.1 	 8.44 	 .12 	-6.742 	 179 	 301 	 216 	 184 	 3452 	-6.8 
 197.5 	 100.1 	 8.39 	 .11 	-6.749 	 179 	 300 	 216 	 184 	 3453 	-6.9 
 198 	 100 	 8.43 	 .12 	-6.774 	 179 	 300 	 216 	 184 	 3455 	-7 
 198.5 	 100 	 8.41 	 .12 	-6.775 	 179 	 301 	 216 	 183 	 3453 	-6.6 
 199 	 100 	 8.27 	 .11 	-6.771 	 179 	 301 	 217 	 184 	 3454 	-6.5 
 199.5 	 100.1 	 8.22 	 .11 	-6.766 	 179 	 300 	 216 	 184 	 3455 	-6.8 
 200 	 100.1 	 8.16 	 .11 	-6.748 	 179 	 301 	 216 	 184 	 3454 	-7 
 200.5 	 100.2 	 7.97 	 .11 	-6.745 	 179 	 301 	 216 	 183 	 3454 	-6.8 
 201 	 100.1 	 7.98 	 .11 	-6.741 	 179 	 301 	 217 	 184 	 3454 	-6.8 
 201.5 	 100.1 	 7.92 	 .11 	-6.744 	 179 	 301 	 216 	 184 	 3455 	-6.6 
 202 	 100 	 7.75 	 .11 	-6.75 	 179 	 302 	 216 	 184 	 3457 	-6.5 
 202.5 	 100.1 	 7.84 	 .11 	-6.741 	 179 	 301 	 216 	 184 	 3456 	-6.6 
 203 	 100 	 7.75 	 .11 	-6.744 	 179 	 301 	 216 	 183 	 3456 	-6.5 
 203.5 	 100.1 	 7.65 	 .1 	-6.744 	 178 	 301 	 216 	 184 	 3454 	-7 
 204 	 100 	 7.75 	 .11 	-6.738 	 179 	 301 	 216 	 184 	 3454 	-6.4 
 204.5 	 100.1 	 7.76 	 .12 	-6.743 	 179 	 301 	 216 	 184 	 3456 	-6.6 
 205 	 100 	 8.11 	 .11 	-6.757 	 179 	 301 	 216 	 184 	 3454 	-6.9 
 205.5 	 99.9 	 7.79 	 .11 	-6.753 	 179 	 301 	 216 	 184 	 3453 	-6.5 
 206 	 100 	 7.85 	 .11 	-6.745 	 179 	 301 	 216 	 184 	 3455 	-6.8 
 206.5 	 99.8 	 7.78 	 .11 	-6.766 	 179 	 301 	 216 	 184 	 3456 	-6.8 
 207 	 100 	 7.78 	 .11 	-6.767 	 178 	 301 	 216 	 183 	 3455 	-7 
 207.5 	 99.9 	 7.74 	 .11 	-6.769 	 179 	 301 	 216 	 184 	 3454 	-7 
 208 	 99.9 	 7.72 	 .11 	-6.757 	 179 	 300 	 216 	 183 	 3452 	-7 
 208.5 	 99.9 	 7.73 	 .11 	-6.759 	 179 	 300 	 216 	 183 	 3453 	-6.9 
 209 	 99.8 	 7.67 	 .11 	-6.754 	 179 	 301 	 216 	 184 	 3455 	-6.6 
 209.5 	 99.9 	 7.62 	 .11 	-6.743 	 179 	 300 	 216 	 183 	 3456 	-7.1 
 210 	 99.9 	 7.73 	 .11 	-6.742 	 179 	 301 	 215 	 183 	 3455 	-6.6 
 210.5 	 99.9 	 7.65 	 .11 	-6.742 	 179 	 300 	 216 	 183 	 3455 	-6.5 
 211 	 99.8 	 7.66 	 .11 	-6.751 	 179 	 300 	 216 	 184 	 3453 	-7 
 211.5 	 99.9 	 7.66 	 .11 	-6.752 	 179 	 300 	 216 	 184 	 3453 	-7 
 212 	 99.9 	 7.71 	 .11 	-6.752 	 179 	 300 	 216 	 183 	 3454 	-6.8 
 212.5 	 100 	 7.68 	 .11 	-6.743 	 179 	 300 	 216 	 183 	 3455 	-6.6 
 213 	 99.8 	 7.67 	 .11 	-6.75 	 179 	 300 	 216 	 184 	 3454 	-6.8 
 213.5 	 99.8 	 7.62 	 .11 	-6.757 	 179 	 300 	 216 	 184 	 3454 	-6.5 
 214 	 100 	 7.61 	 .11 	-6.751 	 179 	 300 	 216 	 184 	 3453 	-6.5 
 214.5 	 99.9 	 7.61 	 .11 	-6.74 	 179 	 300 	 216 	 184 	 3455 	-6.6 
 215 	 100 	 7.6 	 .11 	-6.759 	 179 	 300 	 216 	 184 	 3455 	-6.9 
 215.5 	 99.9 	 7.68 	 .11 	-6.784 	 179 	 300 	 215 	 184 	 3455 	-6.6 
 216 	 99.9 	 7.66 	 .11 	-6.792 	 179 	 300 	 216 	 183 	 3454 	-6.6 
 216.5 	 99.8 	 7.76 	 .11 	-6.785 	 179 	 300 	 216 	 184 	 3455 	-6.9 
 217 	 99.7 	 7.72 	 .11 	-6.809 	 179 	 300 	 216 	 183 	 3454 	-6.4 
 217.5 	 99.8 	 7.72 	 .11 	-6.792 	 179 	 299 	 216 	 184 	 3454 	-6.9 
 218 	 99.8 	 7.58 	 .1 	-6.794 	 179 	 300 	 216 	 184 	 3455 	-6.8 
 218.5 	 99.8 	 7.73 	 .11 	-6.762 	 179 	 300 	 216 	 184 	 3454 	-6.6 
 219 	 99.7 	 7.68 	 .11 	-6.784 	 179 	 300 	 216 	 184 	 3454 	-6.5 
 219.5 	 99.8 	 7.57 	 .11 	-6.777 	 179 	 300 	 216 	 184 	 3453 	-6.8 
 220 	 99.7 	 7.61 	 .11 	-6.784 	 179 	 300 	 216 	 184 	 3455 	-7 
 220.5 	 99.7 	 7.64 	 .11 	-6.784 	 179 	 300 	 216 	 184 	 3455 	-6.8 
 221 	 99.8 	 7.53 	 .11 	-6.778 	 179 	 300 	 216 	 184 	 3453 	-7.1 
 221.5 	 99.8 	 7.65 	 .1 	-6.78 	 179 	 300 	 215 	 184 	 3453 	-6.8 
 222 	 99.8 	 7.67 	 .11 	-6.782 	 179 	 300 	 216 	 184 	 3454 	-6.8 
 222.5 	 99.8 	 7.52 	 .11 	-6.785 	 179 	 299 	 216 	 184 	 3455 	-6.8 
 223 	 99.8 	 7.77 	 .11 	-6.774 	 178 	 300 	 216 	 183 	 3454 	-6.6 
 223.5 	 99.7 	 7.59 	 .11 	-6.77 	 179 	 300 	 216 	 184 	 3456 	-6.9 
 224 	 99.7 	 7.6 	 .11 	-6.792 	 179 	 300 	 216 	 184 	 3453 	-6.9 
 224.5 	 99.8 	 7.59 	 .11 	-6.789 	 178 	 300 	 216 	 184 	 3455 	-6.6 
 225 	 99.9 	 7.78 	 .11 	-6.78 	 179 	 299 	 216 	 183 	 3454 	-6.8 
 225.5 	 99.9 	 7.67 	 .12 	-6.782 	 179 	 300 	 216 	 184 	 3454 	-6.8 
 226 	 99.8 	 7.61 	 .11 	-6.782 	 179 	 299 	 216 	 184 	 3454 	-6.6 
 226.5 	 99.8 	 7.65 	 .11 	-6.788 	 179 	 300 	 215 	 184 	 3455 	-6.4 
 227 	 99.7 	 7.69 	 .1 	-6.784 	 179 	 300 	 216 	 184 	 3455 	-6.6 
 227.5 	 99.8 	 7.73 	 .11 	-6.788 	 179 	 300 	 216 	 183 	 3452 	-6.8 
 228 	 99.8 	 7.8 	 .11 	-6.781 	 179 	 300 	 216 	 183 	 3455 	-7 
 228.5 	 99.8 	 7.75 	 .12 	-6.784 	 179 	 299 	 216 	 184 	 3454 	-6.8 
 229 	 99.7 	 7.8 	 .11 	-6.791 	 179 	 300 	 216 	 184 	 3453 	-6.4 
 229.5 	 99.6 	 7.98 	 .11 	-6.789 	 179 	 300 	 216 	 184 	 3455 	-6.9 
 230 	 99.7 	 7.95 	 .11 	-6.774 	 179 	 300 	 216 	 184 	 3454 	-6.4 
 230.5 	 99.7 	 8.01 	 .11 	-6.782 	 179 	 300 	 216 	 184 	 3456 	-6.8 
 231 	 99.8 	 8.14 	 .11 	-6.771 	 179 	 300 	 216 	 184 	 3453 	-7 
 231.5 	 99.8 	 8.2 	 .12 	-6.792 	 179 	 300 	 216 	 184 	 3456 	-6.5 
 232 	 99.8 	 8.09 	 .11 	-6.771 	 179 	 300 	 216 	 183 	 3454 	-6.5 
 232.5 	 99.7 	 8.25 	 .12 	-6.783 	 179 	 300 	 216 	 184 	 3454 	-6.8 
 233 	 99.7 	 8.29 	 .12 	-6.784 	 179 	 299 	 216 	 184 	 3454 	-6.9 
 233.5 	 99.7 	 8.36 	 .12 	-6.785 	 179 	 300 	 216 	 184 	 3456 	-6.8 
 234 	 99.9 	 8.38 	 .12 	-6.793 	 179 	 300 	 216 	 183 	 3453 	-6.9 
 234.5 	 99.8 	 8.4 	 .12 	-6.78 	 179 	 300 	 216 	 184 	 3455 	-6.9 
 235 	 99.8 	 8.37 	 .12 	-6.788 	 179 	 300 	 216 	 184 	 3456 	-6.6 
 235.5 	 99.8 	 8.31 	 .12 	-6.784 	 179 	 300 	 216 	 184 	 3456 	-6.5 
 236 	 99.7 	 8.33 	 .12 	-6.782 	 178 	 300 	 216 	 184 	 3453 	-6.6 
 236.5 	 99.8 	 8.59 	 .12 	-6.784 	 179 	 300 	 216 	 184 	 3453 	-6.8 
 237 	 99.9 	 8.5 	 .12 	-6.768 	 179 	 300 	 216 	 184 	 3454 	-6.3 
 237.5 	 99.9 	 8.5 	 .11 	-6.78 	 179 	 300 	 216 	 184 	 3455 	-6.5 
 238 	 99.8 	 8.45 	 .12 	-6.774 	 179 	 300 	 216 	 184 	 3453 	-7 
 238.5 	 99.7 	 8.4 	 .12 	-6.77 	 179 	 300 	 216 	 184 	 3452 	-6.8 
 239 	 99.8 	 8.53 	 .12 	-6.779 	 179 	 300 	 216 	 184 	 3451 	-6.9 
 239.5 	 99.8 	 8.59 	 .12 	-6.779 	 179 	 300 	 216 	 184 	 3454 	-6.8 
 240 	 99.9 	 8.51 	 .12 	-6.775 	 179 	 300 	 216 	 184 	 3454 	-6.8 
 240.5 	 99.8 	 8.56 	 .12 	-6.775 	 179 	 300 	 216 	 184 	 3454 	-6.9 
 241 	 99.8 	 8.58 	 .12 	-6.773 	 179 	 300 	 216 	 184 	 3455 	-6.5 
 241.5 	 99.8 	 8.7 	 .12 	-6.776 	 179 	 300 	 216 	 184 	 3453 	-6.6 
 242 	 99.8 	 8.71 	 .12 	-6.786 	 179 	 300 	 216 	 184 	 3454 	-6.9 
 242.5 	 99.8 	 8.69 	 .13 	-6.782 	 179 	 300 	 217 	 184 	 3455 	-6.9 
 243 	 99.8 	 8.82 	 .12 	-6.798 	 179 	 300 	 217 	 184 	 3457 	-6.8 
 243.5 	 99.9 	 8.76 	 .12 	-6.782 	 179 	 299 	 216 	 184 	 3452 	-6.6 
 244 	 99.8 	 8.73 	 .12 	-6.788 	 179 	 300 	 216 	 184 	 3455 	-6.6 
 244.5 	 99.8 	 8.72 	 .12 	-6.788 	 179 	 300 	 216 	 184 	 3454 	-6.8 
 245 	 99.9 	 8.85 	 .12 	-6.781 	 179 	 300 	 217 	 185 	 3456 	-6.4 
 245.5 	 99.9 	 8.83 	 .13 	-6.777 	 179 	 299 	 217 	 185 	 3456 	-6.6 
 246 	 99.9 	 8.89 	 .13 	-6.765 	 179 	 300 	 217 	 185 	 3459 	-6.8 
 246.5 	 100 	 8.95 	 .13 	-6.789 	 179 	 300 	 216 	 185 	 3459 	-6.9 
 247 	 100 	 9 	 .13 	-6.773 	 179 	 300 	 217 	 185 	 3462 	-6.9 
 247.5 	 100 	 9.14 	 .13 	-6.778 	 179 	 300 	 217 	 185 	 3462 	-7 
 248 	 100 	 9.14 	 .13 	-6.783 	 179 	 300 	 217 	 185 	 3464 	-6.6 
 248.5 	 100.1 	 9.26 	 .13 	-6.777 	 179 	 299 	 217 	 186 	 3468 	-6.5 
 249 	 100.2 	 9.27 	 .13 	-6.779 	 179 	 300 	 217 	 185 	 3470 	-6.6 
 249.5 	 100.3 	 9.19 	 .13 	-6.772 	 179 	 300 	 217 	 186 	 3472 	-6.9 
 250 	 100.3 	 9.37 	 .13 	-6.782 	 179 	 300 	 217 	 186 	 3471 	-7 
 250.5 	 100.4 	 9.36 	 .13 	-6.775 	 179 	 300 	 218 	 186 	 3475 	-6.4 
 251 	 100.5 	 9.4 	 .13 	-6.793 	 179 	 300 	 218 	 187 	 3478 	-6.6 
 251.5 	 100.6 	 9.45 	 .13 	-6.788 	 179 	 300 	 218 	 187 	 3481 	-6.9 
 252 	 100.7 	 9.53 	 .13 	-6.785 	 179 	 300 	 218 	 187 	 3486 	-6.6 
 252.5 	 100.8 	 9.5 	 .14 	-6.781 	 180 	 300 	 219 	 188 	 3489 	-7 
 253 	 100.9 	 9.71 	 .14 	-6.782 	 180 	 299 	 219 	 188 	 3493 	-7.1 
 253.5 	 101 	 9.66 	 .14 	-6.775 	 180 	 300 	 219 	 188 	 3496 	-6.9 
 254 	 101.2 	 9.77 	 .14 	-6.771 	 180 	 300 	 220 	 189 	 3500 	-6.5 
 254.5 	 101.4 	 9.93 	 .14 	-6.775 	 180 	 300 	 220 	 188 	 3503 	-6.9 
 255 	 101.4 	 9.91 	 .14 	-6.771 	 180 	 300 	 220 	 189 	 3507 	-6.6 
 255.5 	 101.5 	 9.95 	 .14 	-6.779 	 180 	 299 	 220 	 189 	 3511 	-6.6 
 256 	 101.6 	 10.05 	 .14 	-6.77 	 180 	 300 	 220 	 190 	 3514 	-6.8 
 256.5 	 101.9 	 10.18 	 .14 	-6.768 	 181 	 300 	 220 	 190 	 3523 	-7 
 257 	 102 	 10.27 	 .14 	-6.769 	 181 	 300 	 221 	 190 	 3527 	-7 
 257.5 	 102.1 	 10.42 	 .15 	-6.767 	 181 	 300 	 221 	 190 	 3530 	-6.6 
 258 	 102.2 	 10.37 	 .14 	-6.768 	 181 	 300 	 221 	 190 	 3535 	-6.6 
 258.5 	 102.3 	 10.61 	 .15 	-6.774 	 181 	 300 	 221 	 191 	 3538 	-6.6 
 259 	 102.4 	 10.62 	 .15 	-6.766 	 181 	 300 	 222 	 191 	 3543 	-6.6 
 259.5 	 102.6 	 10.69 	 .15 	-6.778 	 181 	 300 	 222 	 190 	 3545 	-6.9 
 260 	 102.7 	 10.62 	 .15 	-6.771 	 181 	 300 	 222 	 191 	 3549 	-6.8 
 260.5 	 102.8 	 10.73 	 .15 	-6.775 	 181 	 300 	 222 	 191 	 3555 	-6.4 
 261 	 102.8 	 10.83 	 .16 	-6.768 	 181 	 300 	 223 	 191 	 3558 	-6.8 
 261.5 	 103 	 10.8 	 .15 	-6.775 	 182 	 301 	 222 	 191 	 3563 	-6.5 
 262 	 103.1 	 10.88 	 .15 	-6.769 	 182 	 300 	 223 	 191 	 3565 	-6.5 
 262.5 	 103.2 	 10.97 	 .16 	-6.757 	 182 	 301 	 222 	 191 	 3569 	-6.5 
 263 	 103.3 	 10.88 	 .15 	-6.759 	 182 	 300 	 223 	 191 	 3573 	-6.6 
 263.5 	 103.2 	 10.9 	 .16 	-6.765 	 182 	 300 	 223 	 190 	 3575 	-6.8 
 264 	 103.4 	 11.02 	 .16 	-6.766 	 182 	 300 	 223 	 191 	 3579 	-6.9 
 264.5 	 103.5 	 11.04 	 .16 	-6.763 	 182 	 300 	 223 	 191 	 3580 	-6.8 
 265 	 103.6 	 11.13 	 .16 	-6.761 	 182 	 300 	 223 	 191 	 3583 	-6.8 
 265.5 	 103.5 	 11.14 	 .16 	-6.76 	 182 	 301 	 223 	 191 	 3586 	-6.6 
 266 	 103.5 	 11.14 	 .16 	-6.763 	 182 	 300 	 223 	 191 	 3587 	-6.8 
 266.5 	 103.6 	 11.13 	 .16 	-6.778 	 182 	 300 	 223 	 191 	 3589 	-7 
 267 	 103.7 	 11.24 	 .16 	-6.772 	 182 	 301 	 223 	 191 	 3588 	-6.4 
 267.5 	 103.8 	 11.24 	 .16 	-6.773 	 182 	 300 	 223 	 192 	 3592 	-6.8 
 268 	 103.8 	 11.19 	 .16 	-6.765 	 183 	 300 	 223 	 191 	 3593 	-6.6 
 268.5 	 103.8 	 11.22 	 .16 	-6.765 	 183 	 301 	 223 	 191 	 3596 	-6.9 
 269 	 104 	 11.35 	 .16 	-6.764 	 182 	 300 	 223 	 191 	 3601 	-6.8 
 269.5 	 104 	 11.4 	 .16 	-6.751 	 183 	 300 	 224 	 191 	 3601 	-6.8 
 270 	 104.1 	 11.41 	 .16 	-6.754 	 183 	 301 	 224 	 192 	 3603 	-6.9 
 270.5 	 104.1 	 11.49 	 .16 	-6.763 	 183 	 300 	 224 	 192 	 3605 	-6.5 
 271 	 104.1 	 11.54 	 .16 	-6.759 	 183 	 300 	 224 	 192 	 3603 	-6.8 
 271.5 	 104.2 	 11.58 	 .16 	-6.757 	 182 	 300 	 224 	 193 	 3608 	-6.6 
 272 	 104.3 	 11.54 	 .16 	-6.752 	 183 	 300 	 224 	 192 	 3609 	-6.4 
 272.5 	 104.4 	 11.62 	 .17 	-6.758 	 183 	 300 	 224 	 192 	 3612 	-6.8 
 273 	 104.3 	 11.63 	 .16 	-6.762 	 183 	 300 	 224 	 192 	 3613 	-6.9 
 273.5 	 104.3 	 11.72 	 .16 	-6.755 	 183 	 300 	 224 	 192 	 3613 	-6.9 
 274 	 104.4 	 11.62 	 .17 	-6.748 	 183 	 300 	 224 	 192 	 3617 	-6.9 
 274.5 	 104.6 	 11.71 	 .17 	-6.749 	 183 	 301 	 225 	 193 	 3619 	-6.6 
 275 	 104.6 	 11.87 	 .17 	-6.759 	 183 	 300 	 224 	 192 	 3619 	-6.6 
 275.5 	 104.6 	 11.8 	 .17 	-6.759 	 183 	 300 	 224 	 192 	 3621 	-6.8 
 276 	 104.6 	 11.81 	 .17 	-6.764 	 183 	 300 	 225 	 192 	 3624 	-6.8 
 276.5 	 104.7 	 11.92 	 .17 	-6.767 	 183 	 301 	 225 	 193 	 3626 	-6.8 
 277 	 104.8 	 11.85 	 .17 	-6.776 	 183 	 300 	 225 	 193 	 3626 	-6.8 
 277.5 	 104.8 	 11.85 	 .17 	-6.767 	 183 	 300 	 225 	 193 	 3629 	-6.9 
 278 	 104.8 	 11.95 	 .17 	-6.76 	 183 	 300 	 225 	 192 	 3630 	-6.5 
 278.5 	 104.8 	 12.02 	 .17 	-6.756 	 183 	 300 	 225 	 193 	 3632 	-6.9 
 279 	 105 	 12.12 	 .17 	-6.761 	 183 	 300 	 225 	 193 	 3633 	-6.6 
 279.5 	 105 	 12.12 	 .17 	-6.761 	 184 	 300 	 225 	 193 	 3634 	-7 
 280 	 104.9 	 12.22 	 .17 	-6.761 	 184 	 300 	 226 	 193 	 3637 	-6.6 
 280.5 	 105.1 	 12.21 	 .18 	-6.748 	 184 	 300 	 225 	 193 	 3637 	-6.9 
 281 	 105.2 	 12.15 	 .17 	-6.75 	 184 	 300 	 226 	 193 	 3639 	-6.8 
 281.5 	 105.3 	 12.26 	 .17 	-6.749 	 184 	 300 	 225 	 193 	 3642 	-6.9 
 282 	 105.3 	 12.21 	 .17 	-6.75 	 184 	 300 	 226 	 193 	 3646 	-6.5 
 282.5 	 105.3 	 12.32 	 .18 	-6.759 	 184 	 300 	 226 	 194 	 3647 	-6.8 
 283 	 105.3 	 12.41 	 .18 	-6.76 	 184 	 300 	 226 	 194 	 3649 	-6.6 
 283.5 	 105.4 	 12.39 	 .18 	-6.746 	 184 	 300 	 226 	 193 	 3650 	-6.9 
 284 	 105.5 	 12.25 	 .17 	-6.749 	 184 	 300 	 226 	 193 	 3653 	-6.6 
 284.5 	 105.5 	 12.49 	 .18 	-6.753 	 184 	 300 	 226 	 194 	 3653 	-6.8 
 285 	 105.5 	 12.45 	 .18 	-6.751 	 184 	 300 	 226 	 194 	 3656 	-7 
 285.5 	 105.6 	 12.55 	 .18 	-6.748 	 184 	 300 	 226 	 194 	 3657 	-6.6 
 286 	 105.8 	 12.55 	 .18 	-6.75 	 184 	 300 	 226 	 194 	 3658 	-6.9 
 286.5 	 105.8 	 12.58 	 .18 	-6.741 	 184 	 300 	 226 	 194 	 3660 	-7 
 287 	 105.8 	 12.69 	 .18 	-6.758 	 184 	 300 	 226 	 194 	 3663 	-7 
 287.5 	 105.8 	 12.67 	 .18 	-6.769 	 185 	 300 	 227 	 194 	 3666 	-6.6 
 288 	 105.9 	 12.77 	 .18 	-6.743 	 185 	 300 	 226 	 194 	 3667 	-7 
 288.5 	 106.1 	 12.8 	 .18 	-6.738 	 185 	 300 	 226 	 194 	 3667 	-6.5 
 289 	 106.1 	 12.88 	 .18 	-6.742 	 185 	 300 	 227 	 195 	 3671 	-7 
 289.5 	 106.2 	 12.88 	 .18 	-6.733 	 185 	 300 	 227 	 195 	 3671 	-6.8 
 290 	 106.1 	 12.92 	 .18 	-6.74 	 185 	 300 	 227 	 194 	 3672 	-6.6 
 290.5 	 106.3 	 12.96 	 .18 	-6.75 	 185 	 300 	 227 	 195 	 3674 	-6.5 
 291 	 106.4 	 13.07 	 .19 	-6.736 	 185 	 300 	 227 	 195 	 3676 	-7 
 291.5 	 106.4 	 12.97 	 .19 	-6.735 	 185 	 300 	 227 	 195 	 3677 	-6.8 
 292 	 106.5 	 13.08 	 .19 	-6.746 	 185 	 300 	 228 	 195 	 3682 	-6.6 
 292.5 	 106.5 	 13.18 	 .18 	-6.733 	 185 	 300 	 228 	 195 	 3683 	-6.6 
 293 	 106.6 	 13.15 	 .19 	-6.737 	 185 	 300 	 228 	 195 	 3684 	-7 
 293.5 	 106.7 	 13.15 	 .18 	-6.744 	 185 	 300 	 227 	 195 	 3686 	-6.6 
 294 	 106.8 	 13.2 	 .19 	-6.728 	 185 	 300 	 228 	 196 	 3691 	-6.9 
 294.5 	 106.7 	 13.27 	 .18 	-6.734 	 185 	 300 	 228 	 196 	 3691 	-6.8 
 295 	 106.8 	 13.39 	 .19 	-6.732 	 185 	 300 	 228 	 196 	 3691 	-6.9 
 295.5 	 106.9 	 13.43 	 .19 	-6.724 	 185 	 300 	 228 	 195 	 3694 	-7 
 296 	 107 	 13.37 	 .19 	-6.725 	 186 	 300 	 228 	 196 	 3698 	-6.8 
 296.5 	 107 	 13.44 	 .2 	-6.731 	 185 	 300 	 228 	 195 	 3695 	-7.3 
 297 	 107 	 13.46 	 .19 	-6.737 	 185 	 300 	 228 	 196 	 3699 	-6.8 
 297.5 	 107.2 	 13.57 	 .2 	-6.732 	 186 	 300 	 228 	 196 	 3700 	-6.8 
 298 	 107.3 	 13.63 	 .19 	-6.729 	 185 	 300 	 228 	 196 	 3703 	-6.9 
 298.5 	 107.2 	 13.74 	 .19 	-6.764 	 185 	 300 	 228 	 196 	 3704 	-7 
 299 	 107.2 	 13.68 	 .2 	-6.747 	 186 	 300 	 228 	 196 	 3707 	-6.9 
 299.5 	 107.4 	 13.9 	 .2 	-6.739 	 186 	 300 	 229 	 196 	 3709 	-6.8 
 300 	 107.5 	 13.86 	 .19 	-6.716 	 186 	 301 	 229 	 196 	 3710 	-7 
 300.5 	 107.5 	 13.9 	 .2 	-6.717 	 186 	 300 	 228 	 196 	 3712 	-6.5 
 301 	 107.4 	 13.9 	 .2 	-6.723 	 186 	 300 	 229 	 196 	 3709 	-6.8 
 301.5 	 107.7 	 13.96 	 .2 	-6.719 	 186 	 300 	 229 	 197 	 3715 	-6.6 
 302 	 107.7 	 13.87 	 .2 	-6.714 	 186 	 300 	 229 	 197 	 3715 	-6.5 
 302.5 	 107.7 	 13.94 	 .2 	-6.721 	 186 	 300 	 229 	 196 	 3718 	-6.8 
 303 	 107.7 	 14.04 	 .2 	-6.709 	 186 	 300 	 229 	 196 	 3720 	-7 
 303.5 	 107.7 	 13.93 	 .2 	-6.715 	 186 	 300 	 229 	 196 	 3721 	-6.9 
 304 	 107.9 	 13.93 	 .2 	-6.726 	 186 	 300 	 229 	 196 	 3722 	-7 
 304.5 	 107.9 	 14.11 	 .2 	-6.722 	 186 	 300 	 229 	 196 	 3723 	-6.9 
 305 	 107.9 	 14.26 	 .2 	-6.721 	 186 	 300 	 230 	 197 	 3726 	-6.6 
 305.5 	 107.9 	 14.29 	 .2 	-6.729 	 186 	 300 	 229 	 197 	 3726 	-6.9 
 306 	 108 	 14.26 	 .2 	-6.716 	 186 	 300 	 229 	 196 	 3726 	-6.4 
 306.5 	 108.1 	 14.43 	 .2 	-6.722 	 186 	 300 	 229 	 196 	 3730 	-6.6 
 307 	 108.2 	 14.39 	 .2 	-6.713 	 186 	 300 	 229 	 196 	 3731 	-6.8 
 307.5 	 108.1 	 14.41 	 .21 	-6.71 	 187 	 300 	 229 	 197 	 3733 	-6.8 
 308 	 108.2 	 14.36 	 .21 	-6.71 	 186 	 301 	 230 	 197 	 3733 	-6.8 
 308.5 	 108.3 	 14.39 	 .21 	-6.715 	 186 	 300 	 230 	 197 	 3734 	-6.8 
 309 	 108.3 	 14.39 	 .2 	-6.722 	 187 	 300 	 230 	 197 	 3738 	-7 
 309.5 	 108.3 	 14.36 	 .21 	-6.714 	 186 	 300 	 230 	 197 	 3740 	-6.6 
 310 	 108.4 	 14.56 	 .21 	-6.722 	 187 	 300 	 230 	 197 	 3738 	-6.8 
 310.5 	 108.5 	 14.53 	 .21 	-6.712 	 187 	 300 	 230 	 197 	 3741 	-6.9 
 311 	 108.6 	 14.65 	 .21 	-6.709 	 186 	 300 	 230 	 197 	 3740 	-6.8 
 311.5 	 108.6 	 14.67 	 .2 	-6.706 	 187 	 301 	 230 	 197 	 3744 	-6.8 
 312 	 108.6 	 14.67 	 .21 	-6.714 	 187 	 300 	 230 	 197 	 3743 	-6.6 
 312.5 	 108.7 	 14.77 	 .21 	-6.709 	 187 	 300 	 230 	 197 	 3747 	-6.9 
 313 	 108.8 	 14.78 	 .21 	-6.704 	 187 	 300 	 230 	 198 	 3748 	-6.8 
 313.5 	 108.8 	 14.82 	 .21 	-6.704 	 187 	 300 	 230 	 197 	 3748 	-7 
 314 	 108.8 	 14.84 	 .21 	-6.717 	 186 	 300 	 231 	 198 	 3750 	-6.6 
 314.5 	 108.9 	 14.87 	 .21 	-6.702 	 187 	 300 	 230 	 198 	 3750 	-7.1 
 315 	 109 	 14.92 	 .21 	-6.724 	 186 	 300 	 231 	 197 	 3752 	-6.4 
 315.5 	 108.9 	 14.85 	 .21 	-6.72 	 187 	 300 	 230 	 197 	 3754 	-6.5 
 316 	 109 	 15 	 .21 	-6.72 	 187 	 299 	 231 	 198 	 3755 	-7 
 316.5 	 109.1 	 15.1 	 .21 	-6.721 	 187 	 300 	 231 	 198 	 3758 	-6.8 
 317 	 109.3 	 15.24 	 .21 	-6.715 	 187 	 300 	 231 	 198 	 3758 	-7 
 317.5 	 109.1 	 15.15 	 .22 	-6.713 	 187 	 300 	 231 	 199 	 3760 	-6.8 
 318 	 109.2 	 15.21 	 .21 	-6.719 	 187 	 300 	 231 	 198 	 3761 	-6.9 
 318.5 	 109.3 	 15.25 	 .21 	-6.71 	 187 	 300 	 231 	 198 	 3763 	-6.6 
 319 	 109.3 	 15.15 	 .21 	-6.708 	 187 	 300 	 231 	 198 	 3764 	-6.8 
 319.5 	 109.3 	 15.27 	 .21 	-6.71 	 187 	 300 	 231 	 199 	 3763 	-6.6 
 320 	 109.4 	 15.34 	 .22 	-6.711 	 187 	 300 	 231 	 199 	 3766 	-6.5 
 320.5 	 109.5 	 15.38 	 .22 	-6.702 	 187 	 301 	 231 	 199 	 3767 	-6.9 
 321 	 109.6 	 15.31 	 .22 	-6.692 	 187 	 300 	 231 	 199 	 3770 	-6.5 
 321.5 	 109.6 	 15.4 	 .22 	-6.709 	 187 	 300 	 231 	 199 	 3770 	-6.8 
 322 	 109.6 	 15.54 	 .22 	-6.718 	 187 	 300 	 231 	 199 	 3772 	-6.8 
 322.5 	 109.7 	 15.5 	 .22 	-6.698 	 187 	 300 	 231 	 199 	 3774 	-6.6 
 323 	 109.8 	 15.67 	 .22 	-6.701 	 187 	 300 	 231 	 198 	 3777 	-6.9 
 323.5 	 109.9 	 15.72 	 .22 	-6.7 	 187 	 300 	 231 	 199 	 3775 	-6.9 
 324 	 109.9 	 15.68 	 .22 	-6.711 	 187 	 300 	 232 	 199 	 3778 	-7 
 324.5 	 110 	 15.69 	 .22 	-6.697 	 187 	 301 	 232 	 199 	 3777 	-6.6 
 325 	 110.1 	 15.84 	 .22 	-6.691 	 187 	 300 	 232 	 199 	 3778 	-6.9 
 325.5 	 109.9 	 15.8 	 .23 	-6.712 	 187 	 300 	 232 	 199 	 3780 	-6.9 
 326 	 110 	 15.77 	 .22 	-6.69 	 187 	 300 	 232 	 199 	 3783 	-6.8 
 326.5 	 110.2 	 15.97 	 .23 	-6.677 	 188 	 300 	 232 	 199 	 3784 	-6.8 
 327 	 110.2 	 15.91 	 .22 	-6.678 	 188 	 300 	 232 	 199 	 3785 	-7 
 327.5 	 110.2 	 15.99 	 .23 	-6.692 	 188 	 300 	 232 	 199 	 3786 	-6.8 
 328 	 110.3 	 15.92 	 .23 	-6.686 	 188 	 300 	 232 	 200 	 3787 	-6.8 
 328.5 	 110.3 	 16.11 	 .23 	-6.687 	 188 	 300 	 232 	 199 	 3789 	-6.9 
 329 	 110.4 	 16.07 	 .22 	-6.678 	 188 	 300 	 232 	 200 	 3789 	-7 
 329.5 	 110.4 	 16.14 	 .23 	-6.677 	 188 	 300 	 233 	 200 	 3790 	-6.6 
 330 	 110.5 	 16.14 	 .22 	-6.676 	 188 	 300 	 232 	 200 	 3791 	-6.6 
 330.5 	 110.6 	 16.19 	 .23 	-6.685 	 188 	 300 	 232 	 200 	 3793 	-6.6 
 331 	 110.7 	 16.21 	 .23 	-6.677 	 188 	 300 	 232 	 199 	 3794 	-6.6 
 331.5 	 110.7 	 16.2 	 .23 	-6.674 	 188 	 300 	 232 	 200 	 3794 	-7 
 332 	 110.8 	 16.31 	 .23 	-6.677 	 188 	 300 	 233 	 200 	 3796 	-6.9 
 332.5 	 110.8 	 16.36 	 .23 	-6.674 	 188 	 300 	 232 	 200 	 3798 	-6.8 
 333 	 110.8 	 16.29 	 .23 	-6.681 	 188 	 300 	 233 	 200 	 3798 	-6.5 
 333.5 	 110.9 	 16.43 	 .23 	-6.679 	 188 	 300 	 233 	 200 	 3800 	-6.8 
 334 	 110.9 	 16.38 	 .23 	-6.677 	 188 	 300 	 233 	 200 	 3801 	-6.9 
 334.5 	 110.9 	 16.49 	 .23 	-6.672 	 188 	 300 	 233 	 200 	 3801 	-6.5 
 335 	 111 	 16.47 	 .23 	-6.676 	 188 	 300 	 232 	 200 	 3803 	-6.6 
 335.5 	 111.1 	 16.55 	 .23 	-6.686 	 188 	 300 	 233 	 200 	 3803 	-6.9 
 336 	 111.1 	 16.52 	 .23 	-6.672 	 188 	 300 	 233 	 200 	 3805 	-6.6 
 336.5 	 111.1 	 16.6 	 .23 	-6.682 	 188 	 300 	 233 	 200 	 3808 	-6.6 
 337 	 111.3 	 16.72 	 .24 	-6.678 	 188 	 300 	 233 	 200 	 3809 	-6.9 
 337.5 	 111.3 	 16.73 	 .24 	-6.668 	 188 	 300 	 233 	 200 	 3809 	-6.6 
 338 	 111.3 	 16.81 	 .24 	-6.674 	 188 	 300 	 233 	 200 	 3812 	-6.6 
 338.5 	 111.3 	 16.71 	 .24 	-6.664 	 188 	 301 	 233 	 200 	 3811 	-6.6 
 339 	 111.5 	 16.86 	 .24 	-6.681 	 188 	 300 	 233 	 200 	 3812 	-7 
 339.5 	 111.4 	 16.87 	 .24 	-6.693 	 188 	 300 	 233 	 200 	 3813 	-6.9 
 340 	 111.4 	 16.9 	 .24 	-6.674 	 189 	 300 	 233 	 200 	 3813 	-6.8 
 340.5 	 111.6 	 17 	 .24 	-6.669 	 188 	 300 	 233 	 200 	 3815 	-6.8 
 341 	 111.7 	 16.98 	 .24 	-6.663 	 189 	 300 	 233 	 200 	 3815 	-6.8 
 341.5 	 111.7 	 17.02 	 .24 	-6.666 	 189 	 300 	 233 	 201 	 3819 	-6.5 
 342 	 111.7 	 17.11 	 .24 	-6.665 	 189 	 301 	 233 	 200 	 3820 	-6.8 
 342.5 	 111.8 	 17.07 	 .25 	-6.664 	 189 	 300 	 234 	 200 	 3820 	-6.6 
 343 	 111.9 	 17.11 	 .24 	-6.673 	 189 	 300 	 233 	 201 	 3820 	-6.8 
 343.5 	 111.9 	 17.12 	 .24 	-6.662 	 188 	 300 	 234 	 201 	 3822 	-6.6 
 344 	 112 	 17.31 	 .24 	-6.664 	 189 	 300 	 234 	 200 	 3823 	-6.6 
 344.5 	 112 	 17.31 	 .25 	-6.663 	 189 	 300 	 234 	 201 	 3823 	-6.8 
 345 	 112.1 	 17.42 	 .25 	-6.657 	 188 	 300 	 234 	 201 	 3825 	-7 
 345.5 	 112.1 	 17.43 	 .25 	-6.655 	 189 	 301 	 234 	 201 	 3825 	-6.8 
 346 	 112.1 	 17.41 	 .25 	-6.665 	 189 	 300 	 234 	 200 	 3828 	-7 
 346.5 	 112.1 	 17.47 	 .25 	-6.701 	 189 	 300 	 233 	 201 	 3828 	-7 
 347 	 112.2 	 17.52 	 .24 	-6.655 	 189 	 301 	 234 	 201 	 3829 	-6.6 
 347.5 	 112.2 	 17.54 	 .25 	-6.644 	 189 	 300 	 234 	 201 	 3830 	-6.8 
 348 	 112.3 	 17.57 	 .25 	-6.651 	 189 	 300 	 233 	 201 	 3829 	-6.5 
 348.5 	 112.5 	 17.74 	 .25 	-6.662 	 189 	 300 	 234 	 200 	 3832 	-6.4 
 349 	 112.4 	 17.71 	 .25 	-6.649 	 189 	 300 	 234 	 202 	 3831 	-6.8 
 349.5 	 112.4 	 17.61 	 .25 	-6.648 	 189 	 300 	 234 	 201 	 3831 	-6.6 
 350 	 112.5 	 17.8 	 .25 	-6.642 	 189 	 300 	 234 	 201 	 3833 	-7 
 350.5 	 112.6 	 17.84 	 .25 	-6.641 	 189 	 300 	 234 	 201 	 3835 	-6.8 
 351 	 112.6 	 17.93 	 .25 	-6.656 	 189 	 300 	 234 	 201 	 3837 	-6.9 
 351.5 	 112.7 	 17.87 	 .25 	-6.657 	 189 	 300 	 234 	 201 	 3835 	-7 
 352 	 112.7 	 17.9 	 .25 	-6.653 	 189 	 300 	 234 	 201 	 3835 	-6.8 
 352.5 	 112.7 	 18.08 	 .26 	-6.655 	 189 	 300 	 234 	 201 	 3840 	-6.5 
 353 	 112.8 	 18.05 	 .25 	-6.638 	 189 	 300 	 234 	 202 	 3840 	-6.8 
 353.5 	 112.9 	 18.08 	 .26 	-6.638 	 189 	 300 	 234 	 201 	 3841 	-6.4 
 354 	 112.8 	 18.05 	 .26 	-6.641 	 189 	 300 	 234 	 201 	 3843 	-6.6 
 354.5 	 112.9 	 18.19 	 .26 	-6.661 	 189 	 300 	 234 	 201 	 3844 	-6.8 
 355 	 113 	 18.12 	 .26 	-6.635 	 189 	 300 	 234 	 201 	 3844 	-6.8 
 355.5 	 113 	 18.13 	 .26 	-6.643 	 189 	 300 	 233 	 200 	 3847 	-6.4 
 356 	 113 	 18.24 	 .26 	-6.639 	 189 	 300 	 233 	 200 	 3848 	-6.6 
 356.5 	 113.2 	 18.3 	 .26 	-6.64 	 189 	 300 	 232 	 200 	 3853 	-6.8 
 357 	 113.2 	 18.31 	 .26 	-6.654 	 189 	 300 	 231 	 199 	 3856 	-6.6 
 357.5 	 113.1 	 18.37 	 .26 	-6.642 	 189 	 300 	 231 	 199 	 3859 	-6.5 
 358 	 113.1 	 18.43 	 .26 	-6.638 	 189 	 300 	 231 	 198 	 3863 	-6.9 
 358.5 	 113.3 	 18.44 	 .26 	-6.649 	 190 	 300 	 230 	 198 	 3869 	-6.4 
 359 	 113.2 	 18.43 	 .26 	-6.644 	 189 	 300 	 229 	 197 	 3876 	-7 
 359.5 	 113.3 	 18.58 	 .26 	-6.642 	 190 	 300 	 229 	 197 	 3875 	-6.5 
 360 	 113.4 	 18.59 	 .26 	-6.673 	 189 	 300 	 228 	 196 	 3880 	-6.9 
 360.5 	 113.4 	 18.57 	 .26 	-6.649 	 189 	 300 	 228 	 196 	 3882 	-6.9 
 361 	 113.4 	 18.67 	 .27 	-6.643 	 190 	 300 	 228 	 196 	 3886 	-6.9 
 361.5 	 113.6 	 18.83 	 .27 	-6.635 	 190 	 300 	 227 	 195 	 3891 	-6.5 
 362 	 113.6 	 18.8 	 .26 	-6.63 	 190 	 300 	 226 	 195 	 3893 	-7 
 362.5 	 113.6 	 18.78 	 .27 	-6.631 	 190 	 300 	 226 	 195 	 3898 	-6.8 
 363 	 113.6 	 18.92 	 .27 	-6.64 	 190 	 300 	 226 	 194 	 3899 	-7 
 363.5 	 113.6 	 18.82 	 .27 	-6.634 	 190 	 300 	 226 	 194 	 3902 	-6.4 
 364 	 113.7 	 18.86 	 .26 	-6.639 	 190 	 300 	 225 	 193 	 3908 	-6.8 
 364.5 	 113.7 	 18.97 	 .27 	-6.63 	 190 	 300 	 225 	 193 	 3909 	-6.9 
 365 	 113.7 	 18.97 	 .26 	-6.64 	 190 	 299 	 224 	 192 	 3913 	-6.5 
 365.5 	 113.9 	 19.01 	 .27 	-6.629 	 190 	 300 	 224 	 192 	 3916 	-6.9 
 366 	 113.8 	 19.1 	 .27 	-6.634 	 190 	 300 	 224 	 192 	 3917 	-6.8 
 366.5 	 113.9 	 19.17 	 .27 	-6.625 	 190 	 300 	 224 	 192 	 3919 	-6.9 
 367 	 114 	 19.09 	 .27 	-6.64 	 190 	 300 	 224 	 191 	 3922 	-6.9 
 367.5 	 113.9 	 19.15 	 .27 	-6.633 	 190 	 300 	 223 	 191 	 3927 	-6.8 
 368 	 113.9 	 19.32 	 .27 	-6.643 	 190 	 300 	 223 	 191 	 3926 	-6.6 
 368.5 	 114 	 19.16 	 .27 	-6.643 	 190 	 300 	 222 	 191 	 3932 	-6.5 
 369 	 114 	 19.34 	 .27 	-6.627 	 190 	 300 	 222 	 190 	 3934 	-7 
 369.5 	 114 	 19.34 	 .27 	-6.634 	 190 	 300 	 222 	 190 	 3933 	-6.8 
 370 	 114.2 	 19.45 	 .27 	-6.641 	 190 	 300 	 222 	 190 	 3937 	-6.6 
 370.5 	 114.2 	 19.41 	 .27 	-6.626 	 190 	 300 	 222 	 190 	 3939 	-7 
 371 	 114.1 	 19.49 	 .28 	-6.636 	 190 	 300 	 222 	 189 	 3942 	-7 
 371.5 	 114.3 	 19.47 	 .27 	-6.635 	 190 	 300 	 221 	 189 	 3943 	-6.4 
 372 	 114.3 	 19.46 	 .27 	-6.629 	 190 	 300 	 221 	 190 	 3946 	-6.6 
 372.5 	 114.2 	 19.47 	 .28 	-6.621 	 190 	 300 	 221 	 189 	 3950 	-6.6 
 373 	 114.2 	 19.59 	 .28 	-6.619 	 190 	 300 	 221 	 188 	 3950 	-6.6 
 373.5 	 114.3 	 19.58 	 .28 	-6.635 	 190 	 300 	 220 	 189 	 3953 	-6.9 
 374 	 114.3 	 19.69 	 .28 	-6.637 	 190 	 300 	 220 	 188 	 3953 	-6.9 
 374.5 	 114.4 	 19.57 	 .28 	-6.619 	 191 	 300 	 220 	 188 	 3955 	-6.6 
 375 	 114.4 	 19.73 	 .28 	-6.608 	 190 	 300 	 220 	 188 	 3959 	-6.6 
 375.5 	 114.4 	 19.79 	 .28 	-6.621 	 191 	 300 	 220 	 188 	 3963 	-6.5 
 376 	 114.4 	 19.85 	 .28 	-6.624 	 191 	 300 	 220 	 188 	 3963 	-7 
 376.5 	 114.5 	 19.86 	 .28 	-6.62 	 190 	 300 	 219 	 188 	 3966 	-6.5 
 377 	 114.5 	 19.92 	 .28 	-6.624 	 191 	 300 	 220 	 188 	 3967 	-6.8 
 377.5 	 114.5 	 20.07 	 .28 	-6.636 	 191 	 300 	 219 	 187 	 3968 	-6.5 
 378 	 114.6 	 20.06 	 .28 	-6.64 	 191 	 300 	 219 	 188 	 3971 	-6.6 
 378.5 	 114.6 	 19.93 	 .29 	-6.616 	 191 	 300 	 218 	 187 	 3972 	-7 
 379 	 114.6 	 19.99 	 .28 	-6.602 	 191 	 300 	 219 	 187 	 3976 	-7.5 
 379.5 	 114.7 	 20.06 	 .28 	-6.622 	 191 	 300 	 218 	 187 	 3977 	-6.6 
 380 	 114.6 	 20.05 	 .29 	-6.643 	 191 	 300 	 219 	 187 	 3977 	-6.5 
 380.5 	 114.6 	 20.15 	 .29 	-6.624 	 191 	 300 	 218 	 187 	 3976 	-6.8 
 381 	 114.7 	 20.2 	 .29 	-6.638 	 191 	 300 	 218 	 187 	 3980 	-6.8 
 381.5 	 114.7 	 20.2 	 .28 	-6.632 	 191 	 300 	 218 	 186 	 3982 	-6.9 
 382 	 114.7 	 20.22 	 .29 	-6.629 	 191 	 300 	 218 	 186 	 3982 	-6.5 
 382.5 	 114.9 	 20.22 	 .29 	-6.628 	 191 	 300 	 218 	 186 	 3984 	-6.8 
 383 	 114.9 	 20.38 	 .29 	-6.619 	 191 	 300 	 218 	 186 	 3989 	-6.9 
 383.5 	 114.8 	 20.35 	 .29 	-6.619 	 190 	 300 	 218 	 186 	 3988 	-6.8 
 384 	 114.9 	 20.42 	 .28 	-6.617 	 191 	 301 	 218 	 185 	 3991 	-6.9 
 384.5 	 114.9 	 20.36 	 .29 	-6.618 	 191 	 300 	 217 	 186 	 3992 	-6.8 
 385 	 114.9 	 20.44 	 .29 	-6.616 	 191 	 300 	 217 	 185 	 3992 	-6.9 
 385.5 	 115 	 20.55 	 .29 	-6.612 	 191 	 300 	 217 	 186 	 3992 	-6.6 
 386 	 115.1 	 20.65 	 .28 	-6.617 	 191 	 300 	 217 	 185 	 3994 	-6.9 
 386.5 	 115.1 	 20.52 	 .29 	-6.614 	 191 	 300 	 217 	 185 	 3997 	-6.6 
 387 	 115.2 	 20.57 	 .29 	-6.605 	 191 	 300 	 217 	 185 	 3998 	-6.4 
 387.5 	 115.2 	 20.75 	 .29 	-6.621 	 191 	 300 	 217 	 185 	 3999 	-6.6 
 388 	 115.1 	 20.76 	 .29 	-6.614 	 191 	 300 	 217 	 185 	 4001 	-6.9 
 388.5 	 115.1 	 20.75 	 .3 	-6.648 	 191 	 300 	 216 	 185 	 4003 	-6.6 
 389 	 115.2 	 20.8 	 .3 	-6.641 	 191 	 301 	 217 	 185 	 4004 	-7 
 389.5 	 115.2 	 20.92 	 .3 	-6.634 	 191 	 300 	 216 	 185 	 4005 	-6.6 
 390 	 115.3 	 21.01 	 .3 	-6.629 	 191 	 300 	 216 	 185 	 4008 	-6.6 
 390.5 	 115.4 	 20.93 	 .3 	-6.634 	 191 	 300 	 217 	 184 	 4007 	-7.1 
 391 	 115.3 	 21.06 	 .3 	-6.622 	 191 	 300 	 216 	 185 	 4009 	-6.6 
 391.5 	 115.4 	 21.01 	 .3 	-6.607 	 191 	 300 	 216 	 184 	 4012 	-6.9 
 392 	 115.4 	 21.09 	 .3 	-6.61 	 191 	 300 	 216 	 184 	 4011 	-6.8 
 392.5 	 115.4 	 21.13 	 .3 	-6.62 	 191 	 300 	 216 	 184 	 4015 	-6.8 
 393 	 115.5 	 21.07 	 .3 	-6.619 	 191 	 300 	 217 	 184 	 4014 	-6.8 
 393.5 	 115.6 	 21.07 	 .3 	-6.617 	 191 	 300 	 216 	 184 	 4016 	-6.6 
 394 	 115.6 	 21.11 	 .3 	-6.608 	 191 	 300 	 216 	 185 	 4017 	-6.8 
 394.5 	 115.6 	 21.31 	 .3 	-6.601 	 191 	 300 	 216 	 184 	 4018 	-7 
 395 	 115.7 	 21.23 	 .3 	-6.603 	 191 	 300 	 216 	 185 	 4021 	-6.6 
 395.5 	 115.6 	 21.27 	 .3 	-6.613 	 191 	 300 	 216 	 184 	 4021 	-6.6 
 396 	 115.6 	 21.26 	 .3 	-6.604 	 192 	 300 	 216 	 185 	 4021 	-6.9 
 396.5 	 115.8 	 21.36 	 .3 	-6.622 	 191 	 300 	 216 	 184 	 4021 	-6.9 
 397 	 115.7 	 21.3 	 .3 	-6.619 	 192 	 300 	 216 	 185 	 4026 	-7 
 397.5 	 115.8 	 21.4 	 .3 	-6.61 	 191 	 301 	 216 	 184 	 4023 	-6.9 
 398 	 115.8 	 21.36 	 .3 	-6.599 	 191 	 300 	 216 	 184 	 4025 	-6.5 
 398.5 	 115.8 	 21.45 	 .3 	-6.603 	 191 	 300 	 216 	 184 	 4026 	-7 
 399 	 115.9 	 21.47 	 .3 	-6.602 	 191 	 300 	 217 	 184 	 4027 	-6.8 
 399.5 	 115.8 	 21.42 	 .3 	-6.59 	 191 	 300 	 216 	 185 	 4027 	-6.4 
 400 	 115.9 	 21.36 	 .3 	-6.605 	 191 	 300 	 216 	 184 	 4029 	-6.8 
 400.5 	 115.9 	 21.42 	 .3 	-6.612 	 191 	 300 	 216 	 184 	 4029 	-7 
 401 	 115.9 	 21.41 	 .3 	-6.59 	 191 	 300 	 216 	 184 	 4029 	-7 
 401.5 	 115.9 	 21.35 	 .3 	-6.597 	 191 	 300 	 216 	 184 	 4028 	-6.6 
 402 	 116 	 21.47 	 .3 	-6.622 	 192 	 300 	 216 	 184 	 4030 	-6.9 
 402.5 	 116 	 21.42 	 .3 	-6.6 	 191 	 301 	 216 	 184 	 4033 	-6.6 
 403 	 115.9 	 21.36 	 .3 	-6.591 	 191 	 301 	 216 	 184 	 4034 	-7 
 403.5 	 115.9 	 21.32 	 .31 	-6.602 	 192 	 300 	 216 	 184 	 4030 	-6.8 
 404 	 116 	 21.35 	 .3 	-6.588 	 192 	 300 	 216 	 184 	 4035 	-6.6 
 404.5 	 116.1 	 21.3 	 .3 	-6.583 	 192 	 300 	 216 	 184 	 4033 	-7 
 405 	 116 	 21.27 	 .3 	-6.589 	 191 	 300 	 216 	 184 	 4032 	-6.8 
 405.5 	 116.1 	 21.28 	 .3 	-6.605 	 192 	 300 	 216 	 184 	 4035 	-7 
 406 	 116.1 	 21.37 	 .3 	-6.605 	 191 	 300 	 216 	 184 	 4036 	-7 
 406.5 	 116.1 	 21.4 	 .3 	-6.591 	 192 	 300 	 216 	 184 	 4034 	-6.6 
 407 	 116.1 	 21.38 	 .31 	-6.615 	 191 	 300 	 215 	 184 	 4036 	-6.5 
 407.5 	 116.1 	 21.34 	 .3 	-6.595 	 191 	 300 	 216 	 183 	 4037 	-6.8 
 408 	 116 	 21.33 	 .3 	-6.594 	 192 	 300 	 215 	 184 	 4036 	-6.8 
 408.5 	 116.1 	 21.35 	 .3 	-6.592 	 192 	 300 	 216 	 184 	 4038 	-6.5 
 409 	 116.1 	 21.26 	 .3 	-6.595 	 191 	 301 	 215 	 184 	 4039 	-7 
 409.5 	 116.2 	 21.22 	 .3 	-6.6 	 191 	 300 	 216 	 184 	 4038 	-6.5 
 410 	 116.1 	 21.28 	 .3 	-6.605 	 191 	 300 	 215 	 184 	 4039 	-6.6 
 410.5 	 116.1 	 21.32 	 .31 	-6.601 	 191 	 300 	 216 	 184 	 4039 	-6.6 
 411 	 116.1 	 21.27 	 .3 	-6.611 	 192 	 300 	 216 	 184 	 4038 	-6.8 
 411.5 	 116.2 	 21.23 	 .31 	-6.592 	 192 	 300 	 216 	 183 	 4041 	-6.8 
 412 	 116.2 	 21.35 	 .3 	-6.587 	 192 	 300 	 216 	 184 	 4042 	-6.9 
 412.5 	 116.1 	 21.28 	 .3 	-6.59 	 191 	 300 	 216 	 183 	 4041 	-6.4 
 413 	 116.2 	 21.27 	 .3 	-6.584 	 191 	 301 	 215 	 184 	 4042 	-6.6 
 413.5 	 116.2 	 21.26 	 .3 	-6.59 	 191 	 300 	 216 	 184 	 4040 	-6.9 
 414 	 116.1 	 21.35 	 .3 	-6.588 	 192 	 300 	 215 	 183 	 4040 	-6.8 
 414.5 	 116.2 	 21.2 	 .3 	-6.58 	 192 	 300 	 216 	 184 	 4044 	-7 
 415 	 116.1 	 21.26 	 .3 	-6.584 	 192 	 300 	 216 	 183 	 4043 	-6.8 
 415.5 	 116.2 	 21.26 	 .3 	-6.588 	 192 	 300 	 215 	 183 	 4043 	-6.5 
 416 	 116.1 	 21.21 	 .3 	-6.589 	 192 	 300 	 215 	 183 	 4042 	-7 
 416.5 	 116.2 	 21.17 	 .3 	-6.584 	 192 	 300 	 215 	 183 	 4043 	-6.9 
 417 	 116.3 	 21.35 	 .3 	-6.596 	 192 	 300 	 215 	 183 	 4042 	-6.8 
 417.5 	 116.2 	 21.3 	 .3 	-6.597 	 192 	 301 	 216 	 183 	 4045 	-7 
 418 	 116.2 	 21.29 	 .3 	-6.595 	 192 	 300 	 216 	 183 	 4044 	-7.1 
 418.5 	 116.1 	 21.27 	 .3 	-6.589 	 192 	 300 	 215 	 184 	 4044 	-6.4 
 419 	 116.2 	 21.51 	 .3 	-6.594 	 192 	 300 	 215 	 183 	 4045 	-6.8 
 419.5 	 116.2 	 21.28 	 .3 	-6.58 	 192 	 300 	 215 	 183 	 4048 	-6.5 
 420 	 116.2 	 21.32 	 .3 	-6.577 	 192 	 300 	 215 	 183 	 4045 	-6.9 
 420.5 	 116.3 	 21.24 	 .3 	-6.58 	 192 	 300 	 215 	 183 	 4045 	-6.8 
 421 	 116.3 	 21.2 	 .3 	-6.582 	 192 	 300 	 215 	 183 	 4046 	-6.6 
 421.5 	 116.2 	 21.22 	 .3 	-6.584 	 191 	 300 	 215 	 183 	 4046 	-6.5 
 422 	 116.2 	 21.26 	 .3 	-6.576 	 192 	 300 	 215 	 183 	 4047 	-6.6 
 422.5 	 116.2 	 21.33 	 .3 	-6.591 	 192 	 300 	 215 	 183 	 4048 	-6.8 
 423 	 116.2 	 21.44 	 .3 	-6.585 	 192 	 300 	 215 	 183 	 4048 	-6.9 
 423.5 	 116.3 	 21.36 	 .3 	-6.573 	 192 	 300 	 215 	 183 	 4048 	-6.5 
 424 	 116.3 	 21.31 	 .3 	-6.577 	 192 	 300 	 215 	 183 	 4049 	-6.8 
 424.5 	 116.2 	 21.18 	 .29 	-6.577 	 192 	 301 	 215 	 183 	 4049 	-6.8 
 425 	 116.3 	 21.41 	 .29 	-6.579 	 192 	 301 	 215 	 183 	 4047 	-6.5 
 425.5 	 116.3 	 21.23 	 .3 	-6.579 	 191 	 300 	 215 	 183 	 4049 	-6.8 
 426 	 116.3 	 21.29 	 .3 	-6.624 	 192 	 300 	 215 	 183 	 4049 	-6.8 
 426.5 	 116.3 	 21.21 	 .3 	-6.576 	 192 	 300 	 215 	 182 	 4050 	-6.8 
 427 	 116.2 	 21.22 	 .3 	-6.585 	 192 	 300 	 215 	 183 	 4050 	-6.5 
 427.5 	 116.2 	 21.25 	 .3 	-6.597 	 192 	 300 	 215 	 183 	 4050 	-6.8 
 428 	 116.3 	 21.26 	 .3 	-6.569 	 192 	 301 	 215 	 182 	 4050 	-6.8 
 428.5 	 116.3 	 21.25 	 .3 	-6.593 	 191 	 301 	 214 	 182 	 4050 	-6.6 
 429 	 116.3 	 21.33 	 .3 	-6.579 	 192 	 300 	 215 	 183 	 4051 	-6.6 
 429.5 	 116.3 	 21.31 	 .3 	-6.597 	 191 	 299 	 215 	 183 	 4051 	-6.3 
 430 	 116.3 	 21.26 	 .3 	-6.59 	 191 	 300 	 215 	 183 	 4053 	-6.6 
 430.5 	 116.3 	 21.32 	 .3 	-6.588 	 192 	 300 	 215 	 183 	 4052 	-6.9 
 431 	 116.3 	 21.24 	 .3 	-6.592 	 192 	 300 	 215 	 182 	 4051 	-6.4 
 431.5 	 116.3 	 21.14 	 .3 	-6.596 	 192 	 300 	 215 	 183 	 4052 	-6.5 
 432 	 116.3 	 21.02 	 .3 	-6.595 	 191 	 300 	 214 	 183 	 4054 	-6.8 
 432.5 	 116.4 	 21.17 	 .3 	-6.584 	 191 	 300 	 215 	 182 	 4053 	-6.5 
 433 	 116.3 	 21.2 	 .3 	-6.591 	 192 	 300 	 214 	 183 	 4054 	-6.8 
 433.5 	 116.4 	 21.17 	 .3 	-6.591 	 192 	 300 	 214 	 182 	 4053 	-6.9 
 434 	 116.3 	 21.23 	 .3 	-6.601 	 192 	 300 	 215 	 183 	 4053 	-6.8 
 434.5 	 116.3 	 21.23 	 .3 	-6.603 	 191 	 300 	 214 	 183 	 4053 	-6.9 
 435 	 116.3 	 21.26 	 .3 	-6.59 	 192 	 300 	 214 	 183 	 4053 	-7.1 
 435.5 	 116.3 	 21.13 	 .3 	-6.582 	 192 	 300 	 214 	 182 	 4053 	-6.6 
 436 	 116.3 	 21.05 	 .3 	-6.583 	 192 	 300 	 215 	 182 	 4054 	-6.9 
 436.5 	 116.3 	 21.06 	 .29 	-6.593 	 192 	 300 	 214 	 182 	 4054 	-6.8 
 437 	 116.3 	 21.2 	 .3 	-6.583 	 192 	 300 	 215 	 182 	 4053 	-6.5 
 437.5 	 116.4 	 21.17 	 .3 	-6.588 	 192 	 300 	 215 	 182 	 4056 	-6.5 
 438 	 116.3 	 21.29 	 .3 	-6.585 	 192 	 301 	 214 	 182 	 4055 	-6.5 
 438.5 	 116.3 	 21.25 	 .3 	-6.587 	 192 	 300 	 214 	 182 	 4055 	-7 
 439 	 116.3 	 21.19 	 .3 	-6.577 	 192 	 301 	 215 	 182 	 4055 	-6.6 
 439.5 	 116.3 	 21.25 	 .3 	-6.584 	 192 	 300 	 214 	 182 	 4057 	-6.9 
 440 	 116.3 	 21.21 	 .3 	-6.605 	 192 	 300 	 214 	 183 	 4055 	-6.5 
 440.5 	 116.4 	 21.31 	 .3 	-6.588 	 192 	 300 	 215 	 182 	 4058 	-6.6 
 441 	 116.3 	 21.29 	 .29 	-6.578 	 192 	 300 	 214 	 183 	 4057 	-6.9 
 441.5 	 116.3 	 21.22 	 .3 	-6.59 	 192 	 301 	 215 	 182 	 4057 	-6.8 
 442 	 116.3 	 21.31 	 .3 	-6.586 	 192 	 300 	 214 	 182 	 4057 	-6.9 
 442.5 	 116.4 	 21.29 	 .3 	-6.579 	 192 	 300 	 214 	 182 	 4055 	-7 
 443 	 116.2 	 21.15 	 .3 	-6.613 	 192 	 300 	 215 	 182 	 4057 	-6.6 
 443.5 	 116.3 	 21.15 	 .3 	-6.645 	 192 	 300 	 215 	 182 	 4058 	-6.8 
 444 	 116.3 	 21.13 	 .3 	-6.64 	 192 	 300 	 214 	 182 	 4058 	-6.8 
 444.5 	 116.4 	 21.22 	 .3 	-6.641 	 192 	 300 	 215 	 182 	 4058 	-6.5 
 445 	 116.4 	 21.13 	 .3 	-6.634 	 192 	 300 	 214 	 183 	 4059 	-6.8 
 445.5 	 116.3 	 21.18 	 .3 	-6.623 	 192 	 300 	 214 	 182 	 4057 	-7 
 446 	 116.3 	 21.22 	 .3 	-6.626 	 192 	 300 	 215 	 182 	 4058 	-6.5 
 446.5 	 116.3 	 21.1 	 .3 	-6.623 	 192 	 300 	 214 	 182 	 4059 	-6.8 
 447 	 116.3 	 21.23 	 .3 	-6.625 	 192 	 300 	 215 	 182 	 4059 	-6.8 
 447.5 	 116.3 	 21.17 	 .31 	-6.631 	 192 	 300 	 214 	 182 	 4058 	-6.9 
 448 	 116.4 	 21.22 	 .3 	-6.626 	 192 	 300 	 214 	 182 	 4060 	-6.9 
 448.5 	 116.3 	 21.18 	 .3 	-6.626 	 192 	 300 	 214 	 182 	 4057 	-7 
 449 	 116.2 	 21.21 	 .3 	-6.634 	 192 	 300 	 214 	 183 	 4059 	-6.6 
 449.5 	 116.4 	 21.18 	 .3 	-6.605 	 192 	 300 	 214 	 182 	 4057 	-6.8 
 450 	 116.3 	 21.17 	 .31 	-6.616 	 192 	 300 	 215 	 182 	 4061 	-6.6 
 450.5 	 116.3 	 21.2 	 .3 	-6.618 	 192 	 300 	 214 	 182 	 4059 	-6.8 
 451 	 116.3 	 21.31 	 .3 	-6.613 	 192 	 301 	 214 	 182 	 4062 	-6.8 
 451.5 	 116.4 	 21.23 	 .3 	-6.611 	 192 	 300 	 214 	 182 	 4060 	-6.6 
 452 	 116.3 	 28.99 	 1.72 	-6.602 	 192 	 300 	 214 	 182 	 4061 	-7 
 452.5 	 116.1 	 17.21 	 .25 	-6.637 	 192 	 301 	 214 	 182 	 4060 	-6.9 
 453 	 116.3 	 19.04 	 .27 	-6.626 	 191 	 299 	 215 	 183 	 4060 	-6.6 
 453.5 	 116.3 	 19.73 	 .28 	-6.613 	 192 	 300 	 214 	 183 	 4060 	-6.8 
 454 	 116.4 	 20.31 	 .29 	-6.615 	 192 	 301 	 214 	 182 	 4062 	-7 
 454.5 	 116.3 	 20.53 	 .28 	-6.617 	 192 	 300 	 214 	 182 	 4064 	-6.8 
 455 	 116.2 	 20.61 	 .29 	-6.624 	 192 	 300 	 214 	 182 	 4065 	-7 
 455.5 	 116.3 	 20.9 	 .3 	-6.614 	 192 	 300 	 214 	 182 	 4065 	-6.4 
 456 	 116.3 	 20.82 	 .29 	-6.618 	 192 	 300 	 214 	 182 	 4065 	-6.4 
 456.5 	 116.3 	 21 	 .3 	-6.615 	 192 	 300 	 214 	 182 	 4066 	-6.8 
 457 	 116.3 	 21 	 .3 	-6.62 	 192 	 300 	 214 	 182 	 4066 	-6.6 
 457.5 	 116.4 	 21.06 	 .3 	-6.625 	 192 	 300 	 214 	 182 	 4066 	-6.8 
 458 	 116.3 	 21.14 	 .3 	-6.633 	 192 	 299 	 214 	 182 	 4068 	-6.8 
 458.5 	 116.3 	 21.04 	 .3 	-6.606 	 192 	 301 	 214 	 182 	 4066 	-6.8 
 459 	 116.3 	 21.19 	 .3 	-6.613 	 192 	 300 	 214 	 182 	 4066 	-6.3 
 459.5 	 116.5 	 21.24 	 .3 	-6.614 	 192 	 300 	 214 	 182 	 4067 	-6.9 
 460 	 116.4 	 21.23 	 .3 	-6.61 	 192 	 300 	 214 	 182 	 4065 	-6.6 
 460.5 	 116.3 	 21.28 	 .3 	-6.61 	 192 	 300 	 214 	 182 	 4068 	-6.4 
 461 	 116.4 	 21.3 	 .3 	-6.617 	 192 	 300 	 214 	 182 	 4068 	-6.9 
 461.5 	 116.3 	 21.3 	 .31 	-6.628 	 192 	 300 	 214 	 182 	 4067 	-6.6 
 462 	 116.4 	 21.29 	 .3 	-6.614 	 192 	 300 	 214 	 182 	 4067 	-7 
 462.5 	 116.5 	 21.19 	 .3 	-6.609 	 192 	 300 	 214 	 182 	 4068 	-6.8 
 463 	 116.3 	 21.31 	 .3 	-6.631 	 192 	 300 	 214 	 182 	 4068 	-6.8 
 463.5 	 116.3 	 21.33 	 .3 	-6.613 	 192 	 300 	 214 	 182 	 4067 	-6.8 
 464 	 116.4 	 21.44 	 .3 	-6.606 	 192 	 300 	 214 	 182 	 4069 	-6.6 
 464.5 	 116.4 	 21.35 	 .3 	-6.601 	 192 	 300 	 214 	 182 	 4071 	-6.6 
 465 	 116.4 	 21.34 	 .3 	-6.615 	 192 	 300 	 214 	 182 	 4071 	-7 
 465.5 	 116.5 	 21.29 	 .31 	-6.602 	 192 	 300 	 214 	 182 	 4070 	-6.8 
 466 	 116.5 	 21.3 	 .3 	-6.615 	 192 	 300 	 214 	 182 	 4068 	-6.8 
 466.5 	 116.3 	 21.33 	 .3 	-6.601 	 192 	 300 	 214 	 182 	 4069 	-6.8 
 467 	 116.4 	 21.33 	 .3 	-6.601 	 192 	 300 	 214 	 182 	 4069 	-7 
 467.5 	 116.5 	 21.31 	 .3 	-6.61 	 192 	 300 	 214 	 182 	 4070 	-7 
 468 	 116.4 	 21.29 	 .3 	-6.609 	 192 	 300 	 214 	 182 	 4070 	-7 
 468.5 	 116.4 	 21.3 	 .3 	-6.609 	 192 	 300 	 214 	 182 	 4068 	-6.8 
 469 	 116.4 	 21.36 	 .3 	-6.621 	 192 	 300 	 214 	 182 	 4069 	-7 
 469.5 	 116.4 	 21.3 	 .3 	-6.626 	 192 	 300 	 214 	 182 	 4068 	-6.8 
 470 	 116.5 	 21.4 	 .3 	-6.619 	 192 	 300 	 214 	 182 	 4069 	-6.9 
 470.5 	 116.5 	 21.37 	 .3 	-6.612 	 192 	 300 	 214 	 182 	 4070 	-6.4 
 471 	 116.4 	 21.26 	 .3 	-6.614 	 192 	 300 	 214 	 182 	 4069 	-7.1 
 471.5 	 116.3 	 21.21 	 .3 	-6.614 	 192 	 300 	 214 	 182 	 4071 	-6.6 
 472 	 116.5 	 21.37 	 .3 	-6.63 	 192 	 300 	 213 	 182 	 4071 	-6.6 
 472.5 	 116.5 	 21.38 	 .3 	-6.615 	 192 	 300 	 214 	 182 	 4070 	-6.6 
 473 	 116.4 	 21.28 	 .3 	-6.617 	 192 	 300 	 213 	 182 	 4071 	-7 
 473.5 	 116.5 	 21.26 	 .3 	-6.61 	 192 	 300 	 214 	 182 	 4069 	-6.9 
 474 	 116.4 	 21.21 	 .3 	-6.622 	 192 	 300 	 214 	 182 	 4072 	-7 
 474.5 	 116.4 	 21.27 	 .3 	-6.623 	 192 	 300 	 214 	 182 	 4072 	-7 
 475 	 116.4 	 21.26 	 .3 	-6.631 	 192 	 300 	 214 	 182 	 4071 	-6.4 
 475.5 	 116.4 	 21.16 	 .3 	-6.62 	 192 	 300 	 214 	 182 	 4074 	-6.9 
 476 	 116.4 	 21.21 	 .3 	-6.617 	 192 	 300 	 214 	 182 	 4073 	-6.8 
 476.5 	 116.5 	 21.16 	 .3 	-6.617 	 192 	 300 	 215 	 182 	 4075 	-6.6 
 477 	 116.5 	 21.2 	 .3 	-6.625 	 192 	 300 	 214 	 181 	 4071 	-6.9 
 477.5 	 116.4 	 21.15 	 .3 	-6.624 	 192 	 300 	 214 	 182 	 4073 	-6.9 
 478 	 116.4 	 21.32 	 .3 	-6.614 	 192 	 300 	 214 	 182 	 4072 	-6.9 
 478.5 	 116.5 	 21.29 	 .3 	-6.602 	 192 	 301 	 214 	 182 	 4073 	-6.9 
 479 	 116.4 	 21.17 	 .31 	-6.654 	 192 	 300 	 214 	 182 	 4073 	-7 
 479.5 	 116.5 	 21.12 	 .3 	-6.621 	 192 	 300 	 214 	 182 	 4073 	-6.6 
 480 	 116.5 	 21.22 	 .31 	-6.609 	 192 	 300 	 214 	 182 	 4073 	-6.5 
 480.5 	 116.5 	 21.16 	 .31 	-6.611 	 192 	 300 	 213 	 182 	 4072 	-6.9 
 481 	 116.4 	 21.18 	 .3 	-6.617 	 192 	 300 	 214 	 182 	 4074 	-6.6 
 481.5 	 116.5 	 21.28 	 .3 	-6.618 	 192 	 300 	 214 	 182 	 4073 	-6.5 
 482 	 116.5 	 21.18 	 .3 	-6.606 	 192 	 300 	 214 	 182 	 4073 	-6.8 
 482.5 	 116.4 	 21.21 	 .3 	-6.607 	 192 	 300 	 214 	 181 	 4074 	-6.8 
 483 	 116.5 	 21.17 	 .29 	-6.609 	 192 	 300 	 213 	 181 	 4074 	-6.6 
 483.5 	 116.4 	 21.19 	 .3 	-6.602 	 192 	 300 	 214 	 181 	 4074 	-6.8 
 484 	 116.5 	 21.19 	 .29 	-6.604 	 192 	 300 	 213 	 181 	 4074 	-6.5 
 484.5 	 116.5 	 21.25 	 .3 	-6.601 	 192 	 300 	 213 	 181 	 4076 	-6.4 
 485 	 116.4 	 21.08 	 .29 	-6.609 	 192 	 300 	 213 	 181 	 4074 	-6.5 
 485.5 	 116.5 	 21.21 	 .3 	-6.592 	 192 	 300 	 213 	 182 	 4074 	-6.6 
 486 	 116.4 	 21.12 	 .3 	-6.608 	 192 	 300 	 214 	 182 	 4074 	-6.6 
 486.5 	 116.5 	 21.2 	 .3 	-6.607 	 192 	 301 	 214 	 182 	 4075 	-6.6 
 487 	 116.5 	 21.21 	 .3 	-6.6 	 192 	 300 	 214 	 182 	 4076 	-6.9 
 487.5 	 116.5 	 21.19 	 .3 	-6.604 	 192 	 300 	 213 	 181 	 4075 	-6.8 
 488 	 116.5 	 21.13 	 .3 	-6.603 	 192 	 300 	 214 	 181 	 4074 	-6.8 
 488.5 	 116.6 	 21.23 	 .3 	-6.594 	 192 	 300 	 213 	 182 	 4074 	-6.8 
 489 	 116.5 	 21.12 	 .3 	-6.609 	 192 	 300 	 213 	 181 	 4074 	-6.9 
 489.5 	 116.5 	 21.25 	 .3 	-6.604 	 192 	 300 	 213 	 182 	 4076 	-6.9 
 490 	 116.5 	 21.25 	 .3 	-6.606 	 192 	 300 	 213 	 182 	 4076 	-6.6 
 490.5 	 116.5 	 21 	 .3 	-6.603 	 192 	 300 	 214 	 181 	 4077 	-6.6 
 491 	 116.5 	 21.22 	 .3 	-6.598 	 192 	 300 	 213 	 182 	 4077 	-6.8 
 491.5 	 116.5 	 21.26 	 .3 	-6.604 	 192 	 300 	 213 	 182 	 4076 	-6.5 
 492 	 116.6 	 21.24 	 .3 	-6.597 	 192 	 300 	 214 	 181 	 4076 	-6.6 
 492.5 	 116.5 	 21.28 	 .3 	-6.602 	 192 	 300 	 213 	 181 	 4078 	-7 
 493 	 116.5 	 21.21 	 .3 	-6.59 	 192 	 300 	 214 	 182 	 4076 	-6.4 
 493.5 	 116.5 	 21.21 	 .3 	-6.61 	 192 	 300 	 213 	 182 	 4077 	-7 
 494 	 116.5 	 21.04 	 .3 	-6.591 	 192 	 300 	 214 	 182 	 4076 	-6.4 
 494.5 	 116.6 	 21.21 	 .3 	-6.583 	 192 	 300 	 213 	 182 	 4077 	-6.9 
 495 	 116.5 	 21.11 	 .3 	-6.597 	 192 	 300 	 213 	 181 	 4076 	-6.5 
 495.5 	 116.5 	 21.13 	 .3 	-6.587 	 192 	 300 	 214 	 182 	 4075 	-7 
 496 	 116.5 	 21.24 	 .3 	-6.607 	 192 	 300 	 213 	 181 	 4077 	-6.8 
 496.5 	 116.4 	 21.2 	 .3 	-6.598 	 192 	 300 	 214 	 182 	 4075 	-6.6 
 497 	 116.5 	 21.25 	 .3 	-6.616 	 192 	 300 	 213 	 182 	 4075 	-6.9 
 497.5 	 116.5 	 21.24 	 .3 	-6.598 	 192 	 300 	 214 	 181 	 4079 	-6.6 
 498 	 116.6 	 21.27 	 .3 	-6.593 	 192 	 300 	 213 	 181 	 4078 	-7 
 498.5 	 116.5 	 21.25 	 .3 	-6.611 	 192 	 300 	 213 	 182 	 4079 	-6.8 
 499 	 116.5 	 21.25 	 .3 	-6.604 	 192 	 300 	 213 	 182 	 4079 	-6.3 
 499.5 	 116.6 	 21.17 	 .3 	-6.597 	 192 	 300 	 213 	 181 	 4077 	-6.6 
 500 	 116.5 	 21.21 	 .3 	-6.601 	 192 	 300 	 213 	 181 	 4079 	-6.6 
 500.5 	 116.5 	 21.32 	 .3 	-6.598 	 192 	 300 	 213 	 181 	 4077 	-6.8 
 501 	 116.5 	 21.15 	 .3 	-6.597 	 192 	 300 	 214 	 181 	 4078 	-6.9 
 501.5 	 116.5 	 21.15 	 .3 	-6.605 	 192 	 300 	 213 	 181 	 4079 	-6.6 
 502 	 116.5 	 21.12 	 .29 	-6.601 	 192 	 300 	 213 	 181 	 4078 	-6.5 
 502.5 	 116.6 	 21.21 	 .3 	-6.602 	 192 	 300 	 214 	 181 	 4079 	-6.6 
 503 	 116.5 	 21.2 	 .3 	-6.6 	 192 	 300 	 214 	 181 	 4078 	-6.6 
 503.5 	 116.6 	 21.31 	 .3 	-6.618 	 192 	 300 	 213 	 181 	 4078 	-6.8 
 504 	 116.5 	 21.31 	 .31 	-6.597 	 192 	 300 	 213 	 181 	 4080 	-6.8 
 504.5 	 116.5 	 21.14 	 .3 	-6.596 	 192 	 300 	 214 	 181 	 4081 	-6.9 
 505 	 116.5 	 21.22 	 .3 	-6.591 	 192 	 300 	 213 	 181 	 4079 	-6.8 
 505.5 	 116.5 	 21.12 	 .3 	-6.601 	 192 	 301 	 213 	 181 	 4081 	-6.9 
 506 	 116.5 	 21.09 	 .3 	-6.595 	 192 	 300 	 213 	 181 	 4082 	-6.8 
 506.5 	 116.6 	 21.14 	 .3 	-6.582 	 192 	 300 	 213 	 181 	 4080 	-6.9 
 507 	 116.5 	 21.19 	 .3 	-6.583 	 192 	 300 	 213 	 181 	 4079 	-6.9 
 507.5 	 116.5 	 21.27 	 .3 	-6.578 	 192 	 300 	 213 	 182 	 4079 	-6.6 
 508 	 116.5 	 21.19 	 .3 	-6.601 	 192 	 300 	 213 	 181 	 4080 	-6.8 
 508.5 	 116.6 	 21.2 	 .3 	-6.594 	 192 	 300 	 213 	 182 	 4078 	-6.5 
 509 	 116.6 	 21.16 	 .29 	-6.592 	 192 	 301 	 214 	 181 	 4080 	-6.6 
 509.5 	 116.6 	 21.11 	 .3 	-6.583 	 192 	 300 	 213 	 181 	 4080 	-6.9 
 510 	 116.5 	 21.2 	 .3 	-6.595 	 192 	 300 	 213 	 181 	 4081 	-6.6 
 510.5 	 116.5 	 21.23 	 .3 	-6.592 	 192 	 300 	 213 	 181 	 4080 	-7 
 511 	 116.5 	 21.17 	 .3 	-6.587 	 192 	 300 	 213 	 182 	 4080 	-6.8 
 511.5 	 116.6 	 21.18 	 .3 	-6.595 	 192 	 300 	 213 	 181 	 4081 	-6.8 
 512 	 116.7 	 21.15 	 .3 	-6.58 	 192 	 300 	 213 	 181 	 4078 	-6.6 
 512.5 	 116.6 	 21.12 	 .31 	-6.587 	 192 	 300 	 213 	 181 	 4081 	-6.9 
 513 	 116.5 	 21.24 	 .29 	-6.622 	 192 	 300 	 213 	 181 	 4079 	-6.6 
 513.5 	 116.5 	 21.09 	 .3 	-6.663 	 192 	 300 	 213 	 181 	 4080 	-6.5 
 514 	 116.5 	 21.19 	 .3 	-6.638 	 192 	 300 	 213 	 182 	 4081 	-6.8 
 514.5 	 116.5 	 21.09 	 .3 	-6.617 	 192 	 300 	 213 	 181 	 4084 	-6.9 
 515 	 116.6 	 21.18 	 .29 	-6.622 	 192 	 301 	 213 	 181 	 4082 	-6.6 
 515.5 	 116.6 	 21.25 	 .3 	-6.606 	 192 	 300 	 212 	 181 	 4081 	-6.9 
 516 	 116.5 	 21.13 	 .3 	-6.614 	 192 	 301 	 213 	 180 	 4082 	-6.5 
 516.5 	 116.5 	 21.11 	 .3 	-6.608 	 192 	 300 	 212 	 182 	 4083 	-6.8 
 517 	 116.6 	 21.23 	 .3 	-6.61 	 192 	 300 	 213 	 181 	 4082 	-6.8 
 517.5 	 116.6 	 21.15 	 .3 	-6.608 	 192 	 300 	 213 	 181 	 4082 	-6.9 
 518 	 116.5 	 21.14 	 .3 	-6.61 	 192 	 300 	 213 	 181 	 4082 	-6.8 
 518.5 	 116.5 	 21.16 	 .3 	-6.612 	 192 	 300 	 213 	 181 	 4081 	-6.9 
 519 	 116.7 	 21.17 	 .3 	-6.61 	 192 	 300 	 213 	 181 	 4082 	-6.9 
 519.5 	 116.5 	 21.11 	 .3 	-6.608 	 192 	 300 	 213 	 181 	 4081 	-7 
 520 	 116.5 	 21.03 	 .3 	-6.61 	 192 	 300 	 213 	 181 	 4081 	-6.6 
 520.5 	 116.5 	 21.25 	 .3 	-6.593 	 192 	 300 	 213 	 181 	 4083 	-6.5 
 521 	 116.5 	 21.17 	 .3 	-6.611 	 192 	 300 	 213 	 181 	 4081 	-6.9 
 521.5 	 114.6 	 90.49 	 .12 	-6.64 	 193 	 293 	 212 	 177 	 4081 	-6.8 
 522 	 113.9 	 9.95 	 .14 	-6.731 	 192 	 301 	 216 	 185 	 4085 	-7 
 522.5 	 114.5 	 12.61 	 .2 	-6.727 	 193 	 307 	 217 	 189 	 4087 	-6.6 
 523 	 114.9 	 12.92 	 .2 	-6.75 	 193 	 283 	 216 	 185 	 4095 	-6.9 
 523.5 	 115.5 	 16.97 	 .22 	-6.68 	 194 	 316 	 219 	 192 	 4103 	-6.5 
 524 	 115.9 	 18.47 	 .27 	-6.68 	 194 	 312 	 218 	 189 	 4113 	-6.6 
 524.5 	 116.1 	 17.53 	 .25 	-6.715 	 194 	 282 	 214 	 182 	 4123 	-6.8 
 525 	 116.3 	 20.87 	 .28 	-6.654 	 194 	 318 	 218 	 188 	 4123 	-6.9 
 525.5 	 116.5 	 19.79 	 .31 	-6.686 	 194 	 293 	 214 	 183 	 4130 	-6.6 
 526 	 116.6 	 20.16 	 .27 	-6.668 	 194 	 293 	 215 	 183 	 4129 	-6.8 
 526.5 	 116.9 	 21.87 	 .3 	-6.606 	 194 	 317 	 218 	 187 	 4132 	-7 
 527 	 117 	 20.95 	 .31 	-6.651 	 194 	 296 	 215 	 183 	 4135 	-6.8 
 527.5 	 117 	 20.27 	 .28 	-6.653 	 194 	 288 	 215 	 182 	 4134 	-6.9 
 528 	 117.3 	 22.78 	 .31 	-6.601 	 194 	 323 	 220 	 188 	 4136 	-6.5 
 528.5 	 117.2 	 19.81 	 .31 	-6.679 	 194 	 278 	 212 	 180 	 4136 	-6.8 
 529 	 117.4 	 20.13 	 .28 	-6.648 	 195 	 283 	 214 	 182 	 4136 	-6.8 
 529.5 	 117.5 	 23.16 	 .33 	-6.578 	 194 	 325 	 221 	 189 	 4135 	-6.3 
 530 	 117.4 	 17.63 	 .28 	-6.658 	 194 	 277 	 211 	 180 	 4135 	-6.8 
 530.5 	 117.6 	 20.7 	 .27 	-6.603 	 195 	 312 	 220 	 188 	 4136 	-6.5 
 531 	 117.6 	 21.69 	 .33 	-6.617 	 195 	 304 	 217 	 186 	 4139 	-7 
 531.5 	 117.6 	 19.78 	 .29 	-6.664 	 194 	 276 	 211 	 180 	 4135 	-6.9 
 532 	 117.7 	 21.41 	 .28 	-6.595 	 195 	 309 	 221 	 188 	 4135 	-7 
 532.5 	 117.8 	 21.97 	 .34 	-6.602 	 195 	 306 	 218 	 185 	 4138 	-6.4 
 533 	 117.7 	 19.46 	 .28 	-6.655 	 195 	 276 	 213 	 181 	 4136 	-6.8 
 533.5 	 118 	 23.47 	 .3 	-6.572 	 195 	 332 	 223 	 191 	 4135 	-6.5 
 534 	 118.1 	 22.16 	 .33 	-6.608 	 195 	 309 	 219 	 187 	 4137 	-6.8 
 534.5 	 118.1 	 19.46 	 .27 	-6.647 	 195 	 275 	 213 	 182 	 4137 	-6.6 
 535 	 118.2 	 23.61 	 .31 	-6.554 	 195 	 332 	 224 	 192 	 4136 	-7 
 535.5 	 118.3 	 19.87 	 .32 	-6.656 	 195 	 277 	 213 	 181 	 4137 	-7 
 536 	 118.3 	 21.59 	 .27 	-6.597 	 195 	 306 	 221 	 189 	 4136 	-6.8 
 536.5 	 118.4 	 23.6 	 .33 	-6.548 	 195 	 332 	 225 	 192 	 4136 	-6.6 
 537 	 118.4 	 20.11 	 .3 	-6.656 	 195 	 277 	 213 	 181 	 4138 	-6.3 
 537.5 	 118.5 	 21.43 	 .27 	-6.584 	 195 	 306 	 221 	 189 	 4136 	-6.5 
 538 	 118.5 	 22.48 	 .34 	-6.588 	 195 	 311 	 221 	 188 	 4135 	-6.8 
 538.5 	 118.6 	 19.47 	 .29 	-6.641 	 195 	 274 	 215 	 182 	 4136 	-6.8 
 539 	 118.7 	 21.49 	 .28 	-6.592 	 195 	 304 	 222 	 189 	 4135 	-6.8 
 539.5 	 118.7 	 22.6 	 .33 	-6.582 	 195 	 312 	 221 	 189 	 4135 	-6.6 
 540 	 118.7 	 19.28 	 .28 	-6.643 	 195 	 273 	 214 	 182 	 4138 	-6.8 
 540.5 	 118.8 	 23.67 	 .3 	-6.545 	 195 	 333 	 226 	 193 	 4136 	-6.6 
 541 	 118.8 	 20.12 	 .33 	-6.642 	 195 	 278 	 214 	 182 	 4134 	-6.6 
 541.5 	 118.8 	 19.31 	 .27 	-6.654 	 195 	 273 	 214 	 182 	 4136 	-6.5 
 542 	 119 	 23.72 	 .32 	-6.535 	 195 	 333 	 226 	 194 	 4136 	-6.5 
 542.5 	 119 	 20.16 	 .32 	-6.637 	 195 	 278 	 214 	 183 	 4137 	-7 
 543 	 119 	 21.35 	 .26 	-6.587 	 195 	 302 	 223 	 190 	 4135 	-6.9 
 543.5 	 119.1 	 22.58 	 .34 	-6.57 	 195 	 313 	 222 	 190 	 4136 	-6.6 
 544 	 119 	 20.08 	 .3 	-6.643 	 195 	 278 	 215 	 183 	 4136 	-7 
 544.5 	 119.2 	 21.35 	 .28 	-6.587 	 195 	 302 	 222 	 190 	 4137 	-6.6 
 545 	 119.3 	 22.62 	 .34 	-6.564 	 195 	 313 	 222 	 191 	 4136 	-6.8 
 545.5 	 119.1 	 19.18 	 .28 	-6.642 	 195 	 272 	 215 	 183 	 4136 	-6.6 
 546 	 119.2 	 23.7 	 .29 	-6.537 	 195 	 334 	 227 	 195 	 4136 	-6.6 
 546.5 	 119.3 	 22.54 	 .33 	-6.565 	 195 	 313 	 223 	 191 	 4136 	-6.1 
 547 	 119.3 	 19.14 	 .27 	-6.641 	 195 	 272 	 215 	 183 	 4137 	-6.6 
 547.5 	 119.4 	 23.64 	 .31 	-6.55 	 195 	 333 	 228 	 195 	 4136 	-6.8 
 548 	 119.2 	 20.1 	 .32 	-6.636 	 195 	 278 	 215 	 184 	 4135 	-6.8 
 548.5 	 119.4 	 21.26 	 .27 	-6.58 	 195 	 302 	 223 	 190 	 4135 	-6.6 
 549 	 119.4 	 23.68 	 .33 	-6.536 	 195 	 334 	 228 	 195 	 4135 	-7 
 549.5 	 119.4 	 20.07 	 .31 	-6.625 	 195 	 280 	 216 	 184 	 4134 	-7 
 550 	 119.5 	 21.15 	 .27 	-6.58 	 195 	 301 	 223 	 191 	 4135 	-6.8 
 550.5 	 119.6 	 22.64 	 .33 	-6.566 	 195 	 315 	 224 	 192 	 4136 	-6.6 
 551 	 119.4 	 19.03 	 .29 	-6.656 	 195 	 272 	 216 	 184 	 4137 	-6.9 
 551.5 	 119.5 	 21.1 	 .28 	-6.585 	 195 	 300 	 224 	 191 	 4136 	-6.9 
 552 	 119.6 	 22.63 	 .34 	-6.557 	 195 	 315 	 224 	 192 	 4135 	-6.8 
 552.5 	 119.6 	 19.03 	 .28 	-6.626 	 195 	 272 	 216 	 183 	 4135 	-6.8 
 553 	 119.7 	 23.49 	 .3 	-6.528 	 196 	 334 	 229 	 196 	 4137 	-7 
 553.5 	 119.6 	 20.02 	 .33 	-6.624 	 195 	 279 	 216 	 185 	 4135 	-6.8 
 554 	 119.7 	 19.04 	 .27 	-6.635 	 195 	 272 	 216 	 184 	 4136 	-6.4 
 554.5 	 119.7 	 23.56 	 .31 	-6.544 	 195 	 334 	 229 	 196 	 4137 	-6.6 
 555 	 119.6 	 20.06 	 .31 	-6.622 	 195 	 279 	 217 	 185 	 4135 	-6.8 
 555.5 	 119.7 	 21.07 	 .27 	-6.573 	 195 	 300 	 224 	 192 	 4137 	-6.8 
 556 	 119.8 	 22.57 	 .33 	-6.583 	 195 	 315 	 225 	 193 	 4135 	-6.3 
 556.5 	 119.8 	 20.06 	 .3 	-6.621 	 195 	 279 	 217 	 185 	 4137 	-6.5 
 557 	 119.8 	 21.08 	 .27 	-6.582 	 196 	 301 	 225 	 192 	 4136 	-6.6 
 557.5 	 119.9 	 22.64 	 .34 	-6.569 	 196 	 315 	 225 	 193 	 4135 	-6.6 
 558 	 119.9 	 18.88 	 .29 	-6.627 	 195 	 271 	 217 	 185 	 4138 	-7 
 558.5 	 120 	 23.59 	 .29 	-6.533 	 196 	 334 	 230 	 197 	 4137 	-6.5 
 559 	 119.8 	 19.93 	 .34 	-6.615 	 196 	 278 	 217 	 185 	 4136 	-6.8 
 559.5 	 120 	 19.46 	 .29 	-6.606 	 195 	 278 	 218 	 186 	 4136 	-6.8 
 560 	 119.9 	 22.84 	 .3 	-6.579 	 196 	 323 	 228 	 195 	 4137 	-6.6 
 560.5 	 120 	 20.99 	 .32 	-6.57 	 195 	 290 	 222 	 190 	 4136 	-6.4 
 561 	 120 	 20.64 	 .3 	-6.575 	 196 	 289 	 222 	 189 	 4137 	-7 
 561.5 	 120 	 20.95 	 .29 	-6.573 	 195 	 296 	 223 	 191 	 4137 	-6.8 
 562 	 120.1 	 21.81 	 .31 	-6.571 	 195 	 301 	 224 	 192 	 4137 	-6.6 
 562.5 	 120 	 20.84 	 .3 	-6.568 	 196 	 292 	 222 	 190 	 4136 	-6.8 
 563 	 120 	 21.36 	 .3 	-6.567 	 195 	 296 	 223 	 190 	 4138 	-6.8 
 563.5 	 119.9 	 21.44 	 .31 	-6.574 	 196 	 294 	 223 	 190 	 4135 	-6.9 
 564 	 120 	 20.97 	 .3 	-6.584 	 196 	 290 	 223 	 190 	 4137 	-6.8 
 564.5 	 120 	 21.22 	 .3 	-6.57 	 196 	 295 	 223 	 191 	 4135 	-6.9 
 565 	 120 	 21.5 	 .31 	-6.57 	 196 	 295 	 223 	 191 	 4137 	-6.8 
 565.5 	 120 	 20.8 	 .3 	-6.57 	 195 	 289 	 222 	 190 	 4137 	-6.6 
 566 	 120 	 21.54 	 .3 	-6.564 	 196 	 297 	 223 	 191 	 4135 	-6.9 
 566.5 	 120 	 21.7 	 .3 	-6.568 	 195 	 296 	 223 	 191 	 4134 	-6.8 
 567 	 120 	 20.9 	 .3 	-6.583 	 196 	 290 	 222 	 189 	 4136 	-6.9 
 567.5 	 120 	 21.57 	 .3 	-6.571 	 195 	 298 	 224 	 191 	 4136 	-6.8 
 568 	 120 	 21.33 	 .31 	-6.589 	 195 	 293 	 222 	 191 	 4135 	-6.8 
 568.5 	 119.9 	 21.09 	 .3 	-6.669 	 195 	 292 	 223 	 190 	 4135 	-6.8 
 569 	 120 	 21.51 	 .3 	-6.58 	 196 	 297 	 223 	 191 	 4136 	-7 
 569.5 	 120 	 21.43 	 .31 	-6.57 	 196 	 295 	 223 	 190 	 4136 	-6.8 
 570 	 119.9 	 20.91 	 .29 	-6.702 	 196 	 291 	 223 	 190 	 4135 	-6.8 
 570.5 	 119.8 	 21.65 	 .3 	-6.69 	 195 	 299 	 224 	 191 	 4137 	-7 
 571 	 119.9 	 21.09 	 .31 	-6.687 	 196 	 291 	 222 	 190 	 4137 	-7 
 571.5 	 119.9 	 20.86 	 .3 	-6.68 	 195 	 290 	 222 	 190 	 4134 	-6.8 
 572 	 120 	 21.64 	 .3 	-6.664 	 195 	 298 	 224 	 191 	 4135 	-6.8 
 572.5 	 119.9 	 21.04 	 .31 	-6.67 	 195 	 292 	 222 	 191 	 4137 	-6.6 
 573 	 120 	 21.14 	 .29 	-6.649 	 196 	 293 	 223 	 191 	 4136 	-6.3 
 573.5 	 120 	 21.68 	 .31 	-6.635 	 195 	 298 	 224 	 191 	 4137 	-7 
 574 	 120 	 21.23 	 .3 	-6.627 	 196 	 294 	 222 	 190 	 4135 	-6.8 
 574.5 	 120 	 20.92 	 .29 	-6.621 	 196 	 292 	 223 	 190 	 4136 	-6.5 
 575 	 120.1 	 21.82 	 .31 	-6.602 	 195 	 299 	 224 	 191 	 4136 	-6.5 
 575.5 	 119.9 	 20.86 	 .3 	-6.611 	 196 	 291 	 222 	 190 	 4135 	-6.6 
 576 	 120.1 	 21.27 	 .29 	-6.601 	 196 	 296 	 224 	 191 	 4134 	-6.5 
 576.5 	 120 	 21.6 	 .3 	-6.588 	 195 	 300 	 224 	 191 	 4136 	-7 
 577 	 120 	 20.99 	 .3 	-6.595 	 195 	 291 	 223 	 190 	 4134 	-6.9 
 577.5 	 120 	 21.15 	 .29 	-6.591 	 195 	 294 	 223 	 190 	 4136 	-6.9 
 578 	 120 	 21.59 	 .31 	-6.588 	 196 	 299 	 224 	 191 	 4136 	-6.6 
 578.5 	 120 	 20.69 	 .3 	-6.582 	 196 	 289 	 222 	 190 	 4135 	-6.6 
 579 	 120 	 20.92 	 .29 	-6.589 	 195 	 291 	 223 	 190 	 4135 	-6.4 
 579.5 	 120.1 	 21.38 	 .3 	-6.591 	 196 	 293 	 222 	 191 	 4137 	-7 
 580 	 120 	 20.83 	 .3 	-6.582 	 196 	 289 	 222 	 190 	 4136 	-6.6 
 580.5 	 120 	 21.26 	 .3 	-6.587 	 195 	 291 	 222 	 190 	 4137 	-6.9 
 581 	 119.9 	 21.24 	 .31 	-6.582 	 195 	 291 	 222 	 190 	 4135 	-6.6 
 581.5 	 119.9 	 21.04 	 .3 	-6.588 	 195 	 289 	 222 	 189 	 4135 	-7 
 582 	 120 	 21.28 	 .3 	-6.581 	 195 	 290 	 222 	 190 	 4136 	-7 
 582.5 	 120 	 21.32 	 .3 	-6.578 	 195 	 290 	 223 	 190 	 4136 	-6.8 
 583 	 120 	 21.16 	 .3 	-6.578 	 195 	 290 	 222 	 190 	 4136 	-6.9 
 583.5 	 120 	 21.37 	 .3 	-6.577 	 195 	 291 	 223 	 190 	 4136 	-7 
 584 	 120 	 21.25 	 .3 	-6.599 	 196 	 290 	 223 	 190 	 4136 	-6.9 
 584.5 	 120 	 21.1 	 .3 	-6.578 	 195 	 290 	 222 	 190 	 4136 	-6.5 
 585 	 120 	 21.27 	 .3 	-6.583 	 195 	 290 	 223 	 191 	 4135 	-6.6 
 585.5 	 120.1 	 21.26 	 .3 	-6.59 	 195 	 291 	 222 	 190 	 4136 	-6.9 
 586 	 120 	 21.29 	 .3 	-6.585 	 195 	 290 	 223 	 190 	 4138 	-6.6 
 586.5 	 120 	 21.25 	 .29 	-6.583 	 195 	 290 	 222 	 190 	 4136 	-6.9 
9 
