时间(S)	振次	轴位移(mm)	力(kN)	应力(kPa)	变形(mm)	侧位移(mm)	围压(kPa)	孔压(kPa)	反压(kPa)	体变(ml)	小体变(ml)
0.00	0.00	 163.4 	 21.51 	 304 	 3.892 	 39.5 	 300 	 247 	 228 	 6415 	-7.5 
 .2 	 .02 	 163.3 	 21.51 	 31 	 3.885 	 39.1 	 300 	 247 	 227 	 6413 	-7.3 
 .4 	 .04 	 163.4 	 21.87 	 32 	 3.895 	 39.8 	 300 	 247 	 228 	 6412 	-7.4 
 .61 	 .06 	 163.4 	 22.51 	 33 	 3.911 	 39.4 	 299 	 247 	 228 	 6412 	-7 
 .81 	 .08 	 163.4 	 23.62 	 36 	 3.941 	 39.8 	 300 	 247 	 228 	 6413 	-7.5 
 1.01 	 .1 	 163.4 	 25.94 	 38 	 4.052 	 39.7 	 301 	 245 	 227 	 6415 	-7.3 
 1.21 	 .12 	 163.6 	 27.32 	 41 	 4.11 	 39.4 	 301 	 245 	 226 	 6413 	-7 
 1.41 	 .14 	 163.6 	 28.66 	 43 	 4.17 	 39.9 	 301 	 244 	 225 	 6412 	-7.4 
 1.62 	 .16 	 163.6 	 30.9 	 44 	 4.294 	 39.2 	 302 	 242 	 224 	 6414 	-7.4 
 1.82 	 .18 	 163.7 	 31.8 	 46 	 4.36 	 39.8 	 302 	 242 	 223 	 6414 	-7.5 
 2.02 	 .2 	 163.8 	 32.61 	 47 	 4.416 	 38.9 	 302 	 241 	 222 	 6412 	-7 
 2.22 	 .22 	 163.8 	 33.32 	 48 	 4.472 	 39.7 	 302 	 240 	 221 	 6413 	-7 
 2.42 	 .24 	 164 	 34.24 	 49 	 4.593 	 38.5 	 301 	 239 	 220 	 6413 	-7.1 
 2.63 	 .26 	 164 	 34.62 	 49 	 4.668 	 39.7 	 301 	 238 	 219 	 6413 	-7.5 
 2.83 	 .28 	 164.1 	 34.84 	 49 	 4.714 	 38.8 	 302 	 237 	 218 	 6413 	-7.1 
 3.03 	 .3 	 164.1 	 34.94 	 49 	 4.83 	 39.4 	 302 	 236 	 217 	 6414 	-7 
 3.23 	 .32 	 164.2 	 34.99 	 49 	 4.875 	 38.7 	 301 	 236 	 217 	 6415 	-7.4 
 3.43 	 .34 	 164.2 	 34.87 	 49 	 4.905 	 39.4 	 301 	 236 	 216 	 6412 	-7.1 
 3.64 	 .36 	 164.3 	 34.32 	 49 	 4.946 	 38.8 	 301 	 235 	 216 	 6413 	-7 
 3.84 	 .38 	 164.3 	 33.88 	 47 	 4.952 	 38.9 	 300 	 235 	 216 	 6412 	-7.5 
 4.04 	 .4 	 164.3 	 33.54 	 46 	 4.948 	 39.1 	 300 	 235 	 216 	 6414 	-7.5 
 4.24 	 .42 	 164.2 	 33.24 	 46 	 4.958 	 38.5 	 300 	 235 	 216 	 6415 	-7.3 
 4.44 	 .44 	 164.3 	 31.6 	 43 	 4.96 	 39.4 	 300 	 235 	 217 	 6414 	-7.1 
 4.65 	 .46 	 164.3 	 30.17 	 41 	 4.942 	 38.4 	 299 	 235 	 216 	 6414 	-7.3 
 4.85 	 .48 	 164.3 	 29.16 	 39 	 4.92 	 39.5 	 299 	 235 	 216 	 6415 	-7.4 
 5.05 	 .5 	 164.2 	 26.16 	 36 	 4.863 	 38.4 	 299 	 236 	 217 	 6413 	-7.5 
 5.25 	 .52 	 164.2 	 24.69 	 33 	 4.829 	 39.6 	 299 	 236 	 217 	 6412 	-7.1 
 5.45 	 .54 	 164.2 	 22.98 	 30 	 4.796 	 38.5 	 299 	 237 	 217 	 6413 	-7.5 
 5.66 	 .56 	 164.2 	 21.64 	 28 	 4.75 	 39.2 	 299 	 237 	 218 	 6413 	-7.3 
 5.86 	 .58 	 164.1 	 18.85 	 25 	 4.644 	 38.2 	 298 	 238 	 219 	 6413 	-7.4 
 6.06 	 .6 	 164.1 	 17.52 	 23 	 4.583 	 39.2 	 297 	 238 	 220 	 6414 	-7.1 
 6.26 	 .62 	 164 	 16.38 	 22 	 4.52 	 38.9 	 297 	 239 	 220 	 6414 	-7.6 
 6.46 	 .64 	 163.9 	 14.32 	 19 	 4.381 	 39 	 297 	 242 	 222 	 6413 	-7.4 
 6.67 	 .66 	 163.9 	 13.24 	 18 	 4.286 	 39.5 	 296 	 243 	 223 	 6415 	-7 
 6.87 	 .68 	 163.8 	 12.35 	 16 	 4.194 	 38.7 	 297 	 244 	 224 	 6412 	-7 
 7.07 	 .7 	 163.6 	 10.92 	 16 	 3.972 	 39.7 	 297 	 247 	 227 	 6413 	-7.1 
 7.27 	 .72 	 163.6 	 10.39 	 14 	 3.86 	 38.8 	 296 	 248 	 228 	 6413 	-7.4 
 7.47 	 .74 	 163.5 	 9.83 	 13 	 3.752 	 40 	 296 	 249 	 230 	 6413 	-7.3 
 7.68 	 .76 	 163.4 	 9.46 	 13 	 3.628 	 39.2 	 297 	 251 	 231 	 6413 	-7 
 7.88 	 .78 	 163.2 	 8.9 	 13 	 3.414 	 40.2 	 297 	 253 	 233 	 6413 	-7 
 8.08 	 .8 	 163.2 	 8.69 	 12 	 3.322 	 39.4 	 297 	 254 	 234 	 6413 	-7.1 
 8.28 	 .82 	 163.1 	 8.49 	 12 	 3.234 	 40.1 	 297 	 255 	 234 	 6414 	-7.5 
 8.48 	 .84 	 163 	 8.43 	 12 	 3.124 	 39.6 	 298 	 257 	 236 	 6415 	-7.4 
 8.69 	 .86 	 163 	 8.42 	 12 	 3.096 	 40.3 	 298 	 257 	 237 	 6414 	-7.1 
 8.89 	 .88 	 162.9 	 8.47 	 12 	 3.087 	 40 	 298 	 257 	 237 	 6413 	-6.9 
 9.09 	 .9 	 163 	 8.49 	 13 	 3.099 	 40 	 298 	 257 	 237 	 6415 	-7.1 
 9.29 	 .92 	 163 	 9.48 	 15 	 3.097 	 40 	 300 	 258 	 237 	 6413 	-7 
 9.49 	 .94 	 163 	 10.39 	 16 	 3.123 	 39.8 	 299 	 258 	 237 	 6415 	-7.4 
 9.7 	 .96 	 163 	 10.98 	 17 	 3.19 	 40.6 	 298 	 257 	 237 	 6414 	-7.3 
 9.9 	 .98 	 163.1 	 12.73 	 19 	 3.379 	 39.5 	 300 	 259 	 239 	 6413 	-7.3 
 10.1 	 1 	 163.3 	 13.68 	 21 	 3.517 	 40.5 	 300 	 259 	 238 	 6414 	-7.1 
 10.3 	 1.03 	 163.4 	 14.8 	 23 	 3.682 	 39.5 	 300 	 257 	 237 	 6413 	-7.3 
 10.5 	 1.05 	 163.5 	 16.05 	 27 	 3.873 	 40.7 	 300 	 256 	 236 	 6414 	-7.3 
 10.71 	 1.07 	 163.7 	 19.97 	 31 	 4.265 	 39.6 	 303 	 253 	 233 	 6413 	-7.6 
 10.91 	 1.09 	 163.9 	 22.2 	 35 	 4.446 	 40.5 	 303 	 251 	 231 	 6414 	-7.1 
 11.11 	 1.11 	 164.1 	 24.38 	 38 	 4.595 	 39.6 	 303 	 249 	 230 	 6414 	-7.1 
 11.31 	 1.13 	 164.3 	 28.13 	 41 	 4.857 	 40.1 	 303 	 246 	 226 	 6413 	-7 
 11.51 	 1.15 	 164.3 	 29.74 	 43 	 4.958 	 39.4 	 304 	 245 	 226 	 6412 	-7 
 11.72 	 1.17 	 164.4 	 30.88 	 45 	 5.062 	 39.9 	 303 	 243 	 224 	 6413 	-7.1 
 11.92 	 1.19 	 164.6 	 32.52 	 48 	 5.253 	 39.4 	 302 	 240 	 221 	 6413 	-7.1 
 12.12 	 1.21 	 164.7 	 33.46 	 48 	 5.352 	 39.1 	 303 	 239 	 221 	 6414 	-7.4 
 12.32 	 1.23 	 164.7 	 34.13 	 49 	 5.446 	 39.5 	 303 	 239 	 220 	 6414 	-7 
 12.52 	 1.25 	 164.8 	 34.47 	 49 	 5.524 	 38.9 	 302 	 238 	 218 	 6413 	-7.1 
 12.73 	 1.27 	 165 	 35.03 	 50 	 5.686 	 39.6 	 302 	 235 	 217 	 6415 	-7.6 
 12.93 	 1.29 	 165 	 35.39 	 50 	 5.758 	 38.8 	 303 	 235 	 217 	 6414 	-7.4 
 13.13 	 1.31 	 165.1 	 35.41 	 50 	 5.82 	 39.4 	 302 	 235 	 216 	 6414 	-7.4 
 13.33 	 1.33 	 165.2 	 34.97 	 49 	 5.916 	 38.4 	 299 	 233 	 215 	 6414 	-7 
 13.53 	 1.35 	 165.2 	 34.83 	 49 	 5.94 	 39.6 	 301 	 233 	 215 	 6412 	-7.4 
 13.74 	 1.37 	 165.2 	 34.56 	 48 	 5.963 	 38.3 	 301 	 234 	 216 	 6413 	-7.1 
 13.94 	 1.39 	 165.2 	 33.64 	 47 	 5.977 	 39.1 	 299 	 233 	 215 	 6415 	-7.4 
 14.14 	 1.41 	 165.3 	 33.31 	 47 	 5.984 	 38.7 	 298 	 233 	 214 	 6414 	-7.4 
 14.34 	 1.43 	 165.2 	 33.19 	 45 	 5.979 	 39 	 300 	 234 	 215 	 6414 	-7.4 
 14.54 	 1.45 	 165.3 	 32.07 	 43 	 5.979 	 38.9 	 301 	 234 	 215 	 6413 	-7.1 
 14.75 	 1.47 	 165.3 	 29.23 	 41 	 5.955 	 38.4 	 298 	 233 	 214 	 6414 	-7 
 14.95 	 1.49 	 165.3 	 28.04 	 37 	 5.931 	 39.1 	 298 	 234 	 215 	 6413 	-7.1 
 15.15 	 1.51 	 165.2 	 26.47 	 35 	 5.887 	 38.2 	 300 	 234 	 215 	 6413 	-7 
 15.35 	 1.53 	 165.2 	 23.24 	 31 	 5.819 	 39.3 	 298 	 235 	 216 	 6414 	-7.4 
 15.55 	 1.55 	 165.1 	 21.85 	 29 	 5.776 	 38.2 	 298 	 235 	 216 	 6413 	-7.3 
 15.76 	 1.57 	 165.1 	 20.55 	 27 	 5.731 	 39.1 	 298 	 236 	 217 	 6414 	-7.1 
 15.96 	 1.59 	 165 	 19.01 	 24 	 5.675 	 38.3 	 298 	 237 	 218 	 6414 	-7.1 
 16.16 	 1.61 	 165.1 	 16.67 	 22 	 5.548 	 39.1 	 297 	 237 	 219 	 6414 	-7.6 
 16.36 	 1.63 	 165 	 15.49 	 20 	 5.481 	 38.6 	 297 	 239 	 219 	 6415 	-7.4 
 16.56 	 1.65 	 164.9 	 14.51 	 19 	 5.409 	 39.2 	 297 	 241 	 220 	 6413 	-7.3 
 16.77 	 1.67 	 164.8 	 12.56 	 17 	 5.201 	 38.8 	 296 	 243 	 223 	 6414 	-7.6 
 16.97 	 1.69 	 164.7 	 11.82 	 16 	 5.1 	 39.1 	 296 	 244 	 225 	 6414 	-7.3 
 17.17 	 1.71 	 164.6 	 11.16 	 15 	 4.996 	 39.3 	 297 	 246 	 227 	 6413 	-7 
 17.37 	 1.73 	 164.4 	 10.19 	 14 	 4.758 	 39.2 	 297 	 250 	 229 	 6414 	-7.5 
 17.57 	 1.75 	 164.4 	 9.58 	 13 	 4.651 	 39.8 	 296 	 251 	 231 	 6414 	-7.1 
 17.78 	 1.77 	 164.3 	 9.34 	 13 	 4.533 	 39.3 	 296 	 252 	 232 	 6415 	-6.9 
 17.98 	 1.79 	 164.2 	 9.14 	 12 	 4.426 	 40.2 	 298 	 254 	 234 	 6415 	-7.3 
 18.18 	 1.81 	 164 	 8.7 	 12 	 4.242 	 39.4 	 298 	 256 	 236 	 6416 	-7.3 
 18.38 	 1.83 	 164 	 8.61 	 12 	 4.174 	 40.6 	 297 	 255 	 235 	 6414 	-7.3 
 18.58 	 1.85 	 164 	 8.52 	 12 	 4.127 	 39.6 	 297 	 256 	 236 	 6413 	-7 
 18.79 	 1.87 	 164 	 8.81 	 13 	 4.097 	 40.5 	 300 	 259 	 239 	 6413 	-7.1 
 18.99 	 1.89 	 164 	 8.75 	 12 	 4.09 	 39.6 	 298 	 258 	 237 	 6413 	-7.1 
 19.19 	 1.91 	 163.9 	 8.8 	 14 	 4.098 	 40.8 	 297 	 257 	 237 	 6411 	-7.1 
 19.39 	 1.93 	 164 	 9.57 	 15 	 4.099 	 39.8 	 299 	 258 	 237 	 6413 	-7.1 
 19.59 	 1.95 	 164 	 11.11 	 16 	 4.179 	 40.6 	 301 	 259 	 239 	 6412 	-7 
 19.8 	 1.97 	 164.1 	 11.84 	 18 	 4.255 	 40 	 299 	 259 	 239 	 6413 	-7.1 
 20 	 1.99 	 164.1 	 12.55 	 20 	 4.368 	 40.4 	 298 	 258 	 238 	 6414 	-7.1 
 20.2 	 2.02 	 164.3 	 15 	 22 	 4.683 	 40.3 	 302 	 259 	 239 	 6413 	-7 
 20.4 	 2.04 	 164.5 	 16.19 	 25 	 4.868 	 40.1 	 302 	 257 	 237 	 6415 	-7.3 
 20.6 	 2.06 	 164.6 	 17.81 	 28 	 5.073 	 40.5 	 301 	 254 	 235 	 6413 	-7 
 20.81 	 2.08 	 164.8 	 19.78 	 33 	 5.264 	 39.9 	 302 	 252 	 233 	 6414 	-7.4 
 21.01 	 2.1 	 165 	 24.37 	 36 	 5.607 	 40.7 	 304 	 250 	 230 	 6415 	-7.3 
 21.21 	 2.12 	 165.1 	 26.22 	 40 	 5.743 	 39.3 	 303 	 248 	 228 	 6414 	-7.1 
 21.41 	 2.14 	 165.2 	 27.93 	 43 	 5.876 	 40.5 	 302 	 245 	 226 	 6415 	-7.5 
 21.61 	 2.16 	 165.5 	 30.98 	 45 	 6.09 	 39.2 	 305 	 244 	 224 	 6414 	-7.3 
 21.82 	 2.18 	 165.5 	 31.97 	 46 	 6.19 	 39.9 	 304 	 242 	 223 	 6413 	-7.3 
 22.02 	 2.2 	 165.6 	 32.52 	 47 	 6.286 	 39.1 	 301 	 240 	 221 	 6414 	-7.4 
 22.22 	 2.22 	 165.7 	 34 	 49 	 6.48 	 39.5 	 303 	 238 	 219 	 6414 	-7.5 
 22.42 	 2.24 	 165.9 	 34.68 	 49 	 6.567 	 39.2 	 304 	 238 	 219 	 6415 	-7.4 
 22.62 	 2.26 	 165.9 	 34.91 	 49 	 6.645 	 39 	 302 	 237 	 218 	 6413 	-7.4 
 22.83 	 2.28 	 166 	 34.73 	 50 	 6.719 	 39.3 	 299 	 235 	 216 	 6413 	-7.6 
 23.03 	 2.3 	 166.1 	 35.41 	 50 	 6.873 	 38.6 	 302 	 235 	 215 	 6414 	-7.1 
 23.23 	 2.32 	 166.2 	 35.41 	 50 	 6.916 	 39 	 303 	 235 	 216 	 6413 	-7.4 
 23.43 	 2.34 	 166.2 	 35.13 	 49 	 6.956 	 38.2 	 300 	 234 	 215 	 6415 	-7.1 
 23.63 	 2.36 	 166.3 	 34.38 	 49 	 7.01 	 39.4 	 299 	 232 	 213 	 6414 	-7.1 
 23.84 	 2.38 	 166.2 	 34.28 	 48 	 7.028 	 38.2 	 301 	 233 	 215 	 6414 	-7.1 
 24.04 	 2.4 	 166.3 	 33.88 	 47 	 7.028 	 39.2 	 301 	 234 	 215 	 6412 	-7.1 
 24.24 	 2.42 	 166.3 	 33.26 	 46 	 7.038 	 38.3 	 298 	 233 	 214 	 6413 	-7.1 
 24.44 	 2.44 	 166.3 	 32.36 	 44 	 7.025 	 39.1 	 299 	 233 	 214 	 6412 	-7 
 24.64 	 2.46 	 166.2 	 30.65 	 42 	 7.024 	 38.6 	 300 	 233 	 215 	 6415 	-7 
 24.85 	 2.48 	 166.3 	 29.37 	 39 	 7.007 	 38.7 	 299 	 233 	 215 	 6414 	-7.3 
 25.05 	 2.5 	 166.3 	 26.45 	 36 	 6.957 	 38.8 	 298 	 233 	 214 	 6412 	-7 
 25.25 	 2.52 	 166.3 	 24.98 	 33 	 6.912 	 38.6 	 300 	 234 	 215 	 6416 	-7.4 
 25.45 	 2.54 	 166.1 	 23.55 	 31 	 6.874 	 39 	 299 	 235 	 216 	 6413 	-7 
 25.65 	 2.56 	 166.2 	 21.78 	 28 	 6.825 	 38.1 	 298 	 235 	 215 	 6414 	-7.3 
 25.86 	 2.58 	 166.1 	 19.13 	 26 	 6.732 	 39.2 	 298 	 236 	 216 	 6415 	-7.3 
 26.06 	 2.6 	 166.1 	 17.9 	 23 	 6.661 	 38.2 	 298 	 237 	 218 	 6412 	-7.1 
 26.26 	 2.62 	 166 	 16.57 	 21 	 6.597 	 39.6 	 298 	 238 	 219 	 6414 	-7.5 
 26.46 	 2.64 	 166 	 14.43 	 20 	 6.451 	 38.7 	 296 	 239 	 220 	 6414 	-7.4 
 26.66 	 2.66 	 165.8 	 13.6 	 18 	 6.348 	 39.3 	 297 	 241 	 222 	 6413 	-7.4 
 26.87 	 2.68 	 165.8 	 12.79 	 17 	 6.254 	 38.7 	 298 	 243 	 224 	 6413 	-7.1 
 27.07 	 2.7 	 165.6 	 11.1 	 15 	 6.029 	 39.8 	 296 	 246 	 226 	 6413 	-7 
 27.27 	 2.72 	 165.5 	 10.59 	 15 	 5.919 	 39.5 	 296 	 248 	 228 	 6412 	-7.4 
 27.47 	 2.74 	 165.4 	 10.25 	 14 	 5.803 	 39.7 	 298 	 251 	 230 	 6414 	-7 
 27.67 	 2.76 	 165.4 	 9.82 	 13 	 5.677 	 39.8 	 298 	 252 	 232 	 6414 	-7.3 
 27.88 	 2.78 	 165.2 	 8.86 	 13 	 5.448 	 39.4 	 296 	 252 	 233 	 6415 	-7.4 
 28.08 	 2.8 	 165.1 	 8.89 	 12 	 5.357 	 40.4 	 296 	 254 	 234 	 6414 	-7.3 
 28.28 	 2.82 	 165 	 8.85 	 12 	 5.274 	 39.6 	 300 	 257 	 236 	 6414 	-7.4 
 28.48 	 2.84 	 164.9 	 8.56 	 12 	 5.149 	 40.7 	 298 	 257 	 237 	 6413 	-7.3 
 28.68 	 2.86 	 164.9 	 8.45 	 12 	 5.127 	 39.7 	 296 	 257 	 236 	 6413 	-7.4 
 28.89 	 2.88 	 164.9 	 8.67 	 13 	 5.12 	 40.6 	 298 	 258 	 238 	 6415 	-7.1 
 29.09 	 2.9 	 164.9 	 8.99 	 13 	 5.114 	 39.8 	 301 	 259 	 239 	 6413 	-7.5 
 29.29 	 2.92 	 164.9 	 9.46 	 15 	 5.109 	 41 	 298 	 258 	 238 	 6414 	-7.3 
 29.49 	 2.94 	 164.9 	 10.46 	 16 	 5.14 	 39.9 	 297 	 258 	 238 	 6415 	-7.3 
 29.69 	 2.96 	 165 	 11.19 	 17 	 5.197 	 40.8 	 299 	 259 	 239 	 6413 	-7.1 
 29.9 	 2.98 	 165.1 	 12.74 	 19 	 5.377 	 39.9 	 301 	 261 	 240 	 6413 	-7.3 
 30.1 	 3.01 	 165.1 	 13.6 	 20 	 5.526 	 40.7 	 300 	 259 	 239 	 6414 	-7 
 30.3 	 3.03 	 165.3 	 14.53 	 23 	 5.68 	 40.2 	 300 	 258 	 238 	 6415 	-7.1 
 30.5 	 3.05 	 165.6 	 17.73 	 26 	 6.09 	 40.4 	 303 	 256 	 237 	 6413 	-7.5 
 30.7 	 3.07 	 165.8 	 19.61 	 30 	 6.284 	 40.3 	 303 	 254 	 234 	 6413 	-7.3 
 30.91 	 3.09 	 165.9 	 21.63 	 34 	 6.476 	 40 	 302 	 251 	 231 	 6413 	-7.1 
 31.11 	 3.11 	 166 	 24.1 	 39 	 6.648 	 40.7 	 303 	 249 	 229 	 6414 	-7.1 
 31.31 	 3.13 	 166.3 	 28.01 	 41 	 6.925 	 39.5 	 305 	 247 	 227 	 6414 	-7 
 31.51 	 3.15 	 166.4 	 29.19 	 43 	 7.032 	 40.2 	 303 	 244 	 225 	 6416 	-7.3 
 31.71 	 3.17 	 166.4 	 30.32 	 46 	 7.141 	 39.2 	 301 	 242 	 222 	 6415 	-7 
 31.92 	 3.19 	 166.6 	 32.85 	 47 	 7.354 	 39.9 	 304 	 241 	 222 	 6414 	-7.1 
 32.12 	 3.21 	 166.7 	 33.49 	 48 	 7.44 	 38.8 	 303 	 240 	 221 	 6412 	-7.3 
 32.32 	 3.23 	 166.8 	 33.68 	 48 	 7.539 	 39.7 	 300 	 237 	 219 	 6414 	-7.4 
 32.52 	 3.25 	 166.9 	 34.12 	 50 	 7.643 	 38.8 	 299 	 236 	 217 	 6413 	-7.3 
 32.72 	 3.27 	 167 	 35.34 	 50 	 7.81 	 39.4 	 304 	 236 	 218 	 6414 	-7 
 32.93 	 3.29 	 167 	 35.11 	 49 	 7.874 	 39 	 302 	 235 	 216 	 6414 	-7.3 
 33.13 	 3.31 	 167.2 	 34.87 	 50 	 7.928 	 38.7 	 299 	 233 	 215 	 6413 	-7 
 33.33 	 3.33 	 167.2 	 35.21 	 50 	 8.032 	 39.1 	 301 	 233 	 214 	 6415 	-7.3 
 33.53 	 3.35 	 167.3 	 35.1 	 49 	 8.058 	 38.3 	 302 	 234 	 215 	 6415 	-7.3 
 33.73 	 3.37 	 167.2 	 34.51 	 48 	 8.087 	 39.2 	 299 	 233 	 214 	 6415 	-7.1 
 33.94 	 3.39 	 167.3 	 33.91 	 48 	 8.083 	 38.3 	 297 	 232 	 212 	 6414 	-7 
 34.14 	 3.41 	 167.3 	 33.45 	 47 	 8.104 	 39.2 	 301 	 234 	 215 	 6415 	-7.1 
 34.34 	 3.43 	 167.3 	 33.07 	 45 	 8.107 	 38 	 300 	 233 	 214 	 6414 	-7 
 34.54 	 3.45 	 167.3 	 31.96 	 43 	 8.1 	 39.2 	 298 	 232 	 214 	 6414 	-7.1 
 34.74 	 3.47 	 167.3 	 29.54 	 40 	 8.079 	 38.2 	 299 	 233 	 215 	 6414 	-7.6 
 34.95 	 3.49 	 167.3 	 28.03 	 37 	 8.055 	 39.2 	 301 	 234 	 215 	 6413 	-7.3 
 35.15 	 3.51 	 167.3 	 26.3 	 35 	 8.018 	 38.6 	 298 	 233 	 214 	 6414 	-7.3 
 35.35 	 3.53 	 167.2 	 23.42 	 32 	 7.95 	 38.8 	 298 	 233 	 215 	 6414 	-7.4 
 35.55 	 3.55 	 167.2 	 21.95 	 29 	 7.914 	 38.7 	 299 	 235 	 216 	 6414 	-7 
 35.75 	 3.57 	 167.2 	 20.45 	 27 	 7.852 	 38.9 	 299 	 236 	 216 	 6414 	-7 
 35.96 	 3.59 	 167.2 	 18.88 	 25 	 7.804 	 39.4 	 296 	 236 	 217 	 6414 	-7.3 
 36.16 	 3.61 	 167.1 	 16.63 	 23 	 7.68 	 38.3 	 298 	 238 	 219 	 6413 	-7 
 36.36 	 3.63 	 167 	 15.81 	 20 	 7.593 	 39.4 	 298 	 240 	 220 	 6413 	-7.3 
 36.56 	 3.65 	 166.9 	 14.52 	 19 	 7.514 	 38.5 	 297 	 241 	 221 	 6415 	-7.4 
 36.76 	 3.67 	 166.8 	 12.51 	 17 	 7.324 	 39.8 	 296 	 243 	 223 	 6413 	-7.3 
 36.97 	 3.69 	 166.7 	 12.03 	 16 	 7.215 	 38.8 	 298 	 245 	 226 	 6414 	-6.9 
 37.17 	 3.71 	 166.7 	 11.32 	 15 	 7.087 	 39.9 	 298 	 248 	 228 	 6413 	-7.3 
 37.37 	 3.73 	 166.5 	 10.56 	 14 	 6.978 	 39.1 	 296 	 249 	 229 	 6413 	-7.4 
 37.57 	 3.75 	 166.4 	 9.65 	 14 	 6.745 	 40 	 296 	 251 	 230 	 6414 	-7.1 
 37.77 	 3.77 	 166.3 	 9.66 	 13 	 6.628 	 39.6 	 299 	 254 	 233 	 6414 	-7.3 
 37.98 	 3.79 	 166.2 	 9.24 	 12 	 6.509 	 39.8 	 299 	 256 	 235 	 6414 	-7 
 38.18 	 3.81 	 166.1 	 8.55 	 12 	 6.326 	 40 	 295 	 255 	 234 	 6414 	-7.4 
 38.38 	 3.83 	 166 	 8.67 	 13 	 6.26 	 40.3 	 298 	 257 	 236 	 6414 	-7 
 38.58 	 3.85 	 166 	 8.78 	 12 	 6.209 	 40.4 	 301 	 260 	 240 	 6414 	-7.3 
 38.78 	 3.87 	 166 	 8.68 	 12 	 6.164 	 39.7 	 298 	 258 	 238 	 6414 	-7.3 
 38.99 	 3.89 	 166 	 8.64 	 12 	 6.16 	 41 	 296 	 257 	 237 	 6415 	-7.3 
 39.19 	 3.91 	 165.9 	 8.83 	 14 	 6.165 	 39.7 	 299 	 259 	 239 	 6414 	-7.4 
 39.39 	 3.93 	 165.9 	 9.78 	 15 	 6.163 	 41 	 303 	 261 	 241 	 6415 	-7.1 
 39.59 	 3.95 	 165.9 	 11.01 	 16 	 6.231 	 39.9 	 298 	 259 	 239 	 6413 	-7.3 
 39.79 	 3.97 	 166 	 11.74 	 18 	 6.312 	 40.9 	 297 	 259 	 238 	 6414 	-7.3 
 40 	 4 	 166 	 12.7 	 20 	 6.423 	 39.8 	 301 	 261 	 241 	 6414 	-7.4 
 40.2 	 4.02 	 166.3 	 14.67 	 21 	 6.732 	 40.8 	 302 	 260 	 240 	 6413 	-7 
 40.4 	 4.04 	 166.5 	 15.64 	 24 	 6.925 	 39.9 	 299 	 257 	 237 	 6414 	-7.1 
 40.6 	 4.06 	 166.7 	 17.32 	 28 	 7.137 	 40.9 	 300 	 255 	 235 	 6414 	-7.3 
 40.8 	 4.08 	 166.8 	 19.69 	 32 	 7.347 	 39.8 	 303 	 254 	 235 	 6413 	-7.1 
 41.01 	 4.1 	 167 	 23.8 	 35 	 7.704 	 40 	 302 	 249 	 230 	 6415 	-7.4 
 41.21 	 4.12 	 167.2 	 25.58 	 39 	 7.867 	 40.1 	 300 	 246 	 226 	 6415 	-6.9 
 41.41 	 4.14 	 167.3 	 27.85 	 43 	 8.004 	 39.5 	 302 	 245 	 225 	 6414 	-7.1 
 41.61 	 4.16 	 167.5 	 30.81 	 44 	 8.233 	 39.7 	 305 	 244 	 225 	 6415 	-7.3 
 41.81 	 4.18 	 167.6 	 31.43 	 45 	 8.334 	 39 	 300 	 241 	 222 	 6413 	-7 
 42.02 	 4.2 	 167.7 	 32.11 	 47 	 8.448 	 40 	 299 	 238 	 219 	 6414 	-7.5 
 42.22 	 4.22 	 167.9 	 34.28 	 49 	 8.653 	 38.6 	 305 	 239 	 220 	 6413 	-7.3 
 42.42 	 4.24 	 167.9 	 34.38 	 49 	 8.735 	 39.4 	 303 	 238 	 219 	 6415 	-7.3 
 42.62 	 4.26 	 168.1 	 34.18 	 49 	 8.821 	 38.2 	 298 	 235 	 216 	 6412 	-7.4 
 42.82 	 4.28 	 168.1 	 34.57 	 50 	 8.918 	 39.7 	 298 	 233 	 214 	 6412 	-7.4 
 43.03 	 4.3 	 168.2 	 35.5 	 50 	 9.057 	 38.3 	 303 	 235 	 216 	 6413 	-7.3 
 43.23 	 4.32 	 168.3 	 35.2 	 49 	 9.104 	 39.3 	 300 	 234 	 215 	 6413 	-7.1 
 43.43 	 4.34 	 168.3 	 34.66 	 49 	 9.151 	 38.6 	 297 	 232 	 213 	 6413 	-7.4 
 43.63 	 4.36 	 168.4 	 34.63 	 48 	 9.216 	 38.8 	 302 	 233 	 214 	 6412 	-7.3 
 43.83 	 4.38 	 168.4 	 34.33 	 48 	 9.222 	 39 	 302 	 233 	 215 	 6413 	-7 
 44.04 	 4.4 	 168.3 	 33.53 	 47 	 9.228 	 38.4 	 298 	 232 	 213 	 6415 	-7.4 
 44.24 	 4.42 	 168.4 	 33.07 	 46 	 9.234 	 39.1 	 296 	 232 	 212 	 6412 	-7.4 
 44.44 	 4.44 	 168.4 	 32.24 	 44 	 9.229 	 38.2 	 301 	 233 	 214 	 6414 	-7.1 
 44.64 	 4.46 	 168.3 	 30.49 	 42 	 9.222 	 39.2 	 299 	 233 	 214 	 6415 	-7 
 44.84 	 4.48 	 168.4 	 29.33 	 39 	 9.207 	 38.3 	 297 	 232 	 213 	 6414 	-7.4 
 45.05 	 4.5 	 168.3 	 26.62 	 36 	 9.147 	 39.3 	 300 	 234 	 214 	 6412 	-7 
 45.25 	 4.52 	 168.3 	 24.96 	 33 	 9.109 	 38.2 	 300 	 234 	 215 	 6415 	-7.1 
 45.45 	 4.54 	 168.3 	 23.29 	 30 	 9.065 	 39.1 	 298 	 234 	 215 	 6414 	-7.1 
 45.65 	 4.56 	 168.3 	 20.49 	 28 	 8.985 	 38.5 	 297 	 235 	 216 	 6415 	-7.5 
 45.85 	 4.58 	 168.2 	 19.28 	 26 	 8.923 	 38.9 	 299 	 237 	 217 	 6414 	-7.3 
 46.06 	 4.6 	 168.2 	 17.86 	 23 	 8.852 	 38.7 	 299 	 237 	 218 	 6416 	-7.4 
 46.26 	 4.62 	 168.2 	 16.61 	 21 	 8.793 	 39 	 296 	 237 	 218 	 6413 	-7 
 46.46 	 4.64 	 168 	 14.65 	 20 	 8.645 	 39.3 	 298 	 240 	 221 	 6413 	-7 
 46.66 	 4.66 	 168 	 13.73 	 18 	 8.545 	 38.9 	 298 	 242 	 223 	 6413 	-7.1 
 46.86 	 4.68 	 167.9 	 12.68 	 17 	 8.439 	 39.7 	 296 	 244 	 224 	 6413 	-7.1 
 47.07 	 4.7 	 167.7 	 11.16 	 16 	 8.216 	 38.8 	 296 	 246 	 226 	 6413 	-7.1 
 47.27 	 4.72 	 167.7 	 10.73 	 15 	 8.102 	 40.2 	 298 	 249 	 229 	 6415 	-7.5 
 47.47 	 4.74 	 167.6 	 10.4 	 14 	 7.969 	 38.5 	 299 	 251 	 231 	 6414 	-7 
 47.67 	 4.76 	 167.5 	 9.81 	 13 	 7.853 	 40.4 	 296 	 252 	 232 	 6413 	-7 
 47.87 	 4.78 	 167.3 	 9.18 	 13 	 7.627 	 39.5 	 296 	 254 	 233 	 6413 	-7.4 
 48.08 	 4.8 	 167.2 	 9.2 	 13 	 7.519 	 40.5 	 300 	 257 	 237 	 6415 	-7.1 
 48.28 	 4.82 	 167 	 8.81 	 12 	 7.441 	 39.8 	 300 	 259 	 238 	 6414 	-7.3 
 48.48 	 4.84 	 167 	 8.37 	 12 	 7.308 	 40.5 	 295 	 257 	 237 	 6414 	-7 
 48.68 	 4.86 	 167 	 8.66 	 13 	 7.293 	 40.3 	 298 	 258 	 238 	 6414 	-7 
 48.88 	 4.88 	 167 	 8.96 	 13 	 7.28 	 40.4 	 302 	 261 	 240 	 6414 	-7.3 
 49.09 	 4.9 	 166.9 	 8.96 	 13 	 7.279 	 40.2 	 301 	 261 	 240 	 6413 	-7.1 
 49.29 	 4.92 	 167 	 9.42 	 14 	 7.284 	 40.4 	 297 	 258 	 238 	 6414 	-6.9 
 49.49 	 4.94 	 167 	 10.61 	 16 	 7.302 	 40.8 	 300 	 260 	 240 	 6414 	-7.5 
 49.69 	 4.96 	 167 	 11.27 	 17 	 7.356 	 40 	 303 	 262 	 241 	 6413 	-7.5 
 49.89 	 4.99 	 167.1 	 12.43 	 18 	 7.541 	 41 	 298 	 260 	 239 	 6414 	-7.5 
 50.1 	 5.01 	 167.3 	 13.29 	 21 	 7.691 	 39.9 	 299 	 259 	 239 	 6414 	-7.1 
 50.3 	 5.03 	 167.4 	 14.66 	 23 	 7.864 	 40.8 	 302 	 260 	 239 	 6413 	-7.1 
 50.5 	 5.05 	 167.7 	 17.48 	 26 	 8.239 	 39.8 	 302 	 257 	 237 	 6414 	-7.6 
 50.7 	 5.07 	 167.9 	 19.2 	 30 	 8.445 	 40.8 	 300 	 253 	 233 	 6413 	-7.1 
 50.9 	 5.09 	 168 	 21.59 	 35 	 8.656 	 39.9 	 302 	 251 	 232 	 6414 	-7 
 51.11 	 5.11 	 168.1 	 24.24 	 38 	 8.832 	 40.3 	 305 	 250 	 231 	 6413 	-7 
 51.31 	 5.13 	 168.3 	 27.57 	 40 	 9.12 	 39.4 	 302 	 245 	 226 	 6413 	-7 
 51.51 	 5.15 	 168.5 	 28.83 	 44 	 9.246 	 40.2 	 300 	 242 	 223 	 6412 	-7.3 
 51.71 	 5.17 	 168.5 	 30.59 	 46 	 9.367 	 39.6 	 303 	 242 	 223 	 6412 	-7 
 51.91 	 5.19 	 168.7 	 32.75 	 46 	 9.563 	 39.3 	 304 	 241 	 222 	 6413 	-7.1 
 52.12 	 5.21 	 168.8 	 32.86 	 47 	 9.658 	 39.4 	 300 	 238 	 219 	 6412 	-7.6 
 52.32 	 5.23 	 168.9 	 33.4 	 48 	 9.77 	 38.9 	 299 	 236 	 217 	 6415 	-7.1 
 52.52 	 5.25 	 169 	 34.55 	 50 	 9.874 	 39.7 	 303 	 236 	 218 	 6413 	-7.1 
 52.72 	 5.27 	 169.1 	 34.89 	 50 	 10.03 	 38.2 	 302 	 236 	 217 	 6413 	-7 
 52.92 	 5.29 	 169.2 	 34.59 	 49 	 10.099 	 39.5 	 298 	 233 	 214 	 6412 	-7.1 
 53.13 	 5.31 	 169.3 	 34.91 	 50 	 10.191 	 38.4 	 299 	 232 	 213 	 6414 	-7 
 53.33 	 5.33 	 169.3 	 35.32 	 49 	 10.279 	 39.3 	 303 	 234 	 215 	 6412 	-7 
 53.53 	 5.35 	 169.5 	 34.7 	 49 	 10.302 	 38.1 	 300 	 233 	 213 	 6411 	-7 
 53.73 	 5.37 	 169.4 	 34.2 	 48 	 10.32 	 39.2 	 297 	 231 	 213 	 6415 	-7 
 53.93 	 5.39 	 169.5 	 34.05 	 48 	 10.344 	 38.2 	 298 	 232 	 213 	 6415 	-7.3 
 54.14 	 5.41 	 169.5 	 33.45 	 47 	 10.355 	 38.8 	 301 	 233 	 214 	 6414 	-7.5 
 54.34 	 5.43 	 169.5 	 32.73 	 46 	 10.359 	 38.8 	 297 	 232 	 213 	 6412 	-7 
 54.54 	 5.45 	 169.4 	 32.06 	 43 	 10.365 	 38.6 	 297 	 232 	 213 	 6414 	-7.4 
 54.74 	 5.47 	 169.5 	 29.44 	 40 	 10.325 	 39 	 301 	 234 	 215 	 6414 	-7 
 54.94 	 5.49 	 169.4 	 27.95 	 38 	 10.304 	 38.3 	 298 	 232 	 214 	 6413 	-7.1 
 55.15 	 5.51 	 169.4 	 26.31 	 35 	 10.268 	 39.2 	 297 	 232 	 214 	 6413 	-7.1 
 55.35 	 5.53 	 169.3 	 23.54 	 32 	 10.205 	 38 	 300 	 234 	 215 	 6414 	-7.1 
 55.55 	 5.55 	 169.4 	 21.97 	 29 	 10.144 	 39.1 	 299 	 235 	 216 	 6413 	-7.3 
 55.75 	 5.57 	 169.3 	 20.3 	 27 	 10.101 	 38.1 	 297 	 235 	 216 	 6414 	-7 
 55.95 	 5.59 	 169.3 	 19.09 	 25 	 10.051 	 39.5 	 296 	 235 	 216 	 6412 	-7.3 
 56.16 	 5.61 	 169.1 	 16.83 	 23 	 9.921 	 38.2 	 299 	 238 	 220 	 6414 	-7 
 56.36 	 5.63 	 169.1 	 15.6 	 20 	 9.843 	 39.2 	 298 	 239 	 220 	 6413 	-7.3 
 56.56 	 5.65 	 169.1 	 14.49 	 19 	 9.756 	 38.9 	 295 	 240 	 220 	 6413 	-7.3 
 56.76 	 5.67 	 168.9 	 12.74 	 18 	 9.56 	 39.5 	 298 	 244 	 224 	 6415 	-7.4 
 56.96 	 5.69 	 168.9 	 12.07 	 16 	 9.459 	 39.4 	 299 	 246 	 226 	 6412 	-7 
 57.17 	 5.71 	 168.9 	 11.25 	 14 	 9.335 	 39.4 	 297 	 247 	 227 	 6413 	-7 
 57.37 	 5.73 	 168.7 	 10.4 	 14 	 9.206 	 40 	 294 	 247 	 228 	 6411 	-7.3 
 57.57 	 5.75 	 168.6 	 10.02 	 14 	 8.974 	 39.2 	 298 	 253 	 232 	 6415 	-7.3 
 57.77 	 5.77 	 168.4 	 9.65 	 13 	 8.863 	 40.3 	 299 	 255 	 235 	 6412 	-7.3 
 57.97 	 5.79 	 168.4 	 9.12 	 13 	 8.731 	 39.7 	 297 	 255 	 235 	 6412 	-7.1 
 58.18 	 5.81 	 168.3 	 8.73 	 12 	 8.559 	 40.6 	 296 	 255 	 236 	 6414 	-7.1 
 58.38 	 5.83 	 168.2 	 9.04 	 13 	 8.476 	 39.7 	 301 	 260 	 238 	 6414 	-7.3 
 58.58 	 5.85 	 168.1 	 8.92 	 12 	 8.422 	 40.6 	 301 	 261 	 240 	 6412 	-7.3 
 58.78 	 5.87 	 168 	 8.5 	 12 	 8.381 	 40.1 	 296 	 258 	 237 	 6412 	-7.1 
 58.98 	 5.89 	 168 	 8.73 	 13 	 8.377 	 40.9 	 298 	 259 	 238 	 6414 	-7.3 
 59.19 	 5.91 	 168 	 9.31 	 13 	 8.372 	 39.9 	 302 	 262 	 241 	 6414 	-7.5 
 59.39 	 5.93 	 168 	 9.6 	 15 	 8.38 	 40.6 	 302 	 262 	 241 	 6415 	-7.3 
 59.59 	 5.95 	 168.1 	 10.92 	 16 	 8.45 	 40.4 	 297 	 260 	 239 	 6414 	-7.5 
 59.79 	 5.97 	 168.1 	 11.74 	 18 	 8.54 	 40.7 	 300 	 261 	 241 	 6414 	-7.3 
 59.99 	 6 	 168.2 	 12.73 	 19 	 8.65 	 40.5 	 303 	 263 	 243 	 6412 	-7.5 
 60.2 	 6.02 	 168.5 	 14.41 	 21 	 8.959 	 40 	 299 	 259 	 239 	 6411 	-7.1 
 60.4 	 6.04 	 168.6 	 15.51 	 24 	 9.154 	 40.8 	 299 	 257 	 237 	 6413 	-7.1 
 60.6 	 6.06 	 168.7 	 17.51 	 28 	 9.36 	 40.4 	 303 	 257 	 237 	 6414 	-7.3 
 60.8 	 6.08 	 169 	 19.67 	 31 	 9.563 	 40.5 	 305 	 256 	 237 	 6414 	-7.3 
 61 	 6.1 	 169.3 	 23.41 	 36 	 9.949 	 39.4 	 300 	 249 	 228 	 6415 	-7.3 
 61.21 	 6.12 	 169.3 	 25.78 	 40 	 10.116 	 40.5 	 301 	 247 	 227 	 6412 	-7.4 
 61.41 	 6.14 	 169.4 	 28.02 	 42 	 10.258 	 39.3 	 306 	 246 	 227 	 6413 	-7.4 
 61.61 	 6.16 	 169.6 	 30.28 	 43 	 10.478 	 40 	 302 	 243 	 223 	 6415 	-7 
 61.81 	 6.18 	 169.8 	 30.99 	 46 	 10.599 	 39.1 	 299 	 240 	 221 	 6413 	-7.3 
 62.01 	 6.2 	 169.9 	 32.34 	 48 	 10.708 	 40 	 301 	 239 	 220 	 6412 	-7 
 62.22 	 6.22 	 170.1 	 34.19 	 48 	 10.904 	 38.7 	 304 	 239 	 220 	 6415 	-7.3 
 62.42 	 6.24 	 170.1 	 34.01 	 48 	 10.991 	 39.4 	 299 	 235 	 217 	 6412 	-7.6 
 62.62 	 6.26 	 170.2 	 34.18 	 49 	 11.098 	 39 	 298 	 234 	 215 	 6414 	-7.3 
 62.82 	 6.28 	 170.3 	 34.82 	 50 	 11.202 	 39 	 301 	 234 	 215 	 6413 	-7.3 
 63.02 	 6.3 	 170.4 	 35.21 	 50 	 11.325 	 38.8 	 302 	 235 	 215 	 6414 	-7 
 63.23 	 6.32 	 170.5 	 34.72 	 49 	 11.39 	 38.3 	 298 	 232 	 213 	 6411 	-7.1 
 63.43 	 6.34 	 170.6 	 34.68 	 50 	 11.443 	 39 	 297 	 231 	 213 	 6414 	-7 
 63.63 	 6.36 	 170.6 	 34.7 	 49 	 11.498 	 38.3 	 303 	 233 	 214 	 6411 	-7.3 
 63.83 	 6.38 	 170.6 	 34.02 	 48 	 11.505 	 39.1 	 299 	 232 	 214 	 6412 	-7.3 
 64.03 	 6.4 	 170.6 	 33.32 	 47 	 11.515 	 38 	 296 	 231 	 213 	 6412 	-7.3 
 64.24 	 6.42 	 170.7 	 33.14 	 47 	 11.519 	 39.3 	 298 	 232 	 213 	 6413 	-7.1 
 64.44 	 6.44 	 170.6 	 31.98 	 43 	 11.522 	 38.2 	 300 	 233 	 215 	 6414 	-7 
 64.64 	 6.46 	 170.6 	 30.5 	 42 	 11.512 	 39.2 	 296 	 232 	 213 	 6414 	-7.3 
 64.84 	 6.48 	 170.6 	 29.42 	 39 	 11.501 	 38.5 	 296 	 232 	 213 	 6414 	-7.3 
 65.04 	 6.5 	 170.5 	 26.68 	 36 	 11.431 	 38.9 	 301 	 234 	 215 	 6411 	-7 
 65.25 	 6.52 	 170.6 	 24.93 	 33 	 11.4 	 38.4 	 299 	 233 	 214 	 6414 	-7.5 
 65.45 	 6.54 	 170.6 	 23.21 	 31 	 11.361 	 38.8 	 296 	 233 	 214 	 6414 	-7.1 
 65.65 	 6.56 	 170.5 	 20.73 	 28 	 11.27 	 39.2 	 300 	 236 	 217 	 6416 	-6.9 
 65.85 	 6.58 	 170.5 	 19.22 	 26 	 11.208 	 38.4 	 299 	 237 	 218 	 6415 	-7.4 
 66.05 	 6.6 	 170.3 	 17.7 	 23 	 11.138 	 39.4 	 297 	 236 	 217 	 6412 	-7.3 
 66.26 	 6.62 	 170.4 	 16.65 	 22 	 11.078 	 38.5 	 296 	 237 	 218 	 6414 	-7.4 
 66.46 	 6.64 	 170.3 	 14.78 	 20 	 10.927 	 39.6 	 299 	 241 	 222 	 6414 	-7 
 66.66 	 6.66 	 170.2 	 13.53 	 18 	 10.813 	 38 	 298 	 242 	 223 	 6414 	-7.3 
 66.86 	 6.68 	 170.1 	 12.64 	 16 	 10.714 	 39.8 	 295 	 243 	 223 	 6413 	-7.4 
 67.06 	 6.7 	 169.9 	 11.25 	 16 	 10.508 	 39.2 	 298 	 247 	 227 	 6412 	-7.3 
 67.27 	 6.72 	 169.9 	 11.01 	 14 	 10.364 	 40 	 299 	 250 	 230 	 6414 	-7.3 
 67.47 	 6.74 	 169.7 	 10.25 	 14 	 10.252 	 39.4 	 297 	 251 	 230 	 6413 	-7.1 
 67.67 	 6.76 	 169.6 	 9.59 	 13 	 10.121 	 39.9 	 294 	 251 	 231 	 6413 	-7 
 67.87 	 6.78 	 169.5 	 9.3 	 13 	 9.907 	 39.9 	 299 	 256 	 236 	 6412 	-7.5 
 68.07 	 6.8 	 169.4 	 9.18 	 12 	 9.793 	 39.9 	 300 	 258 	 238 	 6413 	-7.1 
 68.28 	 6.82 	 169.3 	 8.87 	 12 	 9.701 	 40.4 	 298 	 257 	 237 	 6413 	-7.4 
 68.48 	 6.84 	 169.3 	 8.59 	 13 	 9.591 	 40.1 	 297 	 257 	 237 	 6412 	-6.9 
 68.68 	 6.86 	 169.2 	 8.94 	 13 	 9.555 	 41.1 	 301 	 261 	 241 	 6412 	-7.1 
 68.88 	 6.88 	 169.2 	 9.08 	 12 	 9.539 	 39.7 	 302 	 262 	 241 	 6414 	-7.3 
 69.08 	 6.9 	 169.2 	 8.84 	 13 	 9.528 	 41.1 	 299 	 260 	 240 	 6415 	-7.4 
 69.29 	 6.92 	 169.2 	 9.59 	 15 	 9.546 	 40.3 	 299 	 259 	 239 	 6414 	-7.4 
 69.49 	 6.94 	 169.2 	 10.67 	 16 	 9.561 	 40.9 	 303 	 263 	 242 	 6412 	-7.5 
 69.69 	 6.96 	 169.2 	 11.13 	 17 	 9.601 	 39.9 	 303 	 263 	 242 	 6412 	-7.4 
 69.89 	 6.98 	 169.4 	 12.33 	 18 	 9.807 	 40.8 	 297 	 259 	 239 	 6414 	-7.3 
 70.09 	 7.01 	 169.5 	 13.56 	 21 	 9.946 	 40.2 	 300 	 261 	 240 	 6413 	-7.3 
 70.3 	 7.03 	 169.6 	 14.88 	 23 	 10.117 	 40.7 	 305 	 262 	 242 	 6413 	-7 
 70.5 	 7.05 	 169.9 	 17 	 25 	 10.517 	 40.2 	 299 	 255 	 236 	 6414 	-7.1 
 70.7 	 7.07 	 170.2 	 19.09 	 30 	 10.73 	 40.2 	 299 	 253 	 233 	 6412 	-7.4 
 70.9 	 7.09 	 170.3 	 21.75 	 35 	 10.935 	 40.6 	 304 	 252 	 233 	 6414 	-7.1 
 71.1 	 7.11 	 170.3 	 24.14 	 37 	 11.11 	 39.6 	 306 	 252 	 232 	 6414 	-7.1 
 71.31 	 7.13 	 170.5 	 27.12 	 40 	 11.405 	 40.3 	 300 	 244 	 225 	 6413 	-7.5 
 71.51 	 7.15 	 170.6 	 29.06 	 43 	 11.553 	 39.5 	 301 	 243 	 224 	 6412 	-7 
 71.71 	 7.17 	 170.9 	 30.88 	 45 	 11.662 	 39.8 	 305 	 243 	 225 	 6413 	-7.5 
 71.91 	 7.19 	 171 	 32.16 	 46 	 11.863 	 38.8 	 300 	 239 	 221 	 6413 	-7.4 
 72.11 	 7.21 	 171 	 32.61 	 48 	 11.981 	 39.6 	 298 	 236 	 218 	 6413 	-7.1 
 72.32 	 7.23 	 171.2 	 33.76 	 50 	 12.096 	 39 	 301 	 236 	 218 	 6414 	-7 
 72.52 	 7.25 	 171.3 	 34.78 	 49 	 12.179 	 39.2 	 305 	 238 	 219 	 6413 	-7.4 
 72.72 	 7.27 	 171.4 	 34.44 	 49 	 12.348 	 38.8 	 298 	 233 	 215 	 6414 	-7.3 
 72.92 	 7.29 	 171.6 	 34.55 	 50 	 12.434 	 38.9 	 297 	 232 	 214 	 6415 	-7.1 
 73.12 	 7.31 	 171.5 	 35.28 	 50 	 12.512 	 38.9 	 302 	 233 	 214 	 6413 	-7.5 
 73.33 	 7.33 	 171.7 	 35.09 	 49 	 12.596 	 38.2 	 301 	 233 	 215 	 6414 	-7 
 73.53 	 7.35 	 171.7 	 34.38 	 48 	 12.635 	 39.3 	 297 	 231 	 212 	 6413 	-7 
 73.73 	 7.37 	 171.8 	 34.24 	 49 	 12.668 	 38.3 	 298 	 231 	 212 	 6413 	-7.3 
 73.93 	 7.39 	 171.8 	 33.96 	 48 	 12.688 	 39.2 	 302 	 233 	 214 	 6414 	-7.3 
 74.13 	 7.41 	 171.8 	 33.24 	 46 	 12.683 	 38.1 	 298 	 232 	 213 	 6412 	-7.3 
 74.34 	 7.43 	 171.8 	 32.56 	 46 	 12.681 	 39.2 	 296 	 231 	 212 	 6414 	-7.5 
 74.54 	 7.45 	 171.8 	 32.4 	 43 	 12.681 	 38.3 	 298 	 232 	 213 	 6413 	-7.1 
 74.74 	 7.47 	 171.7 	 29.29 	 40 	 12.657 	 39.1 	 300 	 233 	 214 	 6413 	-7 
 74.94 	 7.49 	 171.7 	 27.9 	 38 	 12.633 	 38.7 	 296 	 232 	 212 	 6413 	-7.3 
 75.14 	 7.51 	 171.7 	 26.48 	 35 	 12.615 	 38.6 	 297 	 232 	 213 	 6414 	-7.4 
 75.35 	 7.53 	 171.7 	 23.69 	 32 	 12.528 	 38.8 	 301 	 235 	 216 	 6414 	-7.1 
 75.55 	 7.55 	 171.7 	 21.77 	 30 	 12.481 	 38.5 	 298 	 234 	 215 	 6414 	-7.1 
 75.75 	 7.57 	 171.6 	 20.41 	 26 	 12.433 	 39.4 	 296 	 234 	 215 	 6414 	-7.1 
 75.95 	 7.59 	 171.5 	 19.24 	 25 	 12.376 	 38.1 	 297 	 235 	 216 	 6413 	-7.3 
 76.15 	 7.61 	 171.5 	 16.81 	 23 	 12.243 	 39.6 	 299 	 239 	 220 	 6415 	-7.4 
 76.36 	 7.63 	 171.5 	 15.55 	 20 	 12.167 	 38.5 	 296 	 239 	 219 	 6414 	-7.5 
 76.56 	 7.65 	 171.4 	 14.34 	 19 	 12.091 	 39.8 	 295 	 240 	 220 	 6414 	-7.4 
 76.76 	 7.67 	 171.2 	 12.93 	 18 	 11.888 	 38.8 	 299 	 245 	 225 	 6413 	-7 
 76.96 	 7.69 	 171.2 	 11.97 	 15 	 11.759 	 39.5 	 298 	 246 	 226 	 6413 	-7.1 
 77.16 	 7.71 	 171.1 	 11.04 	 15 	 11.646 	 39.5 	 295 	 247 	 227 	 6414 	-7.1 
 77.37 	 7.73 	 170.8 	 10.29 	 14 	 11.412 	 39.6 	 298 	 251 	 231 	 6413 	-7.3 
 77.57 	 7.75 	 170.9 	 10.06 	 14 	 11.291 	 40 	 300 	 254 	 234 	 6413 	-7 
 77.77 	 7.77 	 170.8 	 9.5 	 13 	 11.161 	 39.1 	 298 	 255 	 235 	 6413 	-7 
 77.97 	 7.79 	 170.7 	 9.03 	 13 	 11.043 	 40.6 	 295 	 254 	 234 	 6414 	-7.3 
 78.17 	 7.81 	 170.5 	 8.96 	 13 	 10.868 	 39.9 	 299 	 258 	 238 	 6413 	-7.8 
 78.38 	 7.83 	 170.4 	 9 	 13 	 10.791 	 40.7 	 302 	 260 	 240 	 6413 	-7.5 
 78.58 	 7.85 	 170.3 	 8.71 	 12 	 10.733 	 39.7 	 299 	 260 	 240 	 6414 	-7.1 
 78.78 	 7.87 	 170.4 	 8.7 	 12 	 10.691 	 41 	 297 	 258 	 238 	 6414 	-7.3 
 78.98 	 7.89 	 170.3 	 9.17 	 14 	 10.694 	 40.2 	 302 	 261 	 241 	 6413 	-7.4 
 79.18 	 7.91 	 170.3 	 9.32 	 13 	 10.693 	 40.8 	 304 	 263 	 242 	 6413 	-7 
 79.39 	 7.93 	 170.3 	 9.38 	 15 	 10.696 	 40.4 	 300 	 261 	 240 	 6413 	-7.4 
 79.59 	 7.95 	 170.5 	 11.1 	 16 	 10.787 	 40.6 	 299 	 260 	 240 	 6413 	-7.4 
 79.79 	 7.97 	 170.4 	 11.9 	 18 	 10.866 	 40.7 	 303 	 263 	 242 	 6414 	-7.4 
 79.99 	 8 	 170.5 	 12.79 	 19 	 10.96 	 40.1 	 303 	 264 	 243 	 6414 	-7.4 
 80.19 	 8.02 	 170.6 	 14.18 	 21 	 11.278 	 40.9 	 298 	 258 	 238 	 6414 	-7.4 
 80.4 	 8.04 	 171 	 15.69 	 25 	 11.479 	 39.9 	 301 	 259 	 238 	 6413 	-7.3 
 80.6 	 8.06 	 171.1 	 17.69 	 28 	 11.678 	 40.9 	 305 	 258 	 238 	 6413 	-7 
 80.8 	 8.08 	 171.3 	 21.17 	 31 	 12.077 	 39.5 	 301 	 252 	 232 	 6414 	-7.3 
 81 	 8.1 	 171.4 	 23.41 	 36 	 12.279 	 40.8 	 301 	 248 	 229 	 6414 	-7.1 
 81.2 	 8.12 	 171.7 	 26 	 40 	 12.436 	 39.7 	 304 	 248 	 229 	 6413 	-7 
 81.41 	 8.14 	 171.8 	 28.15 	 42 	 12.577 	 39.8 	 307 	 248 	 228 	 6414 	-7.1 
 81.61 	 8.16 	 172 	 29.99 	 43 	 12.811 	 39.5 	 299 	 242 	 222 	 6411 	-7.5 
 81.81 	 8.18 	 171.9 	 31.12 	 47 	 12.942 	 39.7 	 300 	 240 	 221 	 6414 	-7 
 82.01 	 8.2 	 172.1 	 32.73 	 48 	 13.058 	 39.4 	 304 	 241 	 221 	 6414 	-7.3 
 82.21 	 8.22 	 172.3 	 33.59 	 47 	 13.246 	 38.9 	 301 	 238 	 219 	 6413 	-7 
 82.42 	 8.24 	 172.4 	 33.72 	 48 	 13.359 	 39.5 	 298 	 235 	 216 	 6413 	-7 
 82.62 	 8.26 	 172.4 	 34.42 	 50 	 13.454 	 38.6 	 300 	 234 	 215 	 6412 	-7.1 
 82.82 	 8.28 	 172.5 	 35.2 	 50 	 13.533 	 39.4 	 304 	 235 	 217 	 6415 	-6.8 
 83.02 	 8.3 	 172.7 	 34.94 	 49 	 13.653 	 38.2 	 298 	 234 	 214 	 6412 	-7.1 
 83.22 	 8.32 	 172.7 	 34.72 	 50 	 13.738 	 39.2 	 296 	 231 	 213 	 6413 	-7.6 
 83.43 	 8.34 	 172.8 	 35.03 	 49 	 13.79 	 38.4 	 300 	 232 	 213 	 6413 	-7.1 
 83.63 	 8.36 	 172.9 	 34.64 	 48 	 13.837 	 38.9 	 301 	 233 	 214 	 6414 	-7.1 
 83.83 	 8.38 	 172.8 	 33.84 	 47 	 13.85 	 38.6 	 296 	 231 	 213 	 6415 	-7.1 
 84.03 	 8.4 	 173 	 33.44 	 47 	 13.853 	 38.6 	 297 	 231 	 212 	 6414 	-7.1 
 84.23 	 8.42 	 172.8 	 33.36 	 46 	 13.858 	 39.1 	 301 	 233 	 214 	 6412 	-7.1 
 84.44 	 8.44 	 172.8 	 31.8 	 43 	 13.864 	 38.5 	 299 	 232 	 214 	 6412 	-7.1 
 84.64 	 8.46 	 172.8 	 30.49 	 42 	 13.857 	 39.1 	 296 	 231 	 213 	 6413 	-7.1 
 84.84 	 8.48 	 172.9 	 29.56 	 39 	 13.828 	 38.3 	 298 	 232 	 214 	 6412 	-7.1 
 85.04 	 8.5 	 172.8 	 26.49 	 36 	 13.773 	 39.2 	 300 	 234 	 215 	 6415 	-7 
 85.24 	 8.52 	 172.8 	 24.71 	 33 	 13.738 	 38.1 	 297 	 233 	 214 	 6414 	-7.1 
 85.45 	 8.54 	 172.7 	 23.44 	 31 	 13.711 	 39.4 	 296 	 233 	 214 	 6412 	-7 
 85.65 	 8.56 	 172.7 	 20.74 	 28 	 13.604 	 38.5 	 300 	 236 	 217 	 6415 	-7.5 
 85.85 	 8.58 	 172.6 	 18.99 	 25 	 13.551 	 39 	 298 	 236 	 217 	 6412 	-7.3 
 86.05 	 8.6 	 172.6 	 17.63 	 24 	 13.491 	 38.9 	 295 	 236 	 217 	 6413 	-7.3 
 86.25 	 8.62 	 172.5 	 16.71 	 22 	 13.425 	 38.9 	 296 	 237 	 218 	 6413 	-7 
 86.46 	 8.64 	 172.5 	 14.63 	 20 	 13.252 	 39.4 	 299 	 242 	 222 	 6413 	-7.1 
 86.66 	 8.66 	 172.4 	 13.28 	 18 	 13.162 	 39 	 297 	 242 	 222 	 6413 	-7.3 
 86.86 	 8.68 	 172.3 	 12.42 	 17 	 13.06 	 39.9 	 294 	 243 	 223 	 6415 	-7.6 
 87.06 	 8.7 	 172.1 	 11.51 	 16 	 12.83 	 38.8 	 299 	 249 	 229 	 6412 	-7.4 
 87.26 	 8.72 	 172.2 	 10.9 	 14 	 12.697 	 39.7 	 298 	 250 	 231 	 6413 	-7.4 
 87.47 	 8.74 	 171.9 	 9.92 	 14 	 12.574 	 39.3 	 294 	 250 	 230 	 6413 	-7 
 87.67 	 8.76 	 171.9 	 9.56 	 13 	 12.46 	 40.6 	 294 	 251 	 231 	 6414 	-7.3 
 87.87 	 8.78 	 171.7 	 9.46 	 13 	 12.228 	 39.6 	 301 	 258 	 237 	 6413 	-7 
 88.07 	 8.8 	 171.7 	 9.06 	 12 	 12.109 	 40.3 	 299 	 258 	 238 	 6413 	-7.1 
 88.27 	 8.82 	 171.6 	 8.67 	 12 	 12.016 	 40 	 295 	 256 	 236 	 6414 	-7.1 
 88.48 	 8.84 	 171.4 	 8.7 	 13 	 11.911 	 40.5 	 299 	 260 	 239 	 6413 	-7.1 
 88.68 	 8.86 	 171.4 	 8.96 	 13 	 11.878 	 40.7 	 302 	 263 	 242 	 6414 	-7.1 
 88.88 	 8.88 	 171.5 	 8.83 	 12 	 11.867 	 40 	 300 	 261 	 241 	 6412 	-7.3 
 89.08 	 8.9 	 171.5 	 8.68 	 13 	 11.855 	 40.8 	 296 	 259 	 239 	 6413 	-7.3 
 89.28 	 8.92 	 171.4 	 9.91 	 15 	 11.856 	 40 	 302 	 262 	 241 	 6413 	-7.1 
 89.49 	 8.94 	 171.3 	 10.67 	 16 	 11.872 	 41 	 304 	 263 	 243 	 6413 	-7.5 
 89.69 	 8.96 	 171.4 	 11.03 	 17 	 11.909 	 40 	 300 	 262 	 241 	 6413 	-7.3 
 89.89 	 8.99 	 171.6 	 12.44 	 19 	 12.122 	 41 	 299 	 261 	 240 	 6412 	-7 
 90.09 	 9.01 	 171.7 	 13.73 	 21 	 12.27 	 40.2 	 304 	 263 	 243 	 6413 	-7 
 90.29 	 9.03 	 171.8 	 14.88 	 22 	 12.432 	 40.8 	 304 	 263 	 242 	 6414 	-7.3 
 90.5 	 9.05 	 172.2 	 16.86 	 25 	 12.846 	 40.4 	 298 	 255 	 235 	 6413 	-7 
 90.7 	 9.07 	 172.3 	 19.33 	 30 	 13.064 	 40.3 	 302 	 254 	 234 	 6413 	-7 
 90.9 	 9.09 	 172.5 	 21.98 	 34 	 13.268 	 40.4 	 306 	 254 	 234 	 6414 	-7.5 
 91.1 	 9.11 	 172.6 	 24.01 	 36 	 13.441 	 39.6 	 305 	 252 	 232 	 6413 	-7.3 
 91.3 	 9.13 	 172.8 	 27.18 	 40 	 13.759 	 40.4 	 299 	 243 	 224 	 6413 	-7 
 91.51 	 9.15 	 172.9 	 29.47 	 44 	 13.893 	 39.4 	 304 	 245 	 225 	 6414 	-7.1 
 91.71 	 9.17 	 173.1 	 31.08 	 45 	 13.995 	 39.9 	 306 	 245 	 226 	 6413 	-7.3 
 91.91 	 9.19 	 173.2 	 31.79 	 46 	 14.215 	 38.5 	 298 	 238 	 220 	 6413 	-7.3 
 92.11 	 9.21 	 173.4 	 32.75 	 48 	 14.34 	 39.9 	 299 	 237 	 218 	 6413 	-7.3 
 92.31 	 9.23 	 173.4 	 34.12 	 49 	 14.447 	 38.8 	 304 	 238 	 219 	 6413 	-7.4 
 92.52 	 9.25 	 173.5 	 34.74 	 49 	 14.525 	 39.1 	 305 	 239 	 220 	 6412 	-7.4 
 92.72 	 9.27 	 173.7 	 34.2 	 49 	 14.707 	 38.7 	 296 	 233 	 214 	 6413 	-7.3 
 92.92 	 9.29 	 173.8 	 34.84 	 51 	 14.797 	 39.4 	 299 	 233 	 214 	 6414 	-7 
 93.12 	 9.31 	 173.7 	 35.49 	 50 	 14.873 	 38.8 	 304 	 234 	 215 	 6414 	-7.1 
 93.32 	 9.33 	 173.9 	 34.77 	 49 	 14.96 	 38.6 	 297 	 232 	 213 	 6415 	-7.5 
 93.53 	 9.35 	 173.9 	 34.31 	 49 	 15.007 	 39.1 	 296 	 231 	 212 	 6414 	-7.4 
 93.73 	 9.37 	 174 	 34.6 	 49 	 15.028 	 38.4 	 299 	 232 	 213 	 6414 	-7.3 
 93.93 	 9.39 	 174 	 33.75 	 47 	 15.053 	 39.1 	 300 	 233 	 214 	 6412 	-7.4 
 94.13 	 9.41 	 174 	 32.95 	 46 	 15.051 	 38.1 	 295 	 231 	 212 	 6413 	-7.3 
 94.33 	 9.43 	 174 	 32.62 	 46 	 15.052 	 39.4 	 296 	 232 	 212 	 6414 	-7.3 
 94.54 	 9.45 	 174 	 32.4 	 42 	 15.052 	 38.2 	 302 	 233 	 214 	 6413 	-7.3 
 94.74 	 9.47 	 174 	 29.17 	 40 	 15.024 	 38.6 	 297 	 232 	 214 	 6413 	-7.1 
 94.94 	 9.49 	 174 	 27.96 	 38 	 14.992 	 38.7 	 295 	 232 	 213 	 6415 	-7 
 95.14 	 9.51 	 173.9 	 26.81 	 35 	 14.968 	 38.9 	 298 	 233 	 214 	 6415 	-7.4 
 95.34 	 9.53 	 173.9 	 23.4 	 32 	 14.885 	 39 	 300 	 235 	 216 	 6414 	-7.3 
 95.55 	 9.55 	 173.9 	 21.71 	 28 	 14.843 	 38.6 	 295 	 234 	 215 	 6414 	-7.1 
 95.75 	 9.57 	 173.8 	 20.39 	 27 	 14.793 	 39.7 	 295 	 234 	 215 	 6416 	-7.3 
 95.95 	 9.59 	 173.8 	 19.51 	 25 	 14.735 	 38.6 	 300 	 236 	 218 	 6413 	-7 
 96.15 	 9.61 	 173.7 	 16.65 	 22 	 14.596 	 39.5 	 297 	 239 	 219 	 6413 	-7.3 
 96.35 	 9.63 	 173.7 	 15.19 	 20 	 14.523 	 38.6 	 294 	 238 	 219 	 6413 	-7.1 
 96.56 	 9.65 	 173.7 	 14.5 	 20 	 14.453 	 40 	 296 	 240 	 221 	 6414 	-7.4 
 96.76 	 9.67 	 173.5 	 12.84 	 17 	 14.232 	 38.7 	 300 	 246 	 226 	 6413 	-7.1 
 96.96 	 9.69 	 173.4 	 11.84 	 15 	 14.118 	 40 	 296 	 246 	 226 	 6413 	-7.4 
 97.16 	 9.71 	 173.3 	 10.93 	 15 	 14.006 	 39.5 	 294 	 246 	 226 	 6412 	-7.5 
 97.36 	 9.73 	 173.1 	 10.51 	 14 	 13.773 	 39.9 	 300 	 253 	 233 	 6413 	-7 
 97.57 	 9.75 	 173.1 	 10.03 	 14 	 13.634 	 39.8 	 300 	 255 	 235 	 6412 	-7 
 97.77 	 9.77 	 173 	 9.34 	 13 	 13.504 	 39.7 	 296 	 254 	 234 	 6414 	-7.5 
 97.97 	 9.79 	 172.9 	 8.97 	 13 	 13.401 	 40.4 	 294 	 254 	 233 	 6414 	-7.1 
 98.17 	 9.81 	 172.7 	 9.12 	 13 	 13.213 	 40 	 301 	 261 	 239 	 6413 	-7.3 
 98.37 	 9.83 	 172.6 	 8.86 	 12 	 13.133 	 40.8 	 301 	 261 	 241 	 6414 	-7 
 98.58 	 9.85 	 172.6 	 8.47 	 12 	 13.077 	 39.8 	 297 	 259 	 238 	 6413 	-7 
 98.78 	 9.87 	 172.6 	 8.8 	 13 	 13.046 	 41.1 	 299 	 260 	 240 	 6413 	-7.4 
 98.98 	 9.89 	 172.5 	 9.29 	 13 	 13.037 	 40 	 303 	 263 	 242 	 6413 	-7.3 
 99.18 	 9.91 	 172.6 	 9.04 	 14 	 13.038 	 40.8 	 301 	 262 	 242 	 6412 	-7.3 
 99.38 	 9.93 	 172.5 	 9.32 	 15 	 13.043 	 40 	 297 	 260 	 238 	 6414 	-7.5 
 99.59 	 9.95 	 172.6 	 11.2 	 17 	 13.135 	 41 	 301 	 262 	 242 	 6414 	-7.1 
 99.79 	 9.98 	 172.6 	 12.09 	 18 	 13.209 	 40 	 304 	 264 	 244 	 6414 	-7 
 99.99 	 10 	 172.7 	 12.53 	 19 	 13.3 	 40.7 	 301 	 263 	 242 	 6413 	-7.5 
 100.19 	 10.02 	 173 	 14.27 	 22 	 13.643 	 40.3 	 299 	 259 	 239 	 6412 	-7.3 
 100.39 	 10.04 	 173.1 	 16.05 	 25 	 13.842 	 40.3 	 304 	 260 	 240 	 6412 	-7.3 
 100.6 	 10.06 	 173.2 	 17.83 	 28 	 14.038 	 40.4 	 306 	 260 	 239 	 6414 	-7.1 
 100.8 	 10.08 	 173.5 	 19.1 	 31 	 14.236 	 39.9 	 302 	 255 	 235 	 6413 	-7.4 
 101 	 10.1 	 173.7 	 23.73 	 36 	 14.658 	 40.8 	 301 	 248 	 230 	 6412 	-7.6 
 101.2 	 10.12 	 173.9 	 26.32 	 40 	 14.802 	 39.2 	 306 	 249 	 230 	 6414 	-7 
 101.4 	 10.14 	 174 	 27.94 	 41 	 14.938 	 40.2 	 306 	 248 	 229 	 6414 	-7.4 
 101.61 	 10.16 	 174.2 	 29.94 	 44 	 15.192 	 39.1 	 298 	 240 	 222 	 6414 	-7 
 101.81 	 10.18 	 174.3 	 31.71 	 47 	 15.311 	 40.1 	 302 	 241 	 222 	 6414 	-7.3 
 102.01 	 10.2 	 174.4 	 33.06 	 47 	 15.41 	 38.7 	 306 	 242 	 223 	 6413 	-7 
 102.21 	 10.22 	 174.6 	 33.28 	 47 	 15.608 	 39.4 	 298 	 236 	 218 	 6414 	-7.6 
 102.41 	 10.24 	 174.7 	 33.72 	 49 	 15.736 	 39.3 	 298 	 234 	 216 	 6415 	-7 
 102.62 	 10.26 	 174.7 	 34.81 	 50 	 15.833 	 39.3 	 303 	 236 	 217 	 6414 	-7.4 
 102.82 	 10.28 	 174.8 	 35.37 	 49 	 15.909 	 39 	 305 	 237 	 218 	 6414 	-7.5 
 103.02 	 10.3 	 175 	 34.52 	 49 	 16.055 	 38.4 	 296 	 232 	 213 	 6413 	-7.1 
 103.22 	 10.32 	 175 	 34.88 	 50 	 16.116 	 39.4 	 298 	 232 	 213 	 6413 	-7.1 
 103.42 	 10.34 	 175 	 35.4 	 49 	 16.172 	 38.1 	 303 	 233 	 214 	 6414 	-7 
 103.63 	 10.36 	 175.1 	 34.32 	 48 	 16.209 	 39.3 	 298 	 232 	 213 	 6413 	-6.9 
 103.83 	 10.38 	 175.1 	 33.71 	 48 	 16.23 	 38.1 	 295 	 231 	 212 	 6413 	-7.4 
 104.03 	 10.4 	 175.1 	 33.57 	 48 	 16.23 	 39.2 	 299 	 232 	 213 	 6413 	-7.1 
 104.23 	 10.42 	 175.1 	 33.57 	 46 	 16.24 	 38.4 	 303 	 233 	 214 	 6414 	-7 
 104.43 	 10.44 	 175.1 	 31.62 	 44 	 16.24 	 39 	 295 	 232 	 213 	 6414 	-7.1 
 104.64 	 10.46 	 175.2 	 30.74 	 42 	 16.228 	 38.5 	 296 	 232 	 213 	 6414 	-7 
 104.84 	 10.48 	 175.2 	 29.58 	 39 	 16.22 	 38.9 	 302 	 233 	 215 	 6412 	-7.3 
 105.04 	 10.5 	 175.1 	 26.18 	 36 	 16.163 	 38.6 	 298 	 233 	 214 	 6413 	-6.9 
 105.24 	 10.52 	 175.1 	 24.62 	 34 	 16.129 	 38.8 	 294 	 231 	 213 	 6413 	-7.4 
 105.44 	 10.54 	 175.1 	 23.59 	 31 	 16.09 	 39.2 	 298 	 233 	 215 	 6414 	-7.1 
 105.65 	 10.56 	 175 	 20.56 	 28 	 15.973 	 38.3 	 301 	 237 	 217 	 6414 	-7 
 105.85 	 10.58 	 175 	 18.87 	 26 	 15.918 	 39.3 	 296 	 235 	 216 	 6414 	-7.1 
 106.05 	 10.6 	 174.9 	 17.57 	 24 	 15.873 	 38.5 	 295 	 236 	 216 	 6414 	-7.1 
 106.25 	 10.62 	 174.8 	 16.78 	 22 	 15.812 	 39.7 	 299 	 238 	 219 	 6412 	-7.3 
 106.45 	 10.64 	 174.8 	 14.61 	 19 	 15.621 	 38.5 	 298 	 242 	 223 	 6413 	-7.1 
 106.66 	 10.66 	 174.7 	 13.19 	 17 	 15.527 	 39.8 	 294 	 241 	 222 	 6412 	-7 
 106.86 	 10.68 	 174.6 	 12.43 	 17 	 15.435 	 39.3 	 295 	 243 	 223 	 6414 	-7.1 
 107.06 	 10.7 	 174.5 	 11.65 	 16 	 15.192 	 39.6 	 301 	 250 	 230 	 6413 	-7 
 107.26 	 10.72 	 174.3 	 10.58 	 14 	 15.068 	 39.5 	 297 	 250 	 230 	 6415 	-7.6 
 107.46 	 10.74 	 174.2 	 9.92 	 13 	 14.948 	 39.9 	 293 	 249 	 229 	 6413 	-7 
 107.67 	 10.76 	 174.2 	 9.64 	 14 	 14.834 	 40.1 	 296 	 251 	 231 	 6413 	-7 
 107.87 	 10.78 	 174 	 9.42 	 13 	 14.6 	 39.3 	 302 	 259 	 238 	 6414 	-7.8 
 108.07 	 10.8 	 173.9 	 8.81 	 11 	 14.478 	 40.5 	 297 	 257 	 237 	 6415 	-7.1 
 108.27 	 10.82 	 173.9 	 8.51 	 13 	 14.391 	 40 	 294 	 255 	 235 	 6413 	-7.5 
 108.47 	 10.84 	 173.7 	 8.8 	 13 	 14.286 	 40.9 	 302 	 262 	 241 	 6415 	-7.1 
 108.68 	 10.86 	 173.7 	 8.88 	 12 	 14.242 	 40 	 302 	 263 	 242 	 6415 	-7.3 
 108.88 	 10.88 	 173.7 	 8.64 	 12 	 14.223 	 41.1 	 298 	 261 	 240 	 6415 	-7.3 
 109.08 	 10.9 	 173.7 	 9.04 	 13 	 14.216 	 40.2 	 299 	 260 	 240 	 6414 	-7.4 
 109.28 	 10.92 	 173.7 	 9.94 	 15 	 14.226 	 40.8 	 305 	 263 	 243 	 6414 	-7 
 109.48 	 10.94 	 173.7 	 10.53 	 15 	 14.238 	 40.4 	 303 	 264 	 243 	 6415 	-7 
 109.69 	 10.97 	 173.7 	 10.85 	 17 	 14.282 	 40.3 	 297 	 261 	 240 	 6413 	-7.3 
 109.89 	 10.99 	 173.9 	 12.56 	 19 	 14.502 	 40.8 	 301 	 262 	 242 	 6413 	-7.1 
 110.09 	 11.01 	 174 	 13.89 	 20 	 14.643 	 40 	 306 	 265 	 244 	 6414 	-7.3 
 110.29 	 11.03 	 174.2 	 14.61 	 22 	 14.79 	 40.5 	 303 	 263 	 242 	 6414 	-7 
 110.49 	 11.05 	 174.4 	 16.87 	 26 	 15.223 	 39.8 	 297 	 254 	 235 	 6414 	-6.9 
 110.7 	 11.07 	 174.6 	 19.64 	 31 	 15.451 	 40.8 	 305 	 256 	 236 	 6415 	-7.4 
 110.9 	 11.09 	 174.7 	 22.16 	 34 	 15.636 	 39.4 	 307 	 256 	 236 	 6413 	-7.3 
 111.1 	 11.11 	 174.9 	 23.58 	 36 	 15.807 	 40 	 302 	 251 	 231 	 6412 	-7 
 111.3 	 11.13 	 175.1 	 27.32 	 41 	 16.159 	 39.7 	 299 	 244 	 224 	 6413 	-7.3 
 111.5 	 11.15 	 175.2 	 29.83 	 43 	 16.288 	 39.6 	 307 	 246 	 226 	 6412 	-7.4 
 111.71 	 11.17 	 175.3 	 31.04 	 44 	 16.384 	 39.3 	 307 	 246 	 226 	 6413 	-7 
 111.91 	 11.19 	 175.5 	 31.4 	 45 	 16.633 	 39.4 	 295 	 237 	 217 	 6414 	-7.1 
 112.11 	 11.21 	 175.6 	 33.1 	 49 	 16.753 	 39.8 	 300 	 237 	 218 	 6414 	-7.4 
 112.31 	 11.23 	 175.8 	 34.43 	 49 	 16.852 	 38.4 	 307 	 240 	 220 	 6414 	-7 
 112.51 	 11.25 	 175.9 	 33.89 	 48 	 17.014 	 39.3 	 296 	 234 	 215 	 6413 	-7 
 112.72 	 11.27 	 176 	 34.09 	 50 	 17.131 	 38.5 	 294 	 232 	 212 	 6413 	-7 
 112.92 	 11.29 	 176.1 	 35.16 	 51 	 17.241 	 39.7 	 301 	 233 	 214 	 6414 	-7 
 113.12 	 11.31 	 176.1 	 35.82 	 49 	 17.279 	 38 	 307 	 236 	 217 	 6414 	-7.1 
 113.32 	 11.33 	 176.2 	 34.17 	 48 	 17.384 	 39 	 293 	 230 	 212 	 6414 	-7.4 
 113.52 	 11.35 	 176.3 	 34.23 	 49 	 17.44 	 38.8 	 295 	 229 	 211 	 6414 	-7.1 
 113.73 	 11.37 	 176.3 	 34.87 	 49 	 17.459 	 38.8 	 304 	 233 	 214 	 6413 	-7.1 
 113.93 	 11.39 	 176.4 	 33.02 	 46 	 17.488 	 38.6 	 296 	 232 	 213 	 6415 	-7.4 
 114.13 	 11.41 	 176.3 	 32.14 	 46 	 17.492 	 38.7 	 290 	 229 	 210 	 6414 	-7.1 
 114.33 	 11.43 	 176.3 	 32.4 	 46 	 17.496 	 39.3 	 298 	 231 	 212 	 6412 	-7 
 114.53 	 11.45 	 176.3 	 32.67 	 42 	 17.484 	 37.8 	 308 	 235 	 216 	 6413 	-7.1 
 114.74 	 11.47 	 176.3 	 28.67 	 39 	 17.473 	 39.1 	 289 	 230 	 211 	 6415 	-7.6 
 114.94 	 11.49 	 176.3 	 27.91 	 39 	 17.466 	 38.6 	 290 	 229 	 211 	 6413 	-7.3 
 115.14 	 11.51 	 176.3 	 27.44 	 35 	 17.427 	 39.1 	 306 	 235 	 216 	 6413 	-7.3 
 115.34 	 11.53 	 176.2 	 22.81 	 31 	 17.329 	 37.9 	 295 	 235 	 216 	 6414 	-7 
 115.54 	 11.55 	 176.3 	 21.02 	 29 	 17.303 	 39.5 	 283 	 229 	 210 	 6414 	-7.4 
 115.75 	 11.57 	 176.2 	 20.9 	 30 	 17.274 	 39.4 	 295 	 233 	 214 	 6411 	-7.3 
 115.95 	 11.59 	 176.1 	 20.77 	 24 	 17.183 	 38.6 	 314 	 243 	 223 	 6412 	-7.4 
 116.15 	 11.61 	 176 	 15.47 	 21 	 17.029 	 38.9 	 286 	 236 	 217 	 6412 	-7.5 
 116.35 	 11.63 	 176.1 	 14.48 	 22 	 16.99 	 39.9 	 281 	 232 	 213 	 6415 	-7.3 
 116.55 	 11.65 	 176 	 15.38 	 21 	 16.93 	 40.1 	 303 	 242 	 223 	 6414 	-7 
 116.76 	 11.67 	 175.8 	 12.87 	 15 	 16.629 	 37.8 	 301 	 251 	 230 	 6412 	-7.3 
 116.96 	 11.69 	 175.8 	 10.26 	 14 	 16.53 	 40.4 	 278 	 238 	 219 	 6415 	-7 
 117.16 	 11.71 	 175.7 	 10.03 	 18 	 16.471 	 40.3 	 283 	 238 	 219 	 6414 	-7.1 
 117.36 	 11.73 	 175.3 	 12.13 	 16 	 16.187 	 39.7 	 321 	 267 	 245 	 6414 	-7.3 
 117.56 	 11.75 	 175.3 	 9.62 	 11 	 16.017 	 38.7 	 294 	 257 	 235 	 6413 	-7.3 
 117.77 	 11.77 	 175.2 	 7.71 	 12 	 15.922 	 41 	 275 	 241 	 222 	 6413 	-7.5 
 117.97 	 11.79 	 175.2 	 8.22 	 16 	 15.87 	 41 	 286 	 246 	 226 	 6413 	-7.5 
 118.17 	 11.81 	 174.9 	 10.54 	 12 	 15.616 	 38.9 	 323 	 275 	 253 	 6412 	-7.1 
 118.37 	 11.83 	 175 	 8.03 	 9 	 15.509 	 39.9 	 287 	 258 	 237 	 6414 	-7.4 
 118.57 	 11.85 	 174.9 	 6.92 	 14 	 15.484 	 41 	 272 	 242 	 222 	 6412 	-7.3 
 118.78 	 11.87 	 174.8 	 11.15 	 16 	 15.436 	 41.1 	 329 	 276 	 255 	 6413 	-7 
 118.98 	 11.89 	 174.8 	 10.35 	 12 	 15.389 	 38.1 	 321 	 278 	 256 	 6413 	-7 
 119.18 	 11.91 	 174.9 	 7.83 	 12 	 15.385 	 40.8 	 278 	 254 	 233 	 6412 	-7.1 
 119.38 	 11.93 	 174.7 	 8.25 	 17 	 15.436 	 41.7 	 269 	 240 	 222 	 6414 	-7.1 
 119.58 	 11.96 	 174.9 	 13.53 	 19 	 15.505 	 40.2 	 338 	 283 	 263 	 6413 	-7 
 119.79 	 11.98 	 174.8 	 12.27 	 14 	 15.523 	 38.3 	 313 	 279 	 256 	 6413 	-7.6 
 119.99 	 12 	 175 	 9.81 	 16 	 15.639 	 40.8 	 271 	 249 	 229 	 6412 	-7.3 
 120.19 	 12.02 	 175.4 	 14.92 	 26 	 16.117 	 42.1 	 306 	 261 	 241 	 6414 	-7.3 
 120.39 	 12.04 	 175.4 	 19.15 	 26 	 16.237 	 38.6 	 342 	 284 	 262 	 6413 	-7.3 
 120.59 	 12.06 	 175.5 	 17.52 	 21 	 16.359 	 39.1 	 307 	 272 	 250 	 6413 	-7.3 
 120.8 	 12.08 	 175.8 	 14.75 	 30 	 16.638 	 40.5 	 268 	 239 	 221 	 6413 	-7.3 
 121 	 12.1 	 176.2 	 25.05 	 41 	 17.228 	 40.7 	 315 	 254 	 233 	 6415 	-7.4 
 121.2 	 12.12 	 176.2 	 28.82 	 36 	 17.316 	 38.2 	 341 	 271 	 249 	 6414 	-7.4 
 121.4 	 12.14 	 176.3 	 25.86 	 34 	 17.411 	 38.4 	 297 	 254 	 234 	 6413 	-7.5 
 121.6 	 12.16 	 176.9 	 26.89 	 44 	 17.963 	 40.5 	 280 	 226 	 208 	 6415 	-7.4 
 121.81 	 12.18 	 177 	 32.56 	 48 	 18.124 	 39.8 	 324 	 247 	 228 	 6414 	-7.3 
 122.01 	 12.2 	 176.9 	 33.99 	 41 	 18.187 	 36.5 	 335 	 258 	 237 	 6413 	-7.3 
 122.21 	 12.22 	 177.4 	 27.39 	 41 	 18.55 	 39.1 	 267 	 219 	 202 	 6413 	-7 
 122.41 	 12.24 	 177.7 	 31.08 	 50 	 18.84 	 41 	 288 	 224 	 206 	 6414 	-7.3 
 122.61 	 12.26 	 177.7 	 35.71 	 50 	 18.957 	 37.4 	 331 	 245 	 225 	 6413 	-7 
 122.82 	 12.28 	 177.7 	 35.46 	 41 	 19.002 	 37.5 	 325 	 249 	 229 	 6413 	-7 
 123.02 	 12.3 	 178.1 	 29.05 	 45 	 19.382 	 40.1 	 268 	 214 	 198 	 6415 	-7 
 123.22 	 12.32 	 178.4 	 33.37 	 51 	 19.582 	 39.7 	 300 	 225 	 206 	 6414 	-7.3 
 123.42 	 12.34 	 178.4 	 36 	 45 	 19.631 	 37.2 	 336 	 244 	 224 	 6414 	-7 
 123.62 	 12.36 	 178.4 	 29.23 	 40 	 19.76 	 38.2 	 269 	 221 	 203 	 6414 	-7.4 
 123.83 	 12.38 	 178.7 	 29.43 	 46 	 19.951 	 39.7 	 271 	 214 	 197 	 6415 	-7.3 
 124.03 	 12.4 	 178.8 	 33.4 	 49 	 20.021 	 38.6 	 313 	 230 	 212 	 6414 	-6.9 
 124.23 	 12.42 	 178.6 	 34.46 	 38 	 20.006 	 37 	 338 	 245 	 225 	 6413 	-7.1 
 124.43 	 12.44 	 178.9 	 26.37 	 38 	 20.096 	 38.6 	 262 	 215 	 198 	 6414 	-7.1 
 124.63 	 12.46 	 178.9 	 28.08 	 45 	 20.149 	 40.5 	 279 	 218 	 201 	 6413 	-7.1 
 124.84 	 12.48 	 178.9 	 31.25 	 38 	 20.131 	 37.9 	 329 	 240 	 221 	 6413 	-7.4 
 125.04 	 12.5 	 178.9 	 23.26 	 30 	 20.083 	 36.6 	 277 	 229 	 210 	 6414 	-7 
 125.24 	 12.52 	 178.8 	 21.35 	 34 	 20.104 	 40.1 	 260 	 216 	 198 	 6412 	-7.1 
 125.44 	 12.54 	 178.8 	 24.74 	 35 	 20.092 	 40.4 	 293 	 228 	 211 	 6413 	-7 
 125.64 	 12.56 	 178.7 	 21.09 	 25 	 19.898 	 36.6 	 316 	 250 	 229 	 6414 	-7.3 
 125.85 	 12.58 	 178.7 	 16.22 	 22 	 19.88 	 38.4 	 266 	 227 	 209 	 6415 	-7.4 
 126.05 	 12.6 	 178.8 	 15.81 	 27 	 19.892 	 41.6 	 264 	 220 	 202 	 6414 	-7.4 
 126.25 	 12.62 	 178.8 	 19.07 	 26 	 19.84 	 38.5 	 308 	 241 	 223 	 6413 	-7.5 
 126.45 	 12.64 	 178.6 	 14.57 	 16 	 19.553 	 37.6 	 300 	 252 	 231 	 6414 	-7.1 
 126.65 	 12.66 	 178.5 	 10.69 	 16 	 19.508 	 40.5 	 262 	 228 	 209 	 6413 	-7.1 
 126.86 	 12.68 	 178.5 	 11.41 	 21 	 19.496 	 41.7 	 272 	 230 	 211 	 6415 	-7 
 127.06 	 12.7 	 178.1 	 14.49 	 18 	 19.201 	 38.3 	 338 	 271 	 249 	 6415 	-7.9 
 127.26 	 12.72 	 178.3 	 9.96 	 11 	 19.034 	 39.1 	 286 	 253 	 233 	 6416 	-7.3 
 127.46 	 12.74 	 178.1 	 7.78 	 13 	 18.984 	 41.1 	 262 	 231 	 213 	 6412 	-7.3 
 127.66 	 12.76 	 178.1 	 8.88 	 18 	 18.948 	 40.8 	 282 	 241 	 221 	 6413 	-7 
 127.87 	 12.78 	 177.8 	 11.61 	 12 	 18.646 	 38.9 	 331 	 278 	 256 	 6414 	-7.5 
 128.07 	 12.8 	 177.8 	 7.89 	 9 	 18.518 	 39.6 	 278 	 254 	 233 	 6414 	-7.3 
 128.27 	 12.82 	 177.8 	 6.7 	 15 	 18.487 	 41.8 	 264 	 235 	 216 	 6414 	-7.3 
 128.47 	 12.84 	 177.6 	 11.58 	 16 	 18.392 	 40.7 	 339 	 281 	 260 	 6412 	-7.4 
 128.67 	 12.86 	 177.5 	 10.64 	 11 	 18.295 	 38.6 	 323 	 281 	 259 	 6414 	-7.1 
 128.88 	 12.88 	 177.6 	 7.26 	 11 	 18.266 	 40.2 	 272 	 251 	 231 	 6415 	-7.3 
 129.08 	 12.9 	 177.6 	 10.33 	 17 	 18.287 	 42.4 	 300 	 260 	 241 	 6413 	-7.3 
 129.28 	 12.92 	 177.4 	 13.45 	 17 	 18.282 	 40.2 	 345 	 288 	 266 	 6414 	-7.1 
 129.48 	 12.95 	 177.5 	 10.91 	 13 	 18.292 	 38.4 	 312 	 280 	 257 	 6415 	-7 
 129.68 	 12.97 	 177.6 	 8.82 	 15 	 18.369 	 41.2 	 267 	 247 	 227 	 6412 	-7.1 
 129.89 	 12.99 	 177.9 	 13.83 	 24 	 18.691 	 42.8 	 309 	 266 	 247 	 6414 	-7.1 
 130.09 	 13.01 	 177.9 	 17.22 	 22 	 18.753 	 38.5 	 346 	 290 	 268 	 6415 	-7.3 
 130.29 	 13.03 	 177.9 	 14.88 	 17 	 18.845 	 38.8 	 305 	 275 	 253 	 6413 	-7 
 130.49 	 13.05 	 178.4 	 14.72 	 26 	 19.412 	 42.1 	 273 	 237 	 218 	 6416 	-7.3 
 130.69 	 13.07 	 178.6 	 21.53 	 36 	 19.639 	 41.5 	 319 	 262 	 242 	 6413 	-7.4 
 130.9 	 13.09 	 178.5 	 25.26 	 31 	 19.744 	 37.9 	 343 	 279 	 257 	 6411 	-7.3 
 131.1 	 13.11 	 178.8 	 22.25 	 30 	 19.856 	 39.8 	 296 	 260 	 239 	 6414 	-7 
 131.3 	 13.13 	 179.3 	 24.29 	 41 	 20.455 	 42.1 	 281 	 231 	 212 	 6416 	-7 
 131.5 	 13.15 	 179.3 	 30.3 	 46 	 20.618 	 39.2 	 327 	 253 	 234 	 6415 	-7.5 
 131.7 	 13.17 	 179.5 	 32.1 	 37 	 20.694 	 38.2 	 337 	 265 	 244 	 6412 	-7.3 
 131.91 	 13.19 	 179.9 	 25.45 	 38 	 21.138 	 40 	 267 	 222 	 205 	 6414 	-7.3 
 132.11 	 13.21 	 180.2 	 29.42 	 48 	 21.433 	 40.7 	 289 	 228 	 209 	 6413 	-7 
 132.31 	 13.23 	 180.2 	 34.42 	 48 	 21.564 	 38.3 	 333 	 250 	 229 	 6413 	-7 
 132.51 	 13.25 	 180.2 	 34.39 	 39 	 21.638 	 38.2 	 326 	 253 	 233 	 6413 	-7.3 
 132.71 	 13.27 	 180.8 	 27.87 	 44 	 22.11 	 39.5 	 269 	 217 	 200 	 6414 	-7 
 132.92 	 13.29 	 180.9 	 32.54 	 51 	 22.346 	 39.9 	 300 	 227 	 210 	 6414 	-7 
 133.12 	 13.31 	 181 	 35.86 	 45 	 22.433 	 37.7 	 337 	 247 	 227 	 6414 	-7.3 
 133.32 	 13.33 	 181.3 	 28.88 	 39 	 22.642 	 37.9 	 271 	 222 	 205 	 6413 	-7.3 
 133.52 	 13.35 	 181.5 	 29.18 	 47 	 22.882 	 39.8 	 273 	 216 	 198 	 6414 	-7.3 
 133.72 	 13.37 	 181.5 	 33.41 	 48 	 23.015 	 39.3 	 312 	 231 	 213 	 6415 	-7.1 
 133.93 	 13.39 	 181.6 	 30.14 	 39 	 23.052 	 36.7 	 297 	 236 	 217 	 6414 	-7 
 134.13 	 13.41 	 181.8 	 27.26 	 40 	 23.161 	 39.1 	 266 	 217 	 200 	 6414 	-7 
 134.33 	 13.43 	 182 	 28.96 	 47 	 23.284 	 41 	 281 	 218 	 201 	 6414 	-7.3 
 134.53 	 13.45 	 181.8 	 32.39 	 41 	 23.288 	 37.3 	 327 	 239 	 220 	 6412 	-7.1 
 134.73 	 13.47 	 181.9 	 25.43 	 33 	 23.286 	 37.3 	 280 	 230 	 211 	 6413 	-7.3 
 134.94 	 13.49 	 182 	 23.86 	 37 	 23.329 	 40.6 	 262 	 216 	 198 	 6414 	-7.3 
 135.14 	 13.51 	 182 	 26.61 	 39 	 23.329 	 40.2 	 294 	 227 	 210 	 6415 	-7 
 135.34 	 13.53 	 181.9 	 23.68 	 29 	 23.184 	 36.8 	 317 	 248 	 228 	 6413 	-7 
 135.54 	 13.55 	 181.9 	 18.72 	 25 	 23.2 	 39.5 	 266 	 225 	 207 	 6415 	-7.5 
 135.74 	 13.57 	 181.9 	 18.2 	 31 	 23.211 	 41.6 	 264 	 219 	 201 	 6414 	-7.1 
 135.95 	 13.59 	 181.8 	 21.87 	 28 	 23.147 	 38.3 	 311 	 240 	 221 	 6413 	-7.1 
 136.15 	 13.61 	 181.6 	 16.43 	 19 	 22.91 	 37.9 	 298 	 248 	 228 	 6415 	-7.5 
 136.35 	 13.63 	 181.7 	 12.7 	 20 	 22.904 	 40.6 	 261 	 226 	 207 	 6413 	-7 
 136.55 	 13.65 	 181.8 	 13.56 	 25 	 22.901 	 41.2 	 273 	 228 	 210 	 6414 	-7.3 
 136.75 	 13.67 	 181.3 	 15.92 	 18 	 22.607 	 38.4 	 337 	 267 	 246 	 6413 	-7.1 
 136.96 	 13.69 	 181.4 	 10.98 	 12 	 22.462 	 39.3 	 283 	 250 	 229 	 6414 	-7.1 
 137.16 	 13.71 	 181.5 	 8.68 	 16 	 22.433 	 41.5 	 261 	 229 	 210 	 6413 	-7.1 
 137.36 	 13.73 	 181.2 	 13.44 	 20 	 22.255 	 40.6 	 335 	 269 	 249 	 6413 	-7.3 
 137.56 	 13.75 	 181.1 	 12.19 	 12 	 22.055 	 38.9 	 328 	 275 	 253 	 6413 	-7 
 137.76 	 13.77 	 181.1 	 7.99 	 10 	 21.925 	 40 	 275 	 250 	 230 	 6413 	-7.5 
 137.97 	 13.79 	 181 	 7.02 	 15 	 21.893 	 42.1 	 264 	 234 	 215 	 6413 	-7.1 
 138.17 	 13.81 	 180.8 	 11.98 	 17 	 21.719 	 40.9 	 341 	 281 	 260 	 6414 	-7 
 138.37 	 13.83 	 180.7 	 10.22 	 10 	 21.595 	 38.5 	 318 	 279 	 256 	 6415 	-7.4 
 138.57 	 13.85 	 180.7 	 7.09 	 10 	 21.542 	 40.6 	 270 	 249 	 229 	 6414 	-7.4 
 138.77 	 13.87 	 180.6 	 10.37 	 18 	 21.525 	 42.5 	 305 	 264 	 244 	 6413 	-7 
 138.98 	 13.89 	 180.6 	 12.33 	 14 	 21.484 	 39.9 	 345 	 289 	 266 	 6413 	-7 
 139.18 	 13.91 	 180.6 	 10.02 	 11 	 21.457 	 38.7 	 307 	 278 	 255 	 6413 	-7.3 
 139.38 	 13.93 	 180.8 	 7.69 	 15 	 21.51 	 41.9 	 266 	 245 	 225 	 6414 	-7.1 
 139.58 	 13.96 	 180.7 	 12.55 	 21 	 21.658 	 42.8 	 314 	 271 	 251 	 6413 	-7.1 
 139.78 	 13.98 	 180.6 	 14.9 	 17 	 21.676 	 38.6 	 347 	 292 	 269 	 6415 	-7.3 
 139.99 	 14 	 180.7 	 12.31 	 14 	 21.734 	 40 	 297 	 273 	 251 	 6412 	-7.1 
 140.19 	 14.02 	 181.2 	 12.34 	 22 	 22.224 	 43.1 	 275 	 241 	 222 	 6414 	-7.1 
 140.39 	 14.04 	 181.3 	 18.42 	 31 	 22.427 	 40.8 	 325 	 272 	 251 	 6414 	-7.1 
 140.59 	 14.06 	 181.3 	 21.36 	 24 	 22.518 	 38.6 	 343 	 286 	 264 	 6414 	-7.3 
 140.79 	 14.08 	 181.9 	 16.59 	 25 	 22.979 	 40.1 	 266 	 233 	 215 	 6415 	-7.1 
 141 	 14.1 	 182 	 21.26 	 38 	 23.31 	 41.8 	 283 	 236 	 218 	 6413 	-7.1 
 141.2 	 14.12 	 182.2 	 27.92 	 42 	 23.476 	 40 	 331 	 261 	 242 	 6415 	-7.1 
 141.4 	 14.14 	 182.1 	 29.56 	 33 	 23.552 	 37.7 	 336 	 270 	 249 	 6414 	-7.3 
 141.6 	 14.16 	 182.8 	 23.52 	 37 	 24.036 	 40.7 	 268 	 224 	 207 	 6413 	-7.1 
 141.8 	 14.18 	 183 	 28.05 	 47 	 24.344 	 41 	 293 	 231 	 213 	 6412 	-7.3 
 142.01 	 14.2 	 183.1 	 33.04 	 45 	 24.477 	 38.8 	 336 	 255 	 234 	 6413 	-7.4 
 142.21 	 14.22 	 183.3 	 27.63 	 37 	 24.751 	 38.4 	 276 	 233 	 215 	 6412 	-7 
 142.41 	 14.24 	 183.6 	 26.77 	 44 	 25.083 	 40 	 270 	 219 	 202 	 6414 	-7 
 142.61 	 14.26 	 183.9 	 31.78 	 50 	 25.345 	 40 	 302 	 231 	 212 	 6413 	-7.4 
 142.81 	 14.28 	 184 	 35.4 	 44 	 25.456 	 37.7 	 337 	 250 	 229 	 6414 	-7.1 
 143.02 	 14.3 	 184.3 	 28.21 	 39 	 25.752 	 38.1 	 272 	 224 	 206 	 6415 	-7.1 
 143.22 	 14.32 	 184.4 	 28.83 	 48 	 26.04 	 40.5 	 274 	 216 	 199 	 6413 	-7.3 
 143.42 	 14.34 	 184.7 	 33.58 	 49 	 26.197 	 39.4 	 314 	 233 	 214 	 6413 	-7.1 
 143.62 	 14.36 	 184.8 	 31.37 	 40 	 26.288 	 36.7 	 297 	 236 	 218 	 6413 	-7 
 143.82 	 14.38 	 184.9 	 27.53 	 41 	 26.466 	 40 	 267 	 217 	 200 	 6414 	-7.3 
 144.03 	 14.4 	 185 	 29.63 	 47 	 26.635 	 40.2 	 282 	 219 	 201 	 6414 	-7.4 
 144.23 	 14.42 	 185.1 	 32.45 	 42 	 26.658 	 37.8 	 330 	 246 	 225 	 6415 	-7.1 
 144.43 	 14.44 	 185.2 	 26.65 	 36 	 26.702 	 38.2 	 279 	 229 	 210 	 6414 	-7.1 
 144.63 	 14.46 	 185.3 	 25.45 	 40 	 26.785 	 40.2 	 264 	 215 	 199 	 6411 	-7.4 
 144.83 	 14.48 	 185.3 	 28.26 	 41 	 26.82 	 39.5 	 295 	 227 	 209 	 6415 	-7.3 
 145.04 	 14.5 	 185.2 	 26.01 	 32 	 26.729 	 37.2 	 315 	 245 	 225 	 6414 	-7.1 
 145.24 	 14.52 	 185.2 	 21.01 	 30 	 26.762 	 38.5 	 265 	 224 	 205 	 6414 	-7.3 
 145.44 	 14.54 	 185.3 	 21.12 	 35 	 26.777 	 40.8 	 266 	 218 	 201 	 6414 	-7 
 145.64 	 14.56 	 185.1 	 23.78 	 30 	 26.587 	 39 	 342 	 256 	 235 	 6413 	-7.3 
 145.84 	 14.58 	 185.1 	 18.42 	 21 	 26.538 	 37.5 	 295 	 244 	 224 	 6415 	-7.1 
 146.05 	 14.6 	 185.2 	 14.83 	 23 	 26.555 	 40 	 260 	 223 	 204 	 6413 	-7.4 
 146.25 	 14.62 	 185.2 	 16.22 	 28 	 26.551 	 41.6 	 276 	 227 	 209 	 6413 	-7.4 
 146.45 	 14.64 	 184.9 	 17.62 	 20 	 26.237 	 37.6 	 335 	 263 	 243 	 6413 	-7.3 
 146.65 	 14.66 	 184.9 	 12.05 	 14 	 26.169 	 39.1 	 280 	 244 	 224 	 6414 	-7 
 146.85 	 14.68 	 185 	 10.17 	 19 	 26.157 	 41.9 	 260 	 226 	 208 	 6413 	-7.1 
 147.06 	 14.7 	 184.8 	 15.1 	 21 	 25.954 	 40.1 	 339 	 268 	 247 	 6413 	-7.3 
 147.26 	 14.72 	 184.6 	 12.73 	 12 	 25.763 	 38.7 	 323 	 270 	 249 	 6414 	-7.1 
 147.46 	 14.74 	 184.5 	 8.54 	 11 	 25.645 	 39.8 	 270 	 245 	 224 	 6414 	-7 
 147.66 	 14.76 	 184.6 	 7.63 	 16 	 25.618 	 42.8 	 264 	 232 	 214 	 6414 	-7.1 
 147.86 	 14.78 	 184.3 	 12.57 	 16 	 25.398 	 39.1 	 342 	 281 	 258 	 6413 	-7.1 
 148.07 	 14.8 	 184.2 	 10.14 	 10 	 25.229 	 39.4 	 311 	 274 	 252 	 6412 	-7.1 
 148.27 	 14.82 	 184.2 	 6.98 	 11 	 25.174 	 41.7 	 267 	 244 	 225 	 6413 	-7.1 
 148.47 	 14.84 	 184.1 	 10.57 	 17 	 25.119 	 41.8 	 312 	 266 	 247 	 6414 	-7 
 148.67 	 14.86 	 184 	 11.8 	 14 	 25.017 	 39.7 	 344 	 288 	 266 	 6416 	-7 
 148.87 	 14.88 	 184 	 9.18 	 9 	 24.967 	 39.2 	 300 	 273 	 251 	 6411 	-7.1 
 149.08 	 14.9 	 184 	 8.69 	 14 	 25.026 	 42.9 	 273 	 243 	 223 	 6414 	-7.1 
 149.28 	 14.92 	 184 	 12.09 	 20 	 25.016 	 41.6 	 323 	 275 	 256 	 6414 	-7.1 
 149.48 	 14.95 	 183.9 	 13.59 	 13 	 25.002 	 38.7 	 346 	 291 	 270 	 6415 	-7.3 
 149.68 	 14.97 	 184.1 	 9.82 	 13 	 25.041 	 40.7 	 290 	 269 	 247 	 6414 	-7.1 
 149.88 	 14.99 	 184.3 	 11.13 	 21 	 25.402 	 43.1 	 279 	 247 	 227 	 6413 	-7.1 
 150.09 	 15.01 	 184.3 	 16.24 	 25 	 25.51 	 40.1 	 330 	 279 	 259 	 6412 	-7.4 
 150.29 	 15.03 	 184.3 	 17.8 	 19 	 25.579 	 39.2 	 340 	 290 	 268 	 6411 	-7.4 
 150.49 	 15.05 	 184.8 	 13.39 	 21 	 26.071 	 40.2 	 264 	 235 	 216 	 6414 	-6.8 
 150.69 	 15.07 	 185.1 	 18.34 	 34 	 26.403 	 43 	 288 	 244 	 225 	 6414 	-7 
 150.89 	 15.09 	 185.1 	 24.84 	 36 	 26.539 	 39.1 	 337 	 272 	 251 	 6414 	-7 
 151.1 	 15.11 	 185.2 	 25.83 	 28 	 26.627 	 38.7 	 331 	 276 	 253 	 6414 	-7 
 151.3 	 15.13 	 185.7 	 21.44 	 35 	 27.174 	 41.2 	 267 	 226 	 209 	 6414 	-7 
 151.5 	 15.15 	 186 	 26.58 	 45 	 27.464 	 41.4 	 298 	 238 	 219 	 6415 	-7 
 151.7 	 15.17 	 186.1 	 31.69 	 41 	 27.581 	 38.8 	 339 	 262 	 241 	 6415 	-7 
 151.9 	 15.19 	 186.3 	 25.59 	 35 	 27.919 	 38.1 	 274 	 233 	 215 	 6413 	-7.4 
 152.11 	 15.21 	 186.7 	 25.9 	 43 	 28.27 	 41.4 	 272 	 222 	 204 	 6413 	-7.1 
 152.31 	 15.23 	 186.9 	 31.13 	 49 	 28.538 	 39.3 	 308 	 236 	 217 	 6413 	-7.1 
 152.51 	 15.25 	 187.2 	 32.15 	 41 	 28.761 	 37.7 	 306 	 247 	 227 	 6414 	-7.5 
 152.71 	 15.27 	 187.4 	 27.19 	 39 	 29.022 	 39.7 	 270 	 224 	 206 	 6414 	-7.3 
 152.91 	 15.29 	 187.7 	 28.61 	 48 	 29.361 	 40.8 	 278 	 219 	 201 	 6414 	-7.4 
 153.12 	 15.31 	 187.8 	 33.67 	 49 	 29.531 	 38.4 	 319 	 236 	 217 	 6414 	-7.4 
 153.32 	 15.33 	 188.1 	 31.3 	 39 	 29.684 	 38.4 	 293 	 236 	 217 	 6413 	-7.3 
 153.52 	 15.35 	 188.3 	 27.43 	 42 	 29.927 	 39.6 	 268 	 217 	 199 	 6413 	-7.3 
 153.72 	 15.37 	 188.4 	 30.23 	 48 	 30.138 	 39.5 	 287 	 220 	 202 	 6414 	-6.9 
 153.92 	 15.39 	 188.5 	 32.56 	 42 	 30.203 	 37.9 	 326 	 245 	 225 	 6414 	-7.1 
 154.13 	 15.41 	 188.6 	 27.97 	 37 	 30.297 	 37.9 	 278 	 228 	 209 	 6414 	-7 
 154.33 	 15.43 	 188.9 	 26.55 	 43 	 30.437 	 40.9 	 267 	 215 	 198 	 6414 	-7.1 
 154.53 	 15.45 	 188.7 	 29.89 	 44 	 30.486 	 38.5 	 300 	 227 	 209 	 6414 	-7.5 
 154.73 	 15.47 	 188.8 	 27.96 	 34 	 30.454 	 37 	 309 	 241 	 221 	 6414 	-7.4 
 154.93 	 15.49 	 188.8 	 23.11 	 34 	 30.515 	 40.1 	 266 	 222 	 203 	 6414 	-7.3 
 155.14 	 15.51 	 188.9 	 23.98 	 39 	 30.536 	 41.2 	 271 	 218 	 201 	 6415 	-7.3 
 155.34 	 15.53 	 188.7 	 25.66 	 32 	 30.388 	 37.3 	 340 	 252 	 232 	 6414 	-7.3 
 155.54 	 15.55 	 188.7 	 20.38 	 24 	 30.363 	 38.7 	 289 	 239 	 219 	 6414 	-7 
 155.74 	 15.57 	 188.8 	 17.06 	 29 	 30.407 	 40.8 	 260 	 220 	 201 	 6412 	-7.1 
 155.94 	 15.59 	 188.8 	 19.47 	 30 	 30.377 	 39.8 	 282 	 228 	 209 	 6414 	-7.3 
 156.15 	 15.61 	 188.4 	 18.87 	 21 	 30.096 	 38.2 	 329 	 259 	 238 	 6413 	-7.3 
 156.35 	 15.63 	 188.6 	 13.46 	 17 	 30.078 	 39.5 	 273 	 237 	 218 	 6414 	-7.1 
 156.55 	 15.65 	 188.7 	 12 	 22 	 30.092 	 41.3 	 261 	 224 	 205 	 6414 	-7.3 
 156.75 	 15.67 	 188.2 	 16.74 	 21 	 29.856 	 39.9 	 342 	 266 	 245 	 6414 	-7.5 
 156.95 	 15.69 	 188.3 	 13.32 	 13 	 29.672 	 38.2 	 313 	 263 	 242 	 6413 	-7.4 
 157.16 	 15.71 	 188.3 	 9.09 	 13 	 29.606 	 40.1 	 266 	 238 	 218 	 6414 	-7.4 
 157.36 	 15.73 	 188.2 	 11.57 	 19 	 29.499 	 42.7 	 310 	 256 	 237 	 6414 	-7.3 
 157.56 	 15.75 	 187.9 	 13.46 	 15 	 29.298 	 38.7 	 342 	 279 	 257 	 6416 	-7.1 
 157.76 	 15.77 	 187.9 	 9.98 	 9 	 29.14 	 38.9 	 300 	 267 	 245 	 6413 	-7.6 
 157.96 	 15.79 	 188 	 7.09 	 12 	 29.076 	 42.4 	 264 	 239 	 220 	 6416 	-7.3 
 158.17 	 15.81 	 187.8 	 10.78 	 18 	 28.971 	 41.9 	 322 	 270 	 250 	 6413 	-7.1 
 158.37 	 15.83 	 187.6 	 11.77 	 12 	 28.815 	 38.6 	 341 	 286 	 264 	 6415 	-7.1 
 158.57 	 15.85 	 187.6 	 8.35 	 9 	 28.76 	 40.8 	 288 	 266 	 244 	 6412 	-7 
 158.77 	 15.87 	 187.7 	 8.33 	 15 	 28.742 	 42.4 	 280 	 247 	 228 	 6414 	-7.3 
 158.97 	 15.89 	 187.5 	 12.29 	 17 	 28.699 	 41.2 	 333 	 280 	 259 	 6413 	-7.3 
 159.18 	 15.91 	 187.4 	 11.88 	 11 	 28.664 	 39.1 	 337 	 289 	 267 	 6412 	-7.1 
 159.38 	 15.94 	 187.7 	 8.51 	 13 	 28.791 	 40.7 	 263 	 237 	 218 	 6414 	-7.1 
 159.58 	 15.96 	 187.7 	 10.94 	 20 	 28.904 	 42.7 	 288 	 254 	 234 	 6414 	-7.3 
 159.78 	 15.98 	 187.6 	 14.99 	 21 	 28.924 	 40.6 	 341 	 287 	 266 	 6414 	-7.1 
 159.98 	 16 	 187.7 	 14.68 	 15 	 28.952 	 38.7 	 331 	 289 	 266 	 6415 	-7.1 
 160.19 	 16.02 	 188.1 	 11.05 	 19 	 29.397 	 41.2 	 264 	 237 	 218 	 6414 	-6.9 
 160.39 	 16.04 	 188.3 	 15.72 	 30 	 29.66 	 43 	 297 	 254 	 235 	 6414 	-7.1 
 160.59 	 16.06 	 188.4 	 21.62 	 28 	 29.778 	 38.8 	 345 	 283 	 261 	 6414 	-7.3 
 160.79 	 16.08 	 188.6 	 16.92 	 24 	 30.164 	 39.5 	 271 	 243 	 225 	 6413 	-7.3 
 160.99 	 16.1 	 189.1 	 18.86 	 34 	 30.526 	 42 	 269 	 230 	 212 	 6414 	-7.1 
 161.2 	 16.12 	 189.2 	 25.23 	 43 	 30.777 	 40.8 	 307 	 248 	 228 	 6414 	-7.3 
 161.4 	 16.14 	 189.3 	 29.84 	 36 	 30.88 	 38.4 	 343 	 270 	 248 	 6413 	-7.5 
 161.6 	 16.16 	 189.7 	 23.12 	 33 	 31.299 	 39.1 	 269 	 231 	 213 	 6413 	-7 
 161.8 	 16.18 	 190 	 24.87 	 44 	 31.657 	 40.9 	 276 	 224 	 207 	 6413 	-7.1 
 162 	 16.2 	 190.1 	 30.72 	 47 	 31.881 	 40.1 	 318 	 244 	 224 	 6413 	-7 
 162.21 	 16.22 	 190.4 	 29.82 	 38 	 32.123 	 37.2 	 296 	 245 	 226 	 6414 	-7 
 162.41 	 16.24 	 190.8 	 25.77 	 39 	 32.45 	 39.4 	 269 	 222 	 205 	 6413 	-7.1 
 162.61 	 16.26 	 191 	 28.42 	 48 	 32.806 	 41.4 	 283 	 222 	 204 	 6414 	-7 
 162.81 	 16.28 	 191.1 	 33.77 	 47 	 32.968 	 37.9 	 326 	 243 	 223 	 6413 	-7 
 163.01 	 16.3 	 191.5 	 29.7 	 38 	 33.212 	 37.5 	 285 	 234 	 215 	 6414 	-7.3 
 163.22 	 16.32 	 191.8 	 27.17 	 43 	 33.512 	 40.5 	 268 	 217 	 200 	 6414 	-7.3 
 163.42 	 16.34 	 191.9 	 30.71 	 50 	 33.752 	 40.2 	 293 	 223 	 205 	 6413 	-7 
 163.62 	 16.36 	 192.1 	 33.1 	 43 	 33.867 	 36.8 	 320 	 244 	 224 	 6412 	-7 
 163.82 	 16.38 	 192.2 	 27.9 	 38 	 33.994 	 39.5 	 274 	 225 	 207 	 6413 	-7 
 164.02 	 16.4 	 192.4 	 27.14 	 45 	 34.209 	 40.3 	 269 	 215 	 198 	 6414 	-7 
 164.23 	 16.42 	 192.5 	 31.22 	 45 	 34.296 	 39 	 308 	 228 	 210 	 6413 	-7.4 
 164.43 	 16.44 	 192.5 	 28.55 	 36 	 34.313 	 36.8 	 302 	 239 	 219 	 6414 	-7.4 
 164.63 	 16.46 	 192.6 	 24.84 	 37 	 34.407 	 40 	 265 	 219 	 202 	 6414 	-7 
 164.83 	 16.48 	 192.6 	 25.96 	 42 	 34.472 	 40.5 	 276 	 219 	 201 	 6413 	-6.9 
 165.03 	 16.5 	 192.6 	 27.79 	 35 	 34.351 	 37.6 	 337 	 249 	 230 	 6413 	-7.3 
 165.24 	 16.52 	 192.8 	 22.35 	 27 	 34.392 	 38.8 	 282 	 233 	 214 	 6414 	-7.3 
 165.44 	 16.54 	 192.7 	 19.74 	 34 	 34.426 	 41.1 	 260 	 218 	 199 	 6413 	-7.4 
 165.64 	 16.56 	 192.5 	 24.09 	 32 	 34.266 	 39.4 	 340 	 252 	 232 	 6412 	-7 
 165.84 	 16.58 	 192.6 	 20.4 	 22 	 34.166 	 37.8 	 322 	 253 	 232 	 6413 	-7.1 
 166.04 	 16.6 	 192.5 	 15.09 	 21 	 34.184 	 39 	 267 	 230 	 212 	 6415 	-7.1 
 166.25 	 16.62 	 192.6 	 14.5 	 27 	 34.205 	 42.4 	 263 	 221 	 204 	 6414 	-7.1 
 166.45 	 16.64 	 192.3 	 18.62 	 22 	 33.931 	 38.4 	 343 	 264 	 243 	 6414 	-7.3 
 166.65 	 16.66 	 192.3 	 13.94 	 14 	 33.807 	 38.6 	 302 	 255 	 234 	 6414 	-7.3 
 166.85 	 16.68 	 192.3 	 10 	 16 	 33.787 	 41.2 	 261 	 231 	 211 	 6413 	-7.1 
 167.05 	 16.7 	 192.2 	 13.94 	 21 	 33.645 	 41.2 	 322 	 258 	 239 	 6414 	-7 
 167.26 	 16.72 	 191.9 	 14.4 	 14 	 33.421 	 39 	 340 	 275 	 253 	 6413 	-7.5 
 167.46 	 16.74 	 192 	 9.74 	 10 	 33.306 	 39.3 	 287 	 257 	 236 	 6414 	-7.3 
 167.66 	 16.76 	 191.9 	 7.39 	 15 	 33.263 	 41.9 	 262 	 233 	 215 	 6413 	-7 
 167.86 	 16.78 	 191.6 	 11.95 	 18 	 33.09 	 41.4 	 332 	 274 	 253 	 6413 	-7 
 168.06 	 16.8 	 191.6 	 11.67 	 11 	 32.905 	 38 	 333 	 282 	 260 	 6413 	-7.3 
 168.27 	 16.82 	 191.6 	 7.88 	 9 	 32.83 	 40.9 	 278 	 257 	 236 	 6413 	-7.1 
 168.47 	 16.84 	 191.6 	 9.14 	 17 	 32.79 	 42.8 	 290 	 253 	 233 	 6413 	-7.3 
 168.67 	 16.86 	 191.3 	 12.03 	 15 	 32.692 	 40.2 	 340 	 284 	 262 	 6414 	-7.1 
 168.87 	 16.88 	 191.3 	 10.87 	 9 	 32.626 	 39.3 	 324 	 285 	 262 	 6413 	-7.3 
 169.07 	 16.9 	 191.4 	 7.9 	 13 	 32.704 	 41.4 	 264 	 238 	 218 	 6415 	-7.4 
 169.28 	 16.93 	 191.5 	 10.79 	 20 	 32.714 	 43.3 	 299 	 262 	 242 	 6415 	-7 
 169.48 	 16.95 	 191.3 	 13.92 	 16 	 32.673 	 38.6 	 348 	 290 	 269 	 6414 	-7.3 
 169.68 	 16.97 	 191.3 	 11.55 	 13 	 32.69 	 39.6 	 316 	 283 	 260 	 6412 	-7.3 
 169.88 	 16.99 	 191.8 	 10.03 	 18 	 33.049 	 42.6 	 267 	 238 	 219 	 6414 	-7.3 
 170.08 	 17.01 	 191.8 	 14.48 	 27 	 33.222 	 41.7 	 308 	 266 	 246 	 6412 	-7.1 
 170.29 	 17.03 	 191.8 	 18.63 	 21 	 33.279 	 38.6 	 346 	 291 	 269 	 6413 	-7.5 
 170.49 	 17.05 	 192.3 	 13.48 	 20 	 33.709 	 40.7 	 266 	 241 	 223 	 6412 	-7.3 
 170.69 	 17.07 	 192.5 	 16.1 	 31 	 34.075 	 42.7 	 273 	 235 	 217 	 6414 	-7 
 170.89 	 17.09 	 192.6 	 23.04 	 38 	 34.274 	 39.9 	 318 	 260 	 240 	 6414 	-7 
 171.09 	 17.11 	 192.7 	 26.76 	 30 	 34.361 	 38.7 	 344 	 278 	 256 	 6414 	-7.4 
 171.3 	 17.13 	 193.2 	 20.71 	 32 	 34.848 	 40.4 	 267 	 231 	 213 	 6413 	-7 
 171.5 	 17.15 	 193.7 	 24.01 	 43 	 35.195 	 41.3 	 281 	 230 	 211 	 6415 	-7.1 
 171.7 	 17.17 	 193.6 	 30.05 	 44 	 35.39 	 39.5 	 326 	 252 	 233 	 6414 	-7.1 
 171.9 	 17.19 	 194 	 27.28 	 35 	 35.674 	 38 	 289 	 244 	 225 	 6412 	-7.1 
 172.1 	 17.21 	 194.3 	 24.53 	 39 	 36.037 	 40 	 268 	 222 	 205 	 6415 	-7.1 
 172.31 	 17.23 	 194.5 	 28.37 	 49 	 36.372 	 41 	 290 	 227 	 209 	 6413 	-7.3 
 172.51 	 17.25 	 194.7 	 33.85 	 44 	 36.614 	 37.6 	 327 	 253 	 233 	 6412 	-7.4 
 172.71 	 17.27 	 195 	 28.18 	 37 	 36.84 	 38.3 	 279 	 232 	 213 	 6413 	-7.1 
 172.91 	 17.29 	 195.5 	 26.69 	 45 	 37.191 	 40.9 	 270 	 218 	 200 	 6413 	-7.3 
 173.11 	 17.31 	 195.6 	 31.35 	 50 	 37.438 	 39.2 	 301 	 227 	 209 	 6414 	-7.1 
 173.32 	 17.33 	 195.8 	 33.08 	 41 	 37.601 	 38.2 	 313 	 244 	 224 	 6413 	-7.1 
 173.52 	 17.35 	 196.1 	 27.79 	 39 	 37.795 	 39.1 	 271 	 223 	 206 	 6414 	-7.5 
 173.72 	 17.37 	 196.1 	 28.06 	 47 	 38.052 	 40.3 	 274 	 216 	 199 	 6413 	-7.4 
 173.92 	 17.39 	 196.3 	 33.53 	 44 	 38.152 	 38.5 	 337 	 246 	 226 	 6413 	-7 
 174.12 	 17.41 	 196.3 	 28.95 	 37 	 38.208 	 37.2 	 295 	 237 	 217 	 6413 	-7 
 174.33 	 17.43 	 196.4 	 26.07 	 40 	 38.355 	 39.7 	 266 	 218 	 200 	 6414 	-7 
 174.53 	 17.45 	 196.6 	 27.82 	 45 	 38.457 	 40.5 	 282 	 220 	 202 	 6413 	-7.1 
 174.73 	 17.47 	 196.4 	 29.58 	 37 	 38.395 	 37.1 	 331 	 248 	 227 	 6413 	-7.3 
 174.93 	 17.49 	 196.7 	 23.94 	 32 	 38.459 	 38.3 	 277 	 230 	 211 	 6415 	-7.1 
 175.13 	 17.51 	 196.7 	 22.73 	 38 	 38.512 	 41.3 	 262 	 217 	 199 	 6414 	-7 
 175.34 	 17.53 	 196.4 	 26.42 	 34 	 38.349 	 38.8 	 342 	 252 	 231 	 6412 	-7.3 
 175.54 	 17.55 	 196.5 	 22.05 	 25 	 38.313 	 37.1 	 312 	 248 	 228 	 6413 	-7.5 
 175.74 	 17.57 	 196.6 	 17.29 	 25 	 38.367 	 40.3 	 264 	 226 	 207 	 6414 	-7.3 
 175.94 	 17.59 	 196.4 	 20.81 	 30 	 38.274 	 41 	 316 	 244 	 225 	 6414 	-7.4 
 176.14 	 17.61 	 196.2 	 20.28 	 23 	 38.082 	 38.5 	 343 	 261 	 240 	 6414 	-7.3 
 176.35 	 17.63 	 196.4 	 14.96 	 16 	 38.027 	 38.5 	 292 	 248 	 228 	 6413 	-7 
 176.55 	 17.65 	 196.5 	 11.65 	 20 	 38.051 	 40.9 	 260 	 226 	 208 	 6414 	-7.3 
 176.75 	 17.67 	 196.1 	 16.16 	 23 	 37.863 	 41.1 	 331 	 260 	 240 	 6412 	-7.1 
 176.95 	 17.69 	 196 	 14.92 	 15 	 37.647 	 37.9 	 333 	 270 	 249 	 6413 	-7.3 
 177.15 	 17.71 	 196.1 	 9.88 	 11 	 37.575 	 39.6 	 278 	 248 	 228 	 6414 	-7.3 
 177.36 	 17.73 	 196 	 10.09 	 17 	 37.492 	 42.1 	 289 	 245 	 227 	 6414 	-7 
 177.56 	 17.75 	 195.8 	 13.2 	 18 	 37.291 	 40.5 	 340 	 275 	 254 	 6414 	-7.4 
 177.76 	 17.77 	 195.6 	 11.31 	 10 	 37.11 	 38.1 	 321 	 276 	 255 	 6414 	-7.3 
 177.96 	 17.79 	 195.7 	 7.66 	 11 	 37.043 	 41.6 	 271 	 248 	 228 	 6413 	-7 
 178.16 	 17.81 	 195.6 	 9.6 	 17 	 36.971 	 43.2 	 301 	 259 	 239 	 6414 	-7 
 178.37 	 17.83 	 195.3 	 12.09 	 14 	 36.806 	 39 	 344 	 286 	 264 	 6413 	-7 
 178.57 	 17.85 	 195.4 	 9.9 	 9 	 36.715 	 39.6 	 310 	 278 	 255 	 6414 	-7 
 178.77 	 17.87 	 195.4 	 7.19 	 13 	 36.735 	 43 	 269 	 240 	 220 	 6416 	-7 
 178.97 	 17.89 	 195.3 	 11.06 	 19 	 36.696 	 41.9 	 313 	 269 	 250 	 6414 	-7 
