

时间(S),振次,轴位移(mm),力(kN),应力(kPa),变形(mm),侧位移(mm),围压(kPa),孔压(kPa),反压(kPa),体变(ml),小体变(ml)
0.00,0.00, 96.8 , 21.36 , 302 , .455 , 143.4 , 301 , 236 , 192 , 5404 ,-6.8 
 .2 , .02 , 96.8 , 21.37 , 30 , .461 , 143.9 , 301 , 236 , 192 , 5405 ,-6.4 
 .4 , .04 , 96.9 , 21.29 , 31 , .469 , 143.3 , 302 , 237 , 191 , 5403 ,-6.5 
 .61 , .06 , 96.9 , 21.78 , 31 , .44 , 143.7 , 301 , 237 , 192 , 5405 ,-6.3 
 .81 , .08 , 97 , 22.02 , 32 , .455 , 143.8 , 301 , 236 , 192 , 5404 ,-6.6 
 1.01 , .1 , 97.1 , 22.78 , 33 , .506 , 143.1 , 301 , 236 , 192 , 5404 ,-6.6 
 1.21 , .12 , 97.3 , 23.68 , 33 , .527 , 144.1 , 301 , 237 , 192 , 5402 ,-6.8 
 1.41 , .14 , 97.1 , 23.92 , 35 , .568 , 143.1 , 300 , 237 , 192 , 5402 ,-7.3 
 1.62 , .16 , 97.4 , 24.66 , 36 , .598 , 143.2 , 301 , 237 , 192 , 5404 ,-6.9 
 1.82 , .18 , 97.2 , 25.63 , 37 , .632 , 143.8 , 301 , 237 , 193 , 5404 ,-6.6 
 2.02 , .2 , 97.3 , 26.36 , 38 , .675 , 143.3 , 301 , 237 , 193 , 5405 ,-6.6 
 2.22 , .22 , 97.3 , 26.85 , 38 , .673 , 143.8 , 301 , 237 , 193 , 5403 ,-6.5 
 2.42 , .24 , 97.1 , 27.37 , 38 , .692 , 143.7 , 301 , 236 , 193 , 5403 ,-6.6 
 2.63 , .26 , 97.3 , 27.45 , 39 , .726 , 143.2 , 301 , 237 , 193 , 5407 ,-7 
 2.83 , .28 , 97.1 , 27.53 , 40 , .734 , 144 , 300 , 237 , 192 , 5404 ,-6.9 
 3.03 , .3 , 97.1 , 27.76 , 39 , .742 , 142.9 , 302 , 237 , 192 , 5405 ,-6.8 
 3.23 , .32 , 97 , 27.74 , 39 , .749 , 143.5 , 301 , 237 , 192 , 5404 ,-6.8 
 3.43 , .34 , 97.3 , 27.77 , 40 , .769 , 143.4 , 300 , 237 , 192 , 5404 ,-6.5 
 3.64 , .36 , 97.3 , 27.9 , 40 , .771 , 143.1 , 302 , 236 , 192 , 5402 ,-6.6 
 3.84 , .38 , 97.3 , 27.55 , 39 , .784 , 143.8 , 302 , 237 , 192 , 5405 ,-6.6 
 4.04 , .4 , 97.5 , 27.57 , 39 , .76 , 143.2 , 301 , 237 , 192 , 5403 ,-6.9 
 4.24 , .42 , 97.5 , 27.45 , 38 , .774 , 143.5 , 302 , 237 , 192 , 5406 ,-6.6 
 4.44 , .44 , 97.5 , 26.56 , 37 , .761 , 143.5 , 301 , 237 , 193 , 5406 ,-6.5 
 4.65 , .46 , 97.2 , 26.05 , 35 , .751 , 143.1 , 301 , 236 , 192 , 5405 ,-6.8 
 4.85 , .48 , 97.1 , 25.58 , 35 , .721 , 143.8 , 300 , 236 , 191 , 5406 ,-7.3 
 5.05 , .5 , 97.1 , 24.89 , 34 , .714 , 143.4 , 301 , 236 , 192 , 5404 ,-7.3 
 5.25 , .52 , 96.8 , 23.3 , 32 , .679 , 143.2 , 301 , 235 , 192 , 5406 ,-6.9 
 5.45 , .54 , 96.9 , 22.58 , 30 , .616 , 143.5 , 301 , 236 , 192 , 5408 ,-6.6 
 5.66 , .56 , 97 , 21.5 , 30 , .628 , 142.7 , 301 , 236 , 192 , 5406 ,-6.4 
 5.86 , .58 , 97.1 , 20.42 , 29 , .568 , 143.6 , 302 , 235 , 191 , 5402 ,-6.6 
 6.06 , .6 , 97 , 19.83 , 27 , .535 , 143.9 , 302 , 235 , 191 , 5405 ,-7.1 
 6.26 , .62 , 97.2 , 19.08 , 25 , .491 , 143.4 , 301 , 235 , 191 , 5406 ,-7 
 6.46 , .64 , 97.2 , 18.29 , 25 , .459 , 143.6 , 301 , 236 , 191 , 5403 ,-6.5 
 6.67 , .66 , 97.2 , 17.16 , 24 , .38 , 143.3 , 302 , 236 , 190 , 5407 ,-7.4 
 6.87 , .68 , 97 , 16.62 , 22 , .362 , 143.7 , 301 , 236 , 191 , 5405 ,-7.3 
 7.07 , .7 , 96.9 , 16.09 , 22 , .311 , 143.6 , 301 , 235 , 191 , 5405 ,-6.4 
 7.27 , .72 , 96.9 , 15.48 , 21 , .278 , 142.8 , 301 , 235 , 191 , 5403 ,-6.9 
 7.47 , .74 , 96.7 , 15.3 , 21 , .238 , 144.1 , 301 , 235 , 191 , 5407 ,-6.8 
 7.68 , .76 , 96.7 , 14.95 , 21 , .204 , 143.2 , 301 , 235 , 191 , 5405 ,-6.6 
 7.88 , .78 , 96.7 , 14.63 , 20 , .215 , 143.1 , 301 , 236 , 190 , 5402 ,-6.6 
 8.08 , .8 , 96.7 , 14.58 , 21 , .182 , 144.1 , 302 , 235 , 191 , 5404 ,-6.8 
 8.28 , .82 , 96.7 , 14.41 , 21 , .17 , 142.9 , 302 , 234 , 191 , 5404 ,-6.8 
 8.48 , .84 , 96.8 , 14.59 , 21 , .164 , 143.7 , 301 , 234 , 191 , 5404 ,-6.4 
 8.69 , .86 , 96.9 , 14.46 , 20 , .169 , 143.7 , 302 , 235 , 191 , 5405 ,-6.6 
 8.89 , .88 , 96.9 , 14.58 , 20 , .154 , 143.2 , 302 , 235 , 191 , 5403 ,-7 
 9.09 , .9 , 97 , 14.73 , 21 , .154 , 144.1 , 302 , 235 , 191 , 5407 ,-6.9 
 9.29 , .92 , 97 , 14.98 , 22 , .165 , 143.1 , 301 , 235 , 191 , 5406 ,-6.3 
 9.49 , .94 , 96.7 , 15.31 , 23 , .187 , 143.8 , 301 , 235 , 191 , 5404 ,-6.8 
 9.7 , .96 , 96.9 , 16.01 , 23 , .196 , 143.8 , 301 , 235 , 192 , 5402 ,-6.9 
 9.9 , .98 , 96.8 , 16.69 , 25 , .222 , 143 , 301 , 235 , 191 , 5405 ,-6.9 
 10.1 , 1.01 , 96.8 , 18.08 , 26 , .312 , 144.2 , 301 , 236 , 192 , 5407 ,-7 
 10.3 , 1.03 , 96.8 , 18.98 , 28 , .364 , 143.7 , 301 , 236 , 193 , 5405 ,-7 
 10.5 , 1.05 , 97 , 19.42 , 29 , .395 , 143.7 , 301 , 237 , 192 , 5405 ,-6.9 
 10.71 , 1.07 , 96.9 , 21.26 , 31 , .478 , 143.9 , 301 , 237 , 192 , 5404 ,-6.9 
 10.91 , 1.09 , 97.1 , 22.11 , 32 , .533 , 142.9 , 301 , 237 , 192 , 5404 ,-6.9 
 11.11 , 1.11 , 97.1 , 22.83 , 34 , .562 , 143.7 , 300 , 237 , 193 , 5406 ,-6.5 
 11.31 , 1.13 , 97.2 , 23.45 , 35 , .606 , 143.7 , 301 , 236 , 193 , 5402 ,-6.3 
 11.51 , 1.15 , 97.3 , 25 , 36 , .669 , 143.1 , 300 , 238 , 192 , 5402 ,-6.6 
 11.72 , 1.17 , 97.2 , 25.65 , 37 , .695 , 144.4 , 301 , 237 , 193 , 5404 ,-7.4 
 11.92 , 1.19 , 97.2 , 26.33 , 38 , .722 , 142.9 , 301 , 237 , 192 , 5404 ,-6.9 
 12.12 , 1.21 , 97.2 , 26.99 , 38 , .768 , 143.5 , 301 , 237 , 193 , 5404 ,-6 
 12.32 , 1.23 , 97.2 , 27.37 , 39 , .788 , 143.7 , 301 , 237 , 193 , 5405 ,-6.8 
 12.52 , 1.25 , 97.3 , 27.35 , 40 , .795 , 143.4 , 301 , 237 , 192 , 5407 ,-7 
 12.73 , 1.27 , 96.9 , 27.89 , 40 , .83 , 143.9 , 300 , 237 , 193 , 5403 ,-6.8 
 12.93 , 1.29 , 97.2 , 28.06 , 40 , .838 , 143.2 , 299 , 237 , 193 , 5405 ,-7.4 
 13.13 , 1.31 , 97.3 , 27.94 , 40 , .859 , 143.2 , 300 , 237 , 193 , 5404 ,-7 
 13.33 , 1.33 , 97.1 , 27.9 , 39 , .854 , 143.7 , 301 , 237 , 193 , 5406 ,-6.8 
 13.53 , 1.35 , 97.3 , 27.91 , 40 , .889 , 143 , 301 , 237 , 193 , 5403 ,-6.8 
 13.74 , 1.37 , 97.4 , 27.86 , 38 , .855 , 143.8 , 300 , 237 , 193 , 5404 ,-6.9 
 13.94 , 1.39 , 97.4 , 27.78 , 39 , .86 , 143.7 , 301 , 237 , 192 , 5403 ,-6.6 
 14.14 , 1.41 , 97.5 , 27.56 , 39 , .876 , 142.9 , 301 , 237 , 192 , 5403 ,-6.9 
 14.34 , 1.43 , 97.6 , 27.12 , 38 , .881 , 143.8 , 300 , 236 , 193 , 5402 ,-7 
 14.54 , 1.45 , 97.3 , 26.86 , 37 , .868 , 143.2 , 301 , 237 , 192 , 5404 ,-6.8 
 14.75 , 1.47 , 97.4 , 26.23 , 36 , .853 , 143.2 , 301 , 236 , 192 , 5404 ,-6.6 
 14.95 , 1.49 , 97.2 , 24.96 , 34 , .798 , 143.4 , 301 , 236 , 193 , 5403 ,-6.1 
 15.15 , 1.51 , 97.2 , 24.18 , 34 , .778 , 142.7 , 301 , 236 , 192 , 5406 ,-6.9 
 15.35 , 1.53 , 97.2 , 23.33 , 32 , .76 , 143.9 , 301 , 237 , 192 , 5406 ,-7 
 15.55 , 1.55 , 97.2 , 21.89 , 30 , .7 , 143.3 , 301 , 236 , 191 , 5405 ,-7 
 15.76 , 1.57 , 97.1 , 21.06 , 28 , .671 , 143.8 , 301 , 236 , 192 , 5403 ,-7 
 15.96 , 1.59 , 97.1 , 20.46 , 28 , .655 , 144.1 , 301 , 235 , 191 , 5404 ,-6.9 
 16.16 , 1.61 , 97.2 , 19.16 , 26 , .57 , 143.1 , 301 , 235 , 191 , 5404 ,-7 
 16.36 , 1.63 , 97.2 , 18.32 , 26 , .563 , 143.7 , 300 , 235 , 191 , 5401 ,-6.5 
 16.56 , 1.65 , 97.2 , 17.88 , 24 , .495 , 143.9 , 301 , 235 , 191 , 5405 ,-6.9 
 16.77 , 1.67 , 97.2 , 17.32 , 24 , .474 , 143.1 , 301 , 235 , 191 , 5405 ,-6.4 
 16.97 , 1.69 , 97.1 , 16.25 , 22 , .408 , 144.3 , 302 , 235 , 191 , 5406 ,-7.3 
 17.17 , 1.71 , 97.1 , 15.92 , 22 , .376 , 142.8 , 301 , 235 , 191 , 5403 ,-6.9 
 17.37 , 1.73 , 97 , 15.5 , 22 , .348 , 143.5 , 301 , 235 , 191 , 5405 ,-6.8 
 17.57 , 1.75 , 96.8 , 15.12 , 21 , .296 , 143.9 , 301 , 235 , 191 , 5403 ,-7 
 17.78 , 1.77 , 96.8 , 14.88 , 21 , .296 , 143.2 , 301 , 235 , 191 , 5404 ,-6.6 
 17.98 , 1.79 , 96.9 , 14.58 , 20 , .28 , 144.2 , 301 , 236 , 191 , 5404 ,-7 
 18.18 , 1.81 , 96.7 , 14.57 , 21 , .246 , 143.1 , 301 , 235 , 191 , 5403 ,-6.8 
 18.38 , 1.83 , 96.7 , 14.47 , 21 , .253 , 143.3 , 301 , 235 , 192 , 5405 ,-6.8 
 18.58 , 1.85 , 96.9 , 14.75 , 21 , .241 , 144.1 , 301 , 235 , 191 , 5403 ,-6.8 
 18.79 , 1.87 , 96.9 , 14.66 , 20 , .244 , 142.8 , 301 , 235 , 191 , 5405 ,-7 
 18.99 , 1.89 , 97 , 14.74 , 21 , .223 , 144 , 301 , 235 , 191 , 5404 ,-6.4 
 19.19 , 1.91 , 96.8 , 14.82 , 21 , .227 , 143.4 , 302 , 235 , 191 , 5407 ,-6.8 
 19.39 , 1.93 , 97.2 , 15.05 , 22 , .242 , 143.1 , 301 , 235 , 192 , 5402 ,-6.8 
 19.59 , 1.95 , 97 , 15.44 , 23 , .254 , 143.9 , 301 , 234 , 191 , 5404 ,-6.8 
 19.8 , 1.97 , 97.1 , 16.84 , 24 , .299 , 142.8 , 301 , 236 , 193 , 5406 ,-6.9 
 20 , 2 , 96.9 , 17.33 , 26 , .369 , 143.6 , 301 , 236 , 192 , 5405 ,-6.8 
 20.2 , 2.02 , 97 , 18.32 , 27 , .377 , 143.8 , 301 , 236 , 193 , 5401 ,-6.8 
 20.4 , 2.04 , 97.1 , 19.76 , 28 , .476 , 143.2 , 300 , 237 , 193 , 5407 ,-6.8 
 20.6 , 2.06 , 97 , 20.49 , 31 , .512 , 143.7 , 301 , 237 , 192 , 5407 ,-6.8 
 20.81 , 2.08 , 96.8 , 21.37 , 32 , .547 , 143.2 , 300 , 237 , 193 , 5406 ,-7.4 
 21.01 , 2.1 , 97.1 , 22.93 , 33 , .634 , 143.8 , 301 , 237 , 193 , 5404 ,-6.5 
 21.21 , 2.12 , 97.1 , 23.67 , 35 , .668 , 144 , 300 , 237 , 193 , 5406 ,-6.5 
 21.41 , 2.14 , 97.4 , 24.33 , 35 , .696 , 142.9 , 300 , 236 , 193 , 5404 ,-6.6 
 21.61 , 2.16 , 97.3 , 24.91 , 36 , .728 , 144 , 300 , 238 , 193 , 5401 ,-6.5 
 21.82 , 2.18 , 97.4 , 25.96 , 37 , .81 , 143.2 , 301 , 237 , 193 , 5400 ,-6.5 
 22.02 , 2.2 , 97.6 , 26.64 , 39 , .813 , 143.1 , 301 , 237 , 193 , 5404 ,-6.9 
 22.22 , 2.22 , 97.4 , 27.07 , 38 , .857 , 143.8 , 300 , 237 , 193 , 5403 ,-6.6 
 22.42 , 2.24 , 97.3 , 27.62 , 39 , .883 , 143.1 , 301 , 237 , 193 , 5406 ,-6.4 
 22.62 , 2.26 , 97.4 , 27.86 , 39 , .909 , 143.6 , 301 , 237 , 193 , 5405 ,-6.8 
 22.83 , 2.28 , 97.1 , 27.81 , 40 , .92 , 143.8 , 300 , 237 , 193 , 5407 ,-6.3 
 23.03 , 2.3 , 97.3 , 28.05 , 40 , .939 , 143.2 , 301 , 237 , 193 , 5405 ,-6.9 
 23.23 , 2.32 , 97.4 , 28.12 , 40 , .936 , 144.3 , 301 , 236 , 193 , 5402 ,-6.9 
 23.43 , 2.34 , 97.2 , 28.08 , 40 , .965 , 143.4 , 301 , 237 , 193 , 5402 ,-6.6 
 23.63 , 2.36 , 97.4 , 27.94 , 39 , .955 , 143.6 , 301 , 237 , 192 , 5403 ,-7 
 23.84 , 2.38 , 97.3 , 27.68 , 39 , .956 , 143.7 , 300 , 237 , 193 , 5404 ,-6.5 
 24.04 , 2.4 , 97.3 , 27.69 , 39 , .977 , 142.8 , 301 , 237 , 193 , 5403 ,-6.8 
 24.24 , 2.42 , 97.6 , 27.54 , 39 , .966 , 143.9 , 301 , 237 , 193 , 5406 ,-6.8 
 24.44 , 2.44 , 97.4 , 26.86 , 37 , .955 , 143.2 , 301 , 237 , 193 , 5404 ,-6.8 
 24.64 , 2.46 , 97.5 , 26.36 , 37 , .936 , 143.7 , 301 , 237 , 192 , 5405 ,-6.9 
 24.85 , 2.48 , 97.6 , 25.77 , 35 , .911 , 143.7 , 301 , 237 , 192 , 5407 ,-6.9 
 25.05 , 2.5 , 97.3 , 24.88 , 34 , .894 , 142.4 , 301 , 237 , 192 , 5404 ,-6.8 
 25.25 , 2.52 , 97.3 , 23.33 , 32 , .846 , 143.8 , 302 , 236 , 192 , 5406 ,-6.8 
 25.45 , 2.54 , 97.1 , 22.76 , 31 , .81 , 143.2 , 301 , 236 , 193 , 5404 ,-6.8 
 25.65 , 2.56 , 97.1 , 21.88 , 30 , .785 , 143.3 , 301 , 236 , 192 , 5403 ,-6.8 
 25.86 , 2.58 , 97 , 20.33 , 28 , .742 , 143.8 , 301 , 236 , 192 , 5404 ,-6.4 
 26.06 , 2.6 , 97.1 , 19.65 , 27 , .708 , 143.3 , 301 , 235 , 192 , 5409 ,-6.9 
 26.26 , 2.62 , 97.3 , 19.01 , 26 , .673 , 143.5 , 301 , 237 , 191 , 5408 ,-6.8 
 26.46 , 2.64 , 97.1 , 18.35 , 24 , .649 , 143.5 , 301 , 235 , 191 , 5404 ,-6.5 
 26.66 , 2.66 , 97.1 , 17.71 , 24 , .531 , 143.1 , 300 , 236 , 192 , 5404 ,-7.1 
 26.87 , 2.68 , 97.2 , 16.81 , 23 , .511 , 144 , 301 , 236 , 191 , 5402 ,-6.5 
 27.07 , 2.7 , 97.2 , 16.39 , 23 , .5 , 143.3 , 301 , 235 , 192 , 5404 ,-6.9 
 27.27 , 2.72 , 97.2 , 15.6 , 22 , .43 , 143.5 , 302 , 235 , 192 , 5403 ,-6.3 
 27.47 , 2.74 , 97.1 , 15.39 , 21 , .408 , 144 , 301 , 235 , 191 , 5407 ,-6.9 
 27.67 , 2.76 , 97 , 14.94 , 21 , .37 , 143.1 , 301 , 236 , 191 , 5405 ,-6.1 
 27.88 , 2.78 , 96.9 , 15.03 , 21 , .353 , 144.1 , 302 , 235 , 191 , 5403 ,-7 
 28.08 , 2.8 , 96.8 , 14.74 , 21 , .336 , 142.9 , 301 , 236 , 191 , 5403 ,-6.4 
 28.28 , 2.82 , 96.8 , 14.64 , 20 , .353 , 143.5 , 301 , 236 , 192 , 5403 ,-6.4 
 28.48 , 2.84 , 97 , 14.66 , 21 , .315 , 143.8 , 301 , 237 , 191 , 5407 ,-6.9 
 28.68 , 2.86 , 96.9 , 14.67 , 21 , .329 , 143 , 301 , 236 , 191 , 5406 ,-6.8 
 28.89 , 2.88 , 96.9 , 14.71 , 21 , .314 , 144.1 , 301 , 236 , 191 , 5404 ,-6.5 
 29.09 , 2.9 , 97 , 14.82 , 21 , .329 , 143.6 , 301 , 235 , 191 , 5406 ,-6.8 
 29.29 , 2.92 , 97.1 , 14.94 , 22 , .32 , 143.3 , 301 , 235 , 191 , 5404 ,-6.8 
 29.49 , 2.94 , 97.1 , 15.57 , 22 , .338 , 143.9 , 301 , 236 , 192 , 5403 ,-6.8 
 29.69 , 2.96 , 97.1 , 16.07 , 24 , .384 , 143.1 , 301 , 236 , 192 , 5406 ,-6.1 
 29.9 , 2.98 , 97.1 , 16.71 , 24 , .396 , 143.4 , 301 , 236 , 192 , 5404 ,-7 
 30.1 , 3.01 , 97.1 , 18.16 , 26 , .468 , 143.9 , 301 , 237 , 192 , 5403 ,-6.8 
 30.3 , 3.03 , 96.9 , 18.9 , 27 , .519 , 142.5 , 301 , 237 , 193 , 5404 ,-6.5 
 30.5 , 3.05 , 97 , 19.74 , 30 , .561 , 144.1 , 301 , 238 , 193 , 5406 ,-6.8 
 30.7 , 3.07 , 96.8 , 21.14 , 31 , .629 , 143.8 , 301 , 238 , 193 , 5406 ,-7 
 30.91 , 3.09 , 97.2 , 22.19 , 32 , .68 , 143.4 , 301 , 238 , 193 , 5408 ,-7.3 
 31.11 , 3.11 , 97.3 , 22.89 , 33 , .738 , 143.7 , 301 , 237 , 194 , 5406 ,-6.6 
 31.31 , 3.13 , 97.3 , 23.63 , 35 , .765 , 142.9 , 300 , 237 , 194 , 5403 ,-6.4 
 31.51 , 3.15 , 97.3 , 24.84 , 36 , .835 , 143.7 , 300 , 238 , 194 , 5406 ,-6.5 
 31.71 , 3.17 , 97.5 , 25.7 , 36 , .846 , 143.4 , 301 , 237 , 193 , 5404 ,-6.6 
 31.92 , 3.19 , 97.5 , 26.11 , 38 , .892 , 142.9 , 301 , 237 , 194 , 5406 ,-6.8 
 32.12 , 3.21 , 97.6 , 27.11 , 39 , .944 , 143.9 , 301 , 237 , 193 , 5402 ,-6.5 
 32.32 , 3.23 , 97.4 , 27.36 , 39 , .956 , 143.2 , 300 , 237 , 193 , 5404 ,-7.1 
 32.52 , 3.25 , 97.5 , 27.79 , 40 , .963 , 143.5 , 301 , 238 , 193 , 5408 ,-6.9 
 32.72 , 3.27 , 97.5 , 27.82 , 40 , 1.007 , 143.6 , 300 , 237 , 192 , 5405 ,-6.8 
 32.93 , 3.29 , 97.2 , 27.92 , 40 , 1.019 , 143 , 301 , 237 , 193 , 5405 ,-6.5 
 33.13 , 3.31 , 97.4 , 28.19 , 39 , 1 , 143.6 , 302 , 236 , 193 , 5402 ,-6.9 
 33.33 , 3.33 , 97.4 , 28.14 , 39 , 1.036 , 143.5 , 301 , 237 , 193 , 5406 ,-6.6 
 33.53 , 3.35 , 97.5 , 28.15 , 40 , 1.028 , 143 , 300 , 237 , 194 , 5403 ,-6.8 
 33.73 , 3.37 , 97.4 , 27.88 , 39 , 1.046 , 144.2 , 301 , 237 , 194 , 5406 ,-6.9 
 33.94 , 3.39 , 97.4 , 27.85 , 39 , 1.053 , 143 , 301 , 237 , 193 , 5406 ,-6.6 
 34.14 , 3.41 , 97.7 , 27.68 , 39 , 1.033 , 143.7 , 301 , 237 , 192 , 5406 ,-6.8 
 34.34 , 3.43 , 97.5 , 27.24 , 38 , 1.043 , 144.1 , 301 , 237 , 193 , 5404 ,-7 
 34.54 , 3.45 , 97.7 , 26.81 , 37 , 1.048 , 142.9 , 301 , 237 , 192 , 5404 ,-6.5 
 34.74 , 3.47 , 97.7 , 26.24 , 36 , 1.01 , 144 , 301 , 237 , 194 , 5408 ,-6.8 
 34.95 , 3.49 , 97.4 , 24.7 , 34 , .991 , 143.6 , 301 , 237 , 193 , 5406 ,-7.4 
 35.15 , 3.51 , 97.5 , 24.22 , 34 , .953 , 143.7 , 301 , 237 , 193 , 5405 ,-6.9 
 35.35 , 3.53 , 97.4 , 23.41 , 31 , .942 , 143.8 , 301 , 237 , 193 , 5406 ,-6.9 
 35.55 , 3.55 , 97.2 , 21.9 , 29 , .864 , 143.2 , 301 , 236 , 192 , 5405 ,-6.9 
 35.75 , 3.57 , 97.3 , 21.15 , 29 , .818 , 143.7 , 301 , 236 , 193 , 5403 ,-6.8 
 35.96 , 3.59 , 97.1 , 20.34 , 28 , .812 , 143.3 , 301 , 235 , 193 , 5407 ,-6.9 
 36.16 , 3.61 , 97.3 , 19.09 , 27 , .737 , 143.2 , 301 , 236 , 193 , 5407 ,-6.3 
 36.36 , 3.63 , 97.3 , 18.56 , 25 , .682 , 143.9 , 301 , 236 , 192 , 5406 ,-6.5 
 36.56 , 3.65 , 97.3 , 17.93 , 26 , .671 , 143.4 , 301 , 235 , 192 , 5406 ,-6.9 
 36.76 , 3.67 , 97.1 , 17.25 , 23 , .63 , 143.7 , 301 , 237 , 191 , 5403 ,-6.5 
 36.97 , 3.69 , 97.3 , 16.36 , 23 , .55 , 143.7 , 301 , 235 , 192 , 5403 ,-7.3 
 37.17 , 3.71 , 97.2 , 15.8 , 22 , .533 , 143.1 , 301 , 236 , 192 , 5404 ,-6.6 
 37.37 , 3.73 , 97.3 , 15.62 , 22 , .492 , 143.7 , 301 , 235 , 192 , 5406 ,-6.9 
 37.57 , 3.75 , 97 , 15.11 , 22 , .461 , 143.3 , 302 , 236 , 192 , 5404 ,-6.6 
 37.77 , 3.77 , 97 , 14.89 , 20 , .421 , 143.4 , 303 , 235 , 192 , 5403 ,-6.4 
 37.98 , 3.79 , 97 , 14.66 , 21 , .411 , 143.9 , 302 , 236 , 192 , 5405 ,-6.9 
 38.18 , 3.81 , 96.8 , 14.51 , 20 , .409 , 143 , 303 , 236 , 192 , 5406 ,-7 
 38.38 , 3.83 , 96.9 , 14.46 , 21 , .386 , 143.8 , 301 , 236 , 191 , 5405 ,-7 
 38.58 , 3.85 , 96.9 , 14.73 , 21 , .403 , 143.7 , 302 , 236 , 192 , 5405 ,-7.1 
 38.78 , 3.87 , 97 , 14.52 , 21 , .397 , 143.2 , 302 , 236 , 193 , 5405 ,-6.8 
 38.99 , 3.89 , 97 , 14.87 , 21 , .372 , 143.6 , 301 , 235 , 192 , 5404 ,-6.5 
 39.19 , 3.91 , 97.1 , 14.8 , 21 , .374 , 143.2 , 302 , 236 , 193 , 5409 ,-6.8 
 39.39 , 3.93 , 97.1 , 14.97 , 22 , .396 , 144 , 301 , 236 , 192 , 5405 ,-7 
 39.59 , 3.95 , 97.2 , 15.98 , 23 , .449 , 144.1 , 301 , 237 , 193 , 5405 ,-6.8 
 39.79 , 3.97 , 97.1 , 16.79 , 25 , .474 , 143 , 301 , 236 , 193 , 5407 ,-6.9 
 40 , 4 , 97.1 , 17.18 , 26 , .522 , 143.8 , 301 , 237 , 193 , 5405 ,-6.8 
 40.2 , 4.02 , 97.1 , 18.3 , 27 , .531 , 143.2 , 301 , 236 , 193 , 5403 ,-6.9 
 40.4 , 4.04 , 97.1 , 19.77 , 29 , .628 , 143.4 , 300 , 238 , 194 , 5408 ,-6.6 
 40.6 , 4.06 , 97 , 20.46 , 30 , .649 , 143.9 , 301 , 237 , 194 , 5404 ,-6.8 
 40.8 , 4.08 , 97.2 , 21.25 , 31 , .726 , 143.3 , 300 , 238 , 193 , 5405 ,-6.9 
 41.01 , 4.1 , 97.3 , 22.77 , 32 , .812 , 143.6 , 300 , 237 , 194 , 5401 ,-7.1 
 41.21 , 4.12 , 97.3 , 23.68 , 34 , .827 , 143.5 , 302 , 238 , 194 , 5405 ,-7.1 
 41.41 , 4.14 , 97.3 , 24.27 , 35 , .87 , 143.5 , 301 , 237 , 194 , 5404 ,-6.9 
 41.61 , 4.16 , 97.3 , 24.89 , 36 , .91 , 143.3 , 300 , 237 , 194 , 5403 ,-6.8 
 41.81 , 4.18 , 97.4 , 26.1 , 37 , .967 , 142.9 , 300 , 238 , 194 , 5404 ,-6.8 
 42.02 , 4.2 , 97.4 , 26.53 , 39 , .999 , 144.2 , 301 , 238 , 193 , 5405 ,-6.6 
 42.22 , 4.22 , 97.6 , 27.01 , 38 , 1.005 , 143.8 , 301 , 238 , 194 , 5406 ,-6.8 
 42.42 , 4.24 , 97.4 , 27.65 , 39 , 1.036 , 143.1 , 301 , 238 , 194 , 5411 ,-7.1 
 42.62 , 4.26 , 97.5 , 27.86 , 39 , 1.063 , 144.1 , 301 , 238 , 194 , 5406 ,-7.1 
 42.82 , 4.28 , 97.4 , 27.89 , 39 , 1.078 , 143.2 , 301 , 238 , 194 , 5405 ,-6.8 
 43.03 , 4.3 , 97.4 , 28.07 , 40 , 1.1 , 143.4 , 301 , 238 , 194 , 5401 ,-7.1 
 43.23 , 4.32 , 97.3 , 28.09 , 40 , 1.092 , 144.1 , 301 , 238 , 194 , 5403 ,-7 
 43.43 , 4.34 , 97.2 , 28.18 , 40 , 1.084 , 143.1 , 302 , 237 , 193 , 5405 ,-6.8 
 43.63 , 4.36 , 97.3 , 28.13 , 40 , 1.094 , 143.7 , 301 , 238 , 194 , 5403 ,-6.1 
 43.83 , 4.38 , 97.3 , 27.81 , 40 , 1.109 , 143.5 , 302 , 237 , 193 , 5406 ,-6.8 
 44.04 , 4.4 , 97.5 , 27.94 , 39 , 1.093 , 143.2 , 301 , 238 , 194 , 5409 ,-7.1 
 44.24 , 4.42 , 97.5 , 27.66 , 38 , 1.126 , 144.4 , 300 , 237 , 193 , 5402 ,-6.4 
 44.44 , 4.44 , 97.6 , 27.36 , 37 , 1.103 , 143.2 , 301 , 237 , 193 , 5406 ,-6.8 
 44.64 , 4.46 , 97.8 , 26.4 , 37 , 1.058 , 143.5 , 301 , 237 , 193 , 5405 ,-6.8 
 44.84 , 4.48 , 97.7 , 25.37 , 35 , 1.063 , 143 , 300 , 237 , 194 , 5404 ,-6.8 
 45.05 , 4.5 , 97.6 , 24.84 , 34 , 1.043 , 143.2 , 301 , 237 , 193 , 5407 ,-5.8 
 45.25 , 4.52 , 97.3 , 23.34 , 33 , .979 , 143.9 , 301 , 237 , 193 , 5404 ,-7.3 
 45.45 , 4.54 , 97.5 , 22.57 , 31 , .968 , 143 , 301 , 237 , 192 , 5405 ,-7 
 45.65 , 4.56 , 97.2 , 21.8 , 30 , .932 , 143.3 , 301 , 236 , 193 , 5406 ,-7 
 45.85 , 4.58 , 97.4 , 20.44 , 28 , .875 , 143.9 , 301 , 236 , 193 , 5404 ,-6.5 
 46.06 , 4.6 , 97.2 , 19.75 , 27 , .85 , 143.2 , 301 , 237 , 193 , 5405 ,-7.1 
 46.26 , 4.62 , 97.3 , 19.11 , 26 , .811 , 143.8 , 301 , 236 , 193 , 5405 ,-6.9 
 46.46 , 4.64 , 97.2 , 18.36 , 25 , .77 , 143.4 , 302 , 236 , 192 , 5404 ,-6.9 
 46.66 , 4.66 , 97.2 , 17.29 , 24 , .688 , 143.7 , 302 , 237 , 192 , 5405 ,-6.9 
 46.86 , 4.68 , 97.3 , 16.84 , 23 , .66 , 143.9 , 302 , 236 , 192 , 5404 ,-6.5 
 47.07 , 4.7 , 97.4 , 16.32 , 22 , .617 , 143.4 , 301 , 236 , 193 , 5407 ,-6.8 
 47.27 , 4.72 , 97.2 , 15.35 , 22 , .575 , 143.5 , 302 , 236 , 193 , 5405 ,-7 
 47.47 , 4.74 , 97.2 , 15.23 , 21 , .533 , 143.8 , 301 , 236 , 192 , 5405 ,-6.9 
 47.67 , 4.76 , 97 , 14.89 , 22 , .533 , 143.3 , 301 , 236 , 192 , 5407 ,-6.6 
 47.87 , 4.78 , 96.9 , 14.8 , 21 , .488 , 143.8 , 302 , 236 , 193 , 5404 ,-6.8 
 48.08 , 4.8 , 96.9 , 14.51 , 21 , .49 , 143.4 , 302 , 237 , 193 , 5405 ,-7 
 48.28 , 4.82 , 96.7 , 14.56 , 20 , .473 , 143.6 , 301 , 236 , 192 , 5402 ,-6.4 
 48.48 , 4.84 , 97 , 14.43 , 21 , .482 , 144.1 , 302 , 236 , 192 , 5404 ,-6.6 
 48.68 , 4.86 , 97 , 14.54 , 20 , .454 , 142.8 , 301 , 236 , 192 , 5403 ,-6.6 
 48.88 , 4.88 , 97.1 , 14.59 , 21 , .456 , 143.8 , 302 , 236 , 192 , 5403 ,-6 
 49.09 , 4.9 , 97.2 , 14.51 , 22 , .462 , 143.4 , 301 , 236 , 193 , 5404 ,-6.6 
 49.29 , 4.92 , 97.2 , 14.91 , 22 , .473 , 143 , 302 , 236 , 192 , 5408 ,-6.9 
 49.49 , 4.94 , 97 , 15.38 , 23 , .491 , 144.1 , 301 , 236 , 193 , 5406 ,-7 
 49.69 , 4.96 , 97.2 , 16.09 , 24 , .521 , 143.4 , 301 , 237 , 193 , 5406 ,-7.4 
 49.89 , 4.99 , 97.1 , 16.62 , 25 , .543 , 143.7 , 301 , 237 , 193 , 5405 ,-6.6 
 50.1 , 5.01 , 97.1 , 18.15 , 27 , .627 , 143.9 , 301 , 237 , 194 , 5405 ,-6.5 
 50.3 , 5.03 , 97.2 , 19.14 , 28 , .646 , 143.4 , 301 , 238 , 194 , 5402 ,-6.4 
 50.5 , 5.05 , 97.1 , 19.88 , 30 , .688 , 144.3 , 301 , 238 , 194 , 5405 ,-6.6 
 50.7 , 5.07 , 97.2 , 21.16 , 31 , .781 , 143.3 , 301 , 238 , 194 , 5403 ,-6.8 
 50.9 , 5.09 , 97.2 , 21.97 , 32 , .825 , 143.7 , 301 , 238 , 193 , 5402 ,-6.3 
 51.11 , 5.11 , 97.1 , 22.7 , 33 , .865 , 144.2 , 301 , 238 , 193 , 5403 ,-6.8 
 51.31 , 5.13 , 97.3 , 24.39 , 35 , .943 , 142.4 , 301 , 238 , 193 , 5401 ,-7 
 51.51 , 5.15 , 97.6 , 25 , 36 , .992 , 143.8 , 301 , 238 , 194 , 5407 ,-6.8 
 51.71 , 5.17 , 97.5 , 25.71 , 37 , .996 , 143.9 , 301 , 238 , 194 , 5407 ,-6.6 
 51.91 , 5.19 , 97.5 , 26.16 , 38 , 1.039 , 142.9 , 300 , 238 , 194 , 5404 ,-6.5 
 52.12 , 5.21 , 97.9 , 26.85 , 39 , 1.083 , 143.9 , 301 , 238 , 193 , 5406 ,-6.6 
 52.32 , 5.23 , 97.6 , 27.1 , 39 , 1.091 , 143.2 , 301 , 238 , 194 , 5406 ,-6.8 
 52.52 , 5.25 , 97.5 , 27.48 , 40 , 1.117 , 143.7 , 301 , 238 , 194 , 5404 ,-6.5 
 52.72 , 5.27 , 97.5 , 27.86 , 40 , 1.131 , 143.9 , 301 , 237 , 194 , 5406 ,-6.6 
 52.92 , 5.29 , 97.6 , 28.18 , 40 , 1.15 , 143.1 , 301 , 238 , 194 , 5403 ,-6.9 
 53.13 , 5.31 , 97.5 , 28.02 , 40 , 1.166 , 144.3 , 301 , 238 , 194 , 5405 ,-6.6 
 53.33 , 5.33 , 97.6 , 28.12 , 40 , 1.149 , 143.2 , 301 , 238 , 194 , 5406 ,-6.8 
 53.53 , 5.35 , 97.4 , 28.04 , 39 , 1.161 , 143.3 , 301 , 237 , 194 , 5403 ,-6.5 
 53.73 , 5.37 , 97.5 , 28.24 , 40 , 1.157 , 143.9 , 300 , 237 , 194 , 5401 ,-7.1 
 53.93 , 5.39 , 97.6 , 27.85 , 40 , 1.167 , 143.2 , 301 , 238 , 193 , 5405 ,-6.5 
 54.14 , 5.41 , 97.4 , 27.62 , 39 , 1.176 , 143.5 , 301 , 237 , 194 , 5408 ,-6.9 
 54.34 , 5.43 , 97.7 , 27.25 , 38 , 1.179 , 143.1 , 301 , 238 , 194 , 5405 ,-6.4 
 54.54 , 5.45 , 97.8 , 26.8 , 37 , 1.164 , 142.9 , 300 , 238 , 194 , 5404 ,-6.5 
 54.74 , 5.47 , 97.6 , 26.17 , 36 , 1.147 , 143.8 , 301 , 238 , 194 , 5405 ,-6.8 
 54.94 , 5.49 , 97.5 , 24.96 , 34 , 1.095 , 143.2 , 301 , 237 , 193 , 5405 ,-6.6 
 55.15 , 5.51 , 97.5 , 24.09 , 33 , 1.091 , 143.7 , 301 , 237 , 193 , 5405 ,-7 
 55.35 , 5.53 , 97.5 , 23.46 , 30 , 1.068 , 143.9 , 301 , 237 , 194 , 5407 ,-6.5 
 55.55 , 5.55 , 97.4 , 21.76 , 30 , 1.006 , 143.4 , 301 , 237 , 193 , 5407 ,-6.8 
 55.75 , 5.57 , 97.2 , 21.07 , 29 , .969 , 144.1 , 301 , 237 , 192 , 5405 ,-6.9 
 55.95 , 5.59 , 97.4 , 20.44 , 28 , .926 , 143.3 , 302 , 236 , 193 , 5406 ,-6.8 
 56.16 , 5.61 , 97.3 , 19.09 , 27 , .883 , 143.8 , 301 , 236 , 193 , 5402 ,-6.8 
 56.36 , 5.63 , 97.4 , 18.24 , 25 , .839 , 143.7 , 301 , 236 , 193 , 5408 ,-6.9 
 56.56 , 5.65 , 97.4 , 17.96 , 24 , .801 , 143 , 301 , 237 , 193 , 5402 ,-6.8 
 56.76 , 5.67 , 97.5 , 17.39 , 23 , .768 , 144.1 , 301 , 237 , 193 , 5409 ,-7.1 
 56.96 , 5.69 , 97.5 , 16.15 , 23 , .697 , 143.6 , 301 , 236 , 194 , 5407 ,-6.9 
 57.17 , 5.71 , 97.2 , 15.88 , 22 , .65 , 143.2 , 301 , 236 , 192 , 5406 ,-6.8 
 57.37 , 5.73 , 97.2 , 15.53 , 22 , .657 , 143.9 , 301 , 236 , 192 , 5404 ,-6.8 
 57.57 , 5.75 , 97.2 , 15.15 , 21 , .602 , 143.2 , 302 , 236 , 193 , 5405 ,-7 
 57.77 , 5.77 , 97.1 , 14.9 , 21 , .578 , 143.7 , 301 , 236 , 193 , 5409 ,-6.5 
 57.97 , 5.79 , 97 , 14.78 , 21 , .566 , 144.1 , 301 , 236 , 193 , 5402 ,-6.6 
 58.18 , 5.81 , 96.9 , 14.63 , 21 , .528 , 143.1 , 302 , 237 , 192 , 5407 ,-6.9 
 58.38 , 5.83 , 96.8 , 14.5 , 21 , .541 , 143.9 , 302 , 236 , 193 , 5405 ,-7.1 
 58.58 , 5.85 , 97.2 , 14.54 , 22 , .527 , 143.5 , 302 , 236 , 193 , 5403 ,-6.6 
 58.78 , 5.87 , 97.1 , 14.66 , 20 , .523 , 143.4 , 301 , 237 , 192 , 5403 ,-6.4 
 58.98 , 5.89 , 97.1 , 14.59 , 21 , .539 , 143.6 , 302 , 236 , 193 , 5407 ,-6.8 
 59.19 , 5.91 , 97.2 , 14.92 , 21 , .528 , 143 , 301 , 236 , 193 , 5404 ,-6.9 
 59.39 , 5.93 , 97.1 , 15.01 , 22 , .544 , 144.4 , 301 , 236 , 193 , 5406 ,-7 
 59.59 , 5.95 , 97.3 , 16.02 , 23 , .564 , 142.6 , 301 , 237 , 193 , 5404 ,-6.9 
 59.79 , 5.98 , 97.2 , 16.69 , 23 , .608 , 143.2 , 301 , 237 , 193 , 5405 ,-6.8 
 59.99 , 6 , 97.2 , 17.42 , 25 , .655 , 143.9 , 301 , 237 , 194 , 5405 ,-6.6 
