

时间(S),振次,轴位移(mm),力(kN),应力(kPa),变形(mm),侧位移(mm),围压(kPa),孔压(kPa),反压(kPa),体变(ml),小体变(ml)
0.00,0.00, 98.4 , 21.31 , 301 , 2.476 , 144.1 , 302 , 243 , 203 , 5403 ,-6.4 
 .2 , .02 , 98.5 , 21.28 , 30 , 2.478 , 144.4 , 301 , 244 , 202 , 5404 ,-6.3 
 .4 , .04 , 98.6 , 21.28 , 30 , 2.468 , 144.1 , 301 , 243 , 202 , 5406 ,-7 
 .61 , .06 , 98.6 , 21.98 , 31 , 2.474 , 143.8 , 301 , 244 , 202 , 5402 ,-6.5 
 .81 , .08 , 98.6 , 22.72 , 33 , 2.497 , 144.6 , 301 , 244 , 203 , 5404 ,-6.8 
 1.01 , .1 , 98.6 , 23.38 , 34 , 2.562 , 143.6 , 302 , 244 , 202 , 5403 ,-7 
 1.21 , .12 , 98.8 , 24.02 , 36 , 2.605 , 144.3 , 301 , 243 , 203 , 5405 ,-7 
 1.41 , .14 , 99 , 25.78 , 37 , 2.679 , 144.6 , 301 , 244 , 201 , 5402 ,-6.8 
 1.62 , .16 , 98.9 , 26.68 , 38 , 2.745 , 143.7 , 302 , 244 , 202 , 5408 ,-6.6 
 1.82 , .18 , 99.1 , 27.36 , 40 , 2.779 , 144.6 , 301 , 244 , 203 , 5403 ,-6.8 
 2.02 , .2 , 98.9 , 28.81 , 40 , 2.849 , 143.6 , 301 , 243 , 201 , 5406 ,-6.6 
 2.22 , .22 , 99 , 29.39 , 42 , 2.9 , 144.1 , 302 , 242 , 202 , 5404 ,-6.6 
 2.42 , .24 , 99 , 29.88 , 42 , 2.925 , 144.6 , 302 , 243 , 201 , 5401 ,-6.1 
 2.63 , .26 , 98.9 , 29.99 , 43 , 2.945 , 143.6 , 302 , 242 , 201 , 5403 ,-6.9 
 2.83 , .28 , 98.8 , 30.58 , 44 , 2.987 , 144.6 , 302 , 243 , 202 , 5404 ,-6.9 
 3.03 , .3 , 99 , 30.51 , 43 , 2.989 , 143.7 , 302 , 242 , 200 , 5402 ,-6.8 
 3.23 , .32 , 98.7 , 30.72 , 43 , 2.98 , 144.9 , 302 , 242 , 201 , 5402 ,-6.9 
 3.43 , .34 , 98.8 , 30.4 , 43 , 3.006 , 144.2 , 302 , 243 , 201 , 5406 ,-6.8 
 3.64 , .36 , 98.9 , 30.42 , 43 , 3.016 , 143.7 , 301 , 243 , 201 , 5406 ,-6.5 
 3.84 , .38 , 99.1 , 30.39 , 43 , 3.019 , 144.4 , 302 , 242 , 201 , 5406 ,-6.9 
 4.04 , .4 , 99 , 29.87 , 42 , 3.016 , 143.7 , 302 , 243 , 201 , 5406 ,-6.6 
 4.24 , .42 , 99 , 29.54 , 41 , 3.024 , 144.4 , 302 , 241 , 201 , 5403 ,-6.5 
 4.44 , .44 , 99.2 , 28.72 , 39 , 3.001 , 143.7 , 301 , 242 , 201 , 5404 ,-6.1 
 4.65 , .46 , 99.1 , 27.98 , 38 , 2.978 , 143.9 , 301 , 242 , 201 , 5403 ,-6.6 
 4.85 , .48 , 99.1 , 25.79 , 36 , 2.914 , 144.4 , 302 , 242 , 201 , 5406 ,-7 
 5.05 , .5 , 99.1 , 24.88 , 34 , 2.892 , 143.6 , 301 , 242 , 200 , 5403 ,-6.8 
 5.25 , .52 , 98.9 , 24.12 , 32 , 2.857 , 143.7 , 302 , 242 , 201 , 5404 ,-5.9 
 5.45 , .54 , 98.7 , 21.98 , 29 , 2.771 , 144.4 , 302 , 241 , 200 , 5406 ,-6.8 
 5.66 , .56 , 98.7 , 21.07 , 28 , 2.731 , 143.9 , 302 , 242 , 200 , 5402 ,-6.8 
 5.86 , .58 , 98.6 , 20.04 , 27 , 2.672 , 144.4 , 301 , 242 , 200 , 5404 ,-6.4 
 6.06 , .6 , 98.6 , 19.1 , 25 , 2.643 , 143.7 , 301 , 241 , 201 , 5405 ,-6.9 
 6.26 , .62 , 98.5 , 17.37 , 24 , 2.522 , 144.2 , 302 , 241 , 200 , 5403 ,-7 
 6.46 , .64 , 98.6 , 16.71 , 23 , 2.458 , 144.5 , 301 , 242 , 201 , 5404 ,-7 
 6.67 , .66 , 98.5 , 15.91 , 21 , 2.403 , 144 , 302 , 241 , 199 , 5403 ,-6.9 
 6.87 , .68 , 98.5 , 14.48 , 21 , 2.284 , 144.7 , 302 , 242 , 200 , 5403 ,-6.9 
 7.07 , .7 , 98.6 , 14 , 20 , 2.208 , 143.8 , 302 , 242 , 200 , 5408 ,-6.9 
 7.27 , .72 , 98.5 , 13.48 , 19 , 2.153 , 144.8 , 302 , 242 , 200 , 5402 ,-7.1 
 7.47 , .74 , 98.4 , 13.11 , 18 , 2.106 , 144.3 , 301 , 242 , 202 , 5409 ,-7 
 7.68 , .76 , 98.2 , 12.42 , 17 , 1.987 , 143.7 , 301 , 242 , 201 , 5409 ,-6.9 
 7.88 , .78 , 98.4 , 12.25 , 17 , 1.945 , 144.7 , 301 , 242 , 201 , 5403 ,-6.3 
 8.08 , .8 , 98.4 , 12.17 , 17 , 1.918 , 143.8 , 301 , 242 , 201 , 5402 ,-6.9 
 8.28 , .82 , 98.3 , 12.01 , 17 , 1.869 , 144.1 , 302 , 242 , 201 , 5404 ,-6.6 
 8.48 , .84 , 98.2 , 11.92 , 18 , 1.854 , 144.3 , 302 , 243 , 201 , 5401 ,-6.8 
 8.69 , .86 , 98.2 , 11.84 , 17 , 1.868 , 143.9 , 301 , 243 , 201 , 5402 ,-6.5 
 8.89 , .88 , 98.2 , 11.95 , 18 , 1.869 , 144.9 , 302 , 242 , 202 , 5405 ,-7 
 9.09 , .9 , 98.2 , 12.13 , 18 , 1.874 , 143.6 , 302 , 242 , 201 , 5403 ,-6.8 
 9.29 , .92 , 97.9 , 12.23 , 18 , 1.884 , 144.4 , 301 , 243 , 202 , 5404 ,-7 
 9.49 , .94 , 98.2 , 12.84 , 20 , 1.923 , 144.6 , 301 , 243 , 202 , 5403 ,-6.8 
 9.7 , .96 , 98.2 , 14.61 , 21 , 2.012 , 143.5 , 301 , 244 , 202 , 5402 ,-6.6 
 9.9 , .99 , 98.3 , 15.39 , 23 , 2.051 , 144.8 , 301 , 243 , 202 , 5404 ,-6.8 
 10.1 , 1.01 , 98.5 , 16.2 , 25 , 2.132 , 143.9 , 300 , 244 , 203 , 5404 ,-6.5 
 10.3 , 1.03 , 98.7 , 18.28 , 26 , 2.282 , 144.1 , 301 , 245 , 203 , 5405 ,-6.6 
 10.5 , 1.05 , 98.8 , 19.4 , 29 , 2.389 , 144.7 , 301 , 244 , 204 , 5403 ,-6.5 
 10.71 , 1.07 , 98.6 , 20.66 , 32 , 2.47 , 143.7 , 300 , 245 , 203 , 5401 ,-6.5 
 10.91 , 1.09 , 98.7 , 21.86 , 34 , 2.556 , 144.3 , 301 , 245 , 203 , 5404 ,-6.9 
 11.11 , 1.11 , 98.8 , 24.03 , 35 , 2.718 , 143.8 , 301 , 244 , 202 , 5407 ,-7.3 
 11.31 , 1.13 , 98.8 , 25.18 , 37 , 2.762 , 144 , 301 , 244 , 202 , 5402 ,-6.8 
 11.51 , 1.15 , 98.8 , 26.11 , 38 , 2.824 , 144.9 , 301 , 244 , 202 , 5405 ,-7 
 11.72 , 1.17 , 98.9 , 27.85 , 40 , 2.926 , 143.5 , 301 , 244 , 202 , 5402 ,-6.8 
 11.92 , 1.19 , 98.9 , 28.75 , 41 , 2.966 , 144.6 , 300 , 244 , 202 , 5406 ,-6.9 
 12.12 , 1.21 , 99.1 , 29.27 , 42 , 2.996 , 144.1 , 301 , 243 , 202 , 5402 ,-6.5 
 12.32 , 1.23 , 98.9 , 29.97 , 43 , 3.065 , 144 , 301 , 243 , 201 , 5404 ,-6.5 
 12.52 , 1.25 , 99.1 , 30.55 , 43 , 3.092 , 144.4 , 302 , 242 , 202 , 5408 ,-7 
 12.73 , 1.27 , 99 , 30.73 , 43 , 3.114 , 143.7 , 300 , 243 , 201 , 5402 ,-6.9 
 12.93 , 1.29 , 99.1 , 30.69 , 43 , 3.125 , 144.1 , 301 , 243 , 201 , 5401 ,-6.8 
 13.13 , 1.31 , 99.3 , 30.9 , 44 , 3.136 , 144.3 , 301 , 242 , 201 , 5403 ,-7 
 13.33 , 1.33 , 99.2 , 30.78 , 44 , 3.153 , 144.2 , 301 , 243 , 201 , 5404 ,-6.6 
 13.53 , 1.35 , 99.3 , 30.85 , 42 , 3.164 , 143.9 , 301 , 243 , 201 , 5404 ,-7 
 13.74 , 1.37 , 99.2 , 30.5 , 43 , 3.159 , 143.7 , 301 , 242 , 201 , 5405 ,-6.9 
 13.94 , 1.39 , 99.2 , 30.57 , 43 , 3.147 , 144.6 , 301 , 242 , 201 , 5408 ,-6.8 
 14.14 , 1.41 , 99.3 , 30.24 , 42 , 3.155 , 144.3 , 302 , 242 , 201 , 5404 ,-6.9 
 14.34 , 1.43 , 99.1 , 29.67 , 41 , 3.175 , 143.7 , 301 , 243 , 201 , 5405 ,-7 
 14.54 , 1.45 , 99 , 28.16 , 39 , 3.12 , 144.7 , 301 , 242 , 201 , 5402 ,-6.8 
 14.75 , 1.47 , 99 , 27.06 , 37 , 3.089 , 143.7 , 301 , 242 , 200 , 5403 ,-6.8 
 14.95 , 1.49 , 98.9 , 26.17 , 35 , 3.055 , 144.5 , 301 , 242 , 201 , 5404 ,-6.3 
 15.15 , 1.51 , 99 , 24.19 , 34 , 2.989 , 144.2 , 301 , 241 , 201 , 5406 ,-6.8 
 15.35 , 1.53 , 98.9 , 23.28 , 31 , 2.954 , 144.2 , 301 , 242 , 201 , 5405 ,-6.9 
 15.55 , 1.55 , 99 , 22.14 , 30 , 2.902 , 144.7 , 301 , 241 , 201 , 5402 ,-6.5 
 15.76 , 1.57 , 99 , 20.25 , 28 , 2.83 , 144 , 301 , 242 , 200 , 5405 ,-6.4 
 15.96 , 1.59 , 98.9 , 19.28 , 26 , 2.746 , 144.2 , 301 , 242 , 200 , 5404 ,-7.3 
 16.16 , 1.61 , 98.9 , 18.44 , 25 , 2.723 , 144.3 , 301 , 242 , 201 , 5405 ,-6.6 
 16.36 , 1.63 , 98.9 , 17.68 , 23 , 2.628 , 144.1 , 301 , 242 , 200 , 5405 ,-6.6 
 16.56 , 1.65 , 99 , 16.16 , 22 , 2.54 , 144.7 , 301 , 242 , 201 , 5405 ,-7.3 
 16.77 , 1.67 , 98.8 , 15.43 , 21 , 2.476 , 143.9 , 301 , 242 , 201 , 5404 ,-6.9 
 16.97 , 1.69 , 98.6 , 14.66 , 20 , 2.424 , 144.5 , 301 , 242 , 201 , 5402 ,-6.9 
 17.17 , 1.71 , 98.6 , 13.67 , 19 , 2.29 , 144.2 , 300 , 242 , 201 , 5406 ,-6.5 
 17.37 , 1.73 , 98.6 , 13.17 , 18 , 2.236 , 143.9 , 301 , 242 , 201 , 5407 ,-6.5 
 17.57 , 1.75 , 98.5 , 12.97 , 18 , 2.172 , 144.4 , 301 , 242 , 201 , 5406 ,-7 
 17.78 , 1.77 , 98.3 , 12.54 , 17 , 2.111 , 143.8 , 301 , 243 , 200 , 5403 ,-6.9 
 17.98 , 1.79 , 98.1 , 12.13 , 18 , 2.038 , 143.5 , 301 , 243 , 202 , 5403 ,-6.9 
 18.18 , 1.81 , 98.3 , 11.99 , 18 , 2.008 , 144.3 , 301 , 243 , 201 , 5402 ,-6.5 
 18.38 , 1.83 , 98.1 , 12.05 , 17 , 2.015 , 143.9 , 301 , 243 , 201 , 5404 ,-6.8 
 18.58 , 1.85 , 98.4 , 12.01 , 17 , 1.992 , 144.5 , 301 , 243 , 202 , 5404 ,-6.9 
 18.79 , 1.87 , 98.3 , 12.1 , 17 , 1.975 , 143.7 , 301 , 242 , 202 , 5404 ,-6.8 
 18.99 , 1.89 , 98.5 , 11.94 , 17 , 1.981 , 144.6 , 300 , 243 , 202 , 5406 ,-7.3 
 19.19 , 1.91 , 98.5 , 12.13 , 18 , 1.981 , 144.3 , 301 , 243 , 202 , 5403 ,-6.6 
 19.39 , 1.93 , 98.3 , 12.92 , 18 , 2.029 , 143.6 , 301 , 243 , 202 , 5403 ,-6.9 
 19.59 , 1.95 , 98.2 , 13.38 , 20 , 2.087 , 144.9 , 301 , 244 , 202 , 5406 ,-7.1 
 19.8 , 1.97 , 98.5 , 14.34 , 22 , 2.137 , 143.9 , 301 , 244 , 203 , 5407 ,-6.9 
 20 , 2 , 98.6 , 16.43 , 24 , 2.249 , 144.4 , 301 , 245 , 203 , 5405 ,-6.6 
 20.2 , 2.02 , 98.6 , 17.28 , 25 , 2.313 , 144.1 , 301 , 245 , 203 , 5402 ,-6.8 
 20.4 , 2.04 , 98.7 , 18.4 , 28 , 2.42 , 143.8 , 300 , 245 , 203 , 5403 ,-6.9 
 20.6 , 2.06 , 98.7 , 20.63 , 30 , 2.568 , 144.7 , 300 , 245 , 204 , 5403 ,-6.8 
 20.81 , 2.08 , 98.8 , 21.8 , 32 , 2.662 , 143.7 , 300 , 245 , 203 , 5405 ,-6.9 
 21.01 , 2.1 , 98.6 , 22.82 , 34 , 2.734 , 144.3 , 300 , 244 , 203 , 5402 ,-6.4 
 21.21 , 2.12 , 98.6 , 24.08 , 36 , 2.809 , 144.4 , 300 , 245 , 203 , 5405 ,-6.9 
 21.41 , 2.14 , 98.7 , 26.31 , 38 , 2.946 , 143.9 , 300 , 244 , 203 , 5402 ,-6.5 
 21.61 , 2.16 , 99.1 , 27.04 , 39 , 3.003 , 144.5 , 301 , 244 , 203 , 5405 ,-6.6 
 21.82 , 2.18 , 99.1 , 28.11 , 41 , 3.041 , 143.8 , 301 , 243 , 202 , 5406 ,-7 
 22.02 , 2.2 , 99.1 , 29.3 , 42 , 3.118 , 144.1 , 301 , 244 , 202 , 5404 ,-6.9 
 22.22 , 2.22 , 99.3 , 29.87 , 44 , 3.161 , 145 , 302 , 243 , 202 , 5405 ,-6.4 
 22.42 , 2.24 , 99.4 , 30.27 , 43 , 3.18 , 144 , 301 , 243 , 202 , 5402 ,-6.9 
 22.62 , 2.26 , 99.3 , 30.41 , 44 , 3.196 , 144.4 , 301 , 243 , 202 , 5404 ,-6.8 
 22.83 , 2.28 , 99.2 , 30.99 , 44 , 3.246 , 144.2 , 300 , 243 , 201 , 5404 ,-6.6 
 23.03 , 2.3 , 99.3 , 30.78 , 43 , 3.262 , 144.1 , 300 , 243 , 201 , 5405 ,-7.3 
 23.23 , 2.32 , 99.3 , 30.92 , 44 , 3.284 , 144.4 , 300 , 243 , 202 , 5404 ,-6.5 
 23.43 , 2.34 , 99.1 , 30.91 , 44 , 3.277 , 143.9 , 301 , 242 , 201 , 5406 ,-6.5 
 23.63 , 2.36 , 99.1 , 30.72 , 44 , 3.304 , 144.4 , 301 , 243 , 201 , 5403 ,-6.6 
 23.84 , 2.38 , 99.3 , 30.69 , 43 , 3.298 , 144 , 301 , 243 , 202 , 5406 ,-6.6 
 24.04 , 2.4 , 99.2 , 30.12 , 43 , 3.299 , 144.1 , 301 , 243 , 201 , 5404 ,-6.8 
 24.24 , 2.42 , 99.2 , 29.62 , 42 , 3.289 , 144.5 , 300 , 242 , 201 , 5404 ,-7.1 
 24.44 , 2.44 , 99.1 , 29.01 , 40 , 3.259 , 143.7 , 301 , 243 , 201 , 5407 ,-6.6 
 24.64 , 2.46 , 99.2 , 28.04 , 38 , 3.253 , 144.7 , 301 , 242 , 202 , 5407 ,-7 
 24.85 , 2.48 , 99.2 , 26.15 , 37 , 3.191 , 143.8 , 301 , 243 , 200 , 5401 ,-6.9 
 25.05 , 2.5 , 99.3 , 25.21 , 34 , 3.141 , 144.1 , 301 , 242 , 201 , 5406 ,-7 
 25.25 , 2.52 , 99 , 24.21 , 32 , 3.113 , 144.1 , 301 , 242 , 201 , 5404 ,-7 
 25.45 , 2.54 , 99.2 , 22.11 , 31 , 3.016 , 143.8 , 301 , 241 , 201 , 5406 ,-6.6 
 25.65 , 2.56 , 99.1 , 21.27 , 29 , 2.982 , 145 , 302 , 241 , 202 , 5405 ,-6.8 
 25.86 , 2.58 , 99.3 , 20.27 , 27 , 2.941 , 143.8 , 301 , 242 , 201 , 5405 ,-6.8 
 26.06 , 2.6 , 99.1 , 19.37 , 26 , 2.902 , 144.3 , 302 , 241 , 201 , 5404 ,-6.9 
 26.26 , 2.62 , 98.9 , 17.54 , 24 , 2.784 , 144.3 , 301 , 242 , 201 , 5404 ,-7 
 26.46 , 2.64 , 98.9 , 16.76 , 22 , 2.724 , 143.8 , 300 , 241 , 201 , 5404 ,-6.9 
 26.66 , 2.66 , 98.7 , 16 , 22 , 2.667 , 144.9 , 301 , 243 , 200 , 5403 ,-6.5 
 26.87 , 2.68 , 98.5 , 14.84 , 20 , 2.535 , 143.9 , 301 , 243 , 201 , 5403 ,-6.5 
 27.07 , 2.7 , 98.7 , 14.3 , 20 , 2.469 , 144.6 , 301 , 243 , 201 , 5404 ,-7 
 27.27 , 2.72 , 98.5 , 13.87 , 19 , 2.402 , 144.8 , 301 , 243 , 201 , 5406 ,-6.8 
 27.47 , 2.74 , 98.5 , 12.99 , 19 , 2.285 , 143.8 , 301 , 242 , 201 , 5404 ,-6.8 
 27.67 , 2.76 , 98.5 , 12.56 , 18 , 2.235 , 144.8 , 301 , 243 , 202 , 5405 ,-6.6 
 27.88 , 2.78 , 98.5 , 12.25 , 17 , 2.218 , 144.3 , 301 , 243 , 202 , 5403 ,-6.8 
 28.08 , 2.8 , 98.5 , 12.12 , 17 , 2.161 , 144.2 , 301 , 243 , 202 , 5403 ,-6.4 
 28.28 , 2.82 , 98.4 , 12.1 , 17 , 2.113 , 144.4 , 301 , 243 , 201 , 5404 ,-6.5 
 28.48 , 2.84 , 98.5 , 11.99 , 17 , 2.108 , 143.8 , 301 , 244 , 201 , 5405 ,-6.8 
 28.68 , 2.86 , 98.4 , 11.93 , 17 , 2.103 , 144.4 , 300 , 243 , 202 , 5406 ,-7.3 
 28.89 , 2.88 , 98.5 , 11.94 , 18 , 2.106 , 143.8 , 300 , 244 , 202 , 5406 ,-6.6 
 29.09 , 2.9 , 98.4 , 12.36 , 17 , 2.087 , 144.4 , 301 , 243 , 202 , 5404 ,-6.9 
 29.29 , 2.92 , 98.4 , 12.43 , 18 , 2.108 , 144.6 , 301 , 243 , 202 , 5405 ,-6.6 
 29.49 , 2.94 , 98.4 , 13.07 , 20 , 2.14 , 143.6 , 301 , 243 , 202 , 5404 ,-6.8 
 29.69 , 2.96 , 98.4 , 14.59 , 21 , 2.229 , 144.5 , 301 , 244 , 204 , 5402 ,-6.9 
 29.9 , 2.99 , 98.5 , 15.5 , 23 , 2.303 , 143.7 , 301 , 245 , 203 , 5404 ,-6.4 
 30.1 , 3.01 , 98.6 , 16.21 , 25 , 2.359 , 144.2 , 300 , 245 , 204 , 5402 ,-6.5 
 30.3 , 3.03 , 98.5 , 18.42 , 27 , 2.524 , 144.3 , 301 , 246 , 204 , 5404 ,-6.5 
 30.5 , 3.05 , 98.7 , 19.5 , 29 , 2.611 , 143.8 , 301 , 246 , 204 , 5405 ,-6.9 
 30.7 , 3.07 , 98.7 , 20.6 , 30 , 2.687 , 144.8 , 300 , 245 , 204 , 5402 ,-6.4 
 30.91 , 3.09 , 98.8 , 21.81 , 33 , 2.789 , 143.5 , 300 , 245 , 204 , 5403 ,-6.9 
 31.11 , 3.11 , 99.2 , 24.04 , 34 , 2.932 , 144.3 , 300 , 245 , 203 , 5407 ,-7.4 
 31.31 , 3.13 , 99.2 , 25.19 , 37 , 3.003 , 144.4 , 301 , 245 , 203 , 5403 ,-6.5 
 31.51 , 3.15 , 99.3 , 26.21 , 39 , 3.068 , 143.8 , 301 , 244 , 203 , 5405 ,-6.8 
 31.71 , 3.17 , 99.3 , 27.94 , 40 , 3.171 , 145 , 301 , 244 , 202 , 5405 ,-7.1 
 31.92 , 3.19 , 99.5 , 28.74 , 41 , 3.203 , 143.7 , 301 , 244 , 203 , 5403 ,-6.1 
 32.12 , 3.21 , 99.4 , 29.15 , 42 , 3.239 , 144.2 , 301 , 244 , 203 , 5404 ,-6.5 
 32.32 , 3.23 , 99.3 , 30.14 , 42 , 3.312 , 144.3 , 301 , 243 , 202 , 5402 ,-6.6 
 32.52 , 3.25 , 99.3 , 30.53 , 44 , 3.35 , 143.6 , 301 , 244 , 202 , 5403 ,-6.6 
 32.72 , 3.27 , 99.3 , 30.76 , 44 , 3.359 , 144.4 , 301 , 243 , 202 , 5404 ,-7 
 32.93 , 3.29 , 99.3 , 30.88 , 45 , 3.353 , 143.2 , 301 , 243 , 202 , 5405 ,-6.9 
 33.13 , 3.31 , 99.1 , 31 , 44 , 3.376 , 144.4 , 301 , 243 , 202 , 5406 ,-6.9 
 33.33 , 3.33 , 99.2 , 30.97 , 44 , 3.406 , 145 , 301 , 243 , 202 , 5405 ,-6.8 
 33.53 , 3.35 , 99.3 , 30.84 , 43 , 3.409 , 143.5 , 302 , 243 , 201 , 5401 ,-6.8 
 33.73 , 3.37 , 99.2 , 30.88 , 43 , 3.379 , 144.4 , 302 , 243 , 201 , 5405 ,-7 
 33.94 , 3.39 , 99.3 , 30.55 , 43 , 3.405 , 144 , 301 , 243 , 201 , 5403 ,-6.9 
 34.14 , 3.41 , 99.4 , 30.15 , 42 , 3.414 , 144.1 , 302 , 243 , 202 , 5405 ,-6.9 
 34.34 , 3.43 , 99.5 , 29.81 , 40 , 3.401 , 144.4 , 301 , 243 , 202 , 5405 ,-7.1 
 34.54 , 3.45 , 99.6 , 28.19 , 39 , 3.356 , 143.7 , 301 , 243 , 201 , 5402 ,-6.5 
 34.74 , 3.47 , 99.4 , 27.12 , 37 , 3.338 , 145 , 301 , 243 , 201 , 5404 ,-6.5 
 34.95 , 3.49 , 99.3 , 26.15 , 35 , 3.303 , 144.1 , 302 , 242 , 202 , 5407 ,-7.1 
 35.15 , 3.51 , 99.3 , 24.23 , 34 , 3.228 , 144 , 301 , 242 , 201 , 5403 ,-6.8 
 35.35 , 3.53 , 99.3 , 23.12 , 31 , 3.194 , 144.3 , 301 , 242 , 201 , 5406 ,-6.6 
 35.55 , 3.55 , 99.2 , 22.16 , 30 , 3.146 , 143.8 , 302 , 242 , 200 , 5404 ,-6.9 
 35.75 , 3.57 , 99.2 , 21.08 , 28 , 3.1 , 144.5 , 301 , 242 , 200 , 5404 ,-7 
 35.96 , 3.59 , 99.1 , 19.21 , 26 , 3.016 , 144.2 , 301 , 242 , 202 , 5405 ,-6.4 
 36.16 , 3.61 , 98.9 , 18.26 , 25 , 2.961 , 144.4 , 301 , 242 , 202 , 5406 ,-6.6 
 36.36 , 3.63 , 98.8 , 17.39 , 23 , 2.901 , 144.6 , 301 , 242 , 202 , 5409 ,-6.8 
 36.56 , 3.65 , 99.1 , 16.06 , 22 , 2.781 , 143.5 , 301 , 243 , 201 , 5405 ,-6.9 
 36.76 , 3.67 , 98.7 , 15.31 , 20 , 2.712 , 144.4 , 301 , 243 , 201 , 5405 ,-6.8 
 36.97 , 3.69 , 98.8 , 14.73 , 20 , 2.67 , 144.2 , 301 , 243 , 202 , 5402 ,-6.8 
 37.17 , 3.71 , 98.8 , 13.71 , 18 , 2.525 , 143.5 , 301 , 243 , 202 , 5405 ,-7 
 37.37 , 3.73 , 98.7 , 13.3 , 18 , 2.466 , 144.3 , 301 , 243 , 202 , 5404 ,-6.8 
 37.57 , 3.75 , 98.9 , 13 , 17 , 2.386 , 143.4 , 301 , 244 , 202 , 5405 ,-6.6 
 37.77 , 3.77 , 98.8 , 12.51 , 18 , 2.351 , 144.6 , 302 , 244 , 202 , 5405 ,-6.5 
 37.98 , 3.79 , 98.5 , 12.21 , 17 , 2.258 , 143.9 , 301 , 244 , 203 , 5404 ,-7 
 38.18 , 3.81 , 98.6 , 11.99 , 16 , 2.244 , 144.2 , 301 , 243 , 202 , 5406 ,-6.4 
 38.38 , 3.83 , 98.5 , 12.03 , 16 , 2.239 , 144.4 , 301 , 244 , 202 , 5401 ,-6.8 
 38.58 , 3.85 , 98.4 , 12.07 , 17 , 2.211 , 143.5 , 302 , 244 , 203 , 5406 ,-6.8 
 38.78 , 3.87 , 98.5 , 12.17 , 17 , 2.214 , 144.5 , 301 , 244 , 203 , 5404 ,-6.5 
 38.99 , 3.89 , 98.5 , 12 , 17 , 2.226 , 143.9 , 301 , 243 , 202 , 5406 ,-6.3 
 39.19 , 3.91 , 98.5 , 12.17 , 18 , 2.222 , 144.1 , 301 , 244 , 202 , 5406 ,-6.6 
 39.39 , 3.93 , 98.4 , 12.71 , 19 , 2.271 , 144.4 , 301 , 244 , 203 , 5402 ,-6.4 
 39.59 , 3.95 , 98.4 , 13.59 , 21 , 2.315 , 143.4 , 301 , 244 , 204 , 5404 ,-6.1 
 39.79 , 3.98 , 98.6 , 14.58 , 22 , 2.362 , 144.5 , 301 , 245 , 204 , 5406 ,-6.6 
 40 , 4 , 98.6 , 16.36 , 24 , 2.483 , 143.9 , 300 , 246 , 204 , 5405 ,-6.4 
 40.2 , 4.02 , 98.7 , 17.44 , 26 , 2.557 , 144.1 , 300 , 245 , 205 , 5407 ,-6.6 
 40.4 , 4.04 , 98.8 , 18.36 , 28 , 2.654 , 144.7 , 301 , 246 , 205 , 5404 ,-6.4 
 40.6 , 4.06 , 99.1 , 20.47 , 30 , 2.805 , 143.7 , 300 , 246 , 205 , 5404 ,-6.8 
 40.8 , 4.08 , 99.2 , 21.7 , 32 , 2.902 , 144.3 , 300 , 246 , 204 , 5404 ,-6.6 
 41.01 , 4.1 , 99.1 , 22.85 , 34 , 2.964 , 144.2 , 301 , 246 , 204 , 5402 ,-6.4 
 41.21 , 4.12 , 99.4 , 24.17 , 36 , 3.032 , 144 , 300 , 245 , 204 , 5403 ,-6.4 
 41.41 , 4.14 , 99.2 , 26.28 , 37 , 3.155 , 143.9 , 300 , 245 , 203 , 5404 ,-6 
 41.61 , 4.16 , 99.2 , 27.07 , 39 , 3.232 , 143.5 , 301 , 244 , 204 , 5405 ,-6.9 
 41.81 , 4.18 , 99.2 , 27.95 , 40 , 3.267 , 145.2 , 301 , 244 , 203 , 5403 ,-7 
 42.02 , 4.2 , 99.2 , 29.49 , 41 , 3.352 , 143.8 , 301 , 245 , 202 , 5406 ,-6.9 
 42.22 , 4.22 , 99.1 , 29.82 , 43 , 3.381 , 144.4 , 302 , 244 , 203 , 5405 ,-6.5 
 42.42 , 4.24 , 99.3 , 30.32 , 44 , 3.404 , 144.5 , 301 , 244 , 203 , 5405 ,-6.8 
 42.62 , 4.26 , 99.2 , 30.53 , 44 , 3.45 , 143.9 , 302 , 244 , 202 , 5405 ,-7.4 
 42.82 , 4.28 , 99.3 , 30.97 , 44 , 3.461 , 144.7 , 301 , 243 , 203 , 5403 ,-6.8 
 43.03 , 4.3 , 99.4 , 31.08 , 44 , 3.491 , 144.2 , 301 , 243 , 202 , 5404 ,-6.9 
 43.23 , 4.32 , 99.4 , 31.11 , 44 , 3.492 , 144.4 , 301 , 244 , 202 , 5402 ,-6.8 
 43.43 , 4.34 , 99.5 , 30.95 , 43 , 3.489 , 144.9 , 302 , 243 , 202 , 5402 ,-6.9 
 43.63 , 4.36 , 99.5 , 30.9 , 44 , 3.512 , 144.4 , 302 , 244 , 202 , 5403 ,-6.5 
 43.83 , 4.38 , 99.5 , 30.56 , 43 , 3.53 , 144.3 , 301 , 243 , 202 , 5407 ,-7.1 
 44.04 , 4.4 , 99.5 , 30.22 , 42 , 3.513 , 144 , 301 , 243 , 203 , 5406 ,-6.9 
 44.24 , 4.42 , 99.6 , 29.71 , 41 , 3.514 , 143.9 , 302 , 243 , 202 , 5404 ,-6.8 
 44.44 , 4.44 , 99.5 , 29.07 , 40 , 3.484 , 144.6 , 301 , 243 , 202 , 5405 ,-6.9 
 44.64 , 4.46 , 99.4 , 28.15 , 38 , 3.454 , 143.5 , 302 , 243 , 202 , 5407 ,-6.5 
 44.84 , 4.48 , 99.2 , 26.14 , 36 , 3.401 , 144.6 , 301 , 242 , 202 , 5405 ,-6.5 
 45.05 , 4.5 , 99.2 , 25.17 , 35 , 3.37 , 144 , 302 , 242 , 202 , 5405 ,-6.8 
 45.25 , 4.52 , 99.2 , 24.2 , 32 , 3.333 , 143.8 , 301 , 243 , 201 , 5405 ,-7.1 
 45.45 , 4.54 , 99 , 22.19 , 31 , 3.249 , 144.5 , 301 , 242 , 201 , 5405 ,-6.6 
 45.65 , 4.56 , 99.2 , 21.16 , 29 , 3.21 , 143.2 , 301 , 243 , 201 , 5404 ,-6.4 
 45.85 , 4.58 , 99.2 , 20.28 , 27 , 3.147 , 144.1 , 301 , 242 , 201 , 5405 ,-6.4 
 46.06 , 4.6 , 99.1 , 19.27 , 26 , 3.109 , 144.3 , 301 , 243 , 202 , 5402 ,-6.5 
 46.26 , 4.62 , 99.3 , 17.65 , 24 , 2.985 , 143.8 , 301 , 242 , 201 , 5405 ,-6.6 
 46.46 , 4.64 , 99.2 , 16.71 , 22 , 2.948 , 144.4 , 301 , 243 , 202 , 5404 ,-6.9 
 46.66 , 4.66 , 99.1 , 16.02 , 22 , 2.881 , 143.6 , 301 , 243 , 202 , 5407 ,-6.5 
 46.86 , 4.68 , 99.1 , 14.67 , 21 , 2.728 , 144.8 , 302 , 244 , 202 , 5404 ,-6.8 
 47.07 , 4.7 , 98.8 , 14.27 , 20 , 2.68 , 144.3 , 302 , 244 , 202 , 5404 ,-6.6 
 47.27 , 4.72 , 99 , 13.56 , 18 , 2.636 , 143.6 , 301 , 244 , 202 , 5403 ,-6.9 
 47.47 , 4.74 , 98.7 , 12.94 , 18 , 2.489 , 144.7 , 301 , 244 , 203 , 5404 ,-6.4 
 47.67 , 4.76 , 98.6 , 12.51 , 18 , 2.452 , 143.8 , 301 , 243 , 202 , 5405 ,-6.6 
 47.87 , 4.78 , 98.6 , 12.39 , 16 , 2.413 , 144.7 , 301 , 244 , 202 , 5406 ,-6.6 
 48.08 , 4.8 , 98.6 , 12.03 , 17 , 2.388 , 144.6 , 301 , 244 , 203 , 5404 ,-7 
 48.28 , 4.82 , 98.5 , 12.01 , 16 , 2.322 , 143.9 , 301 , 244 , 203 , 5403 ,-6.8 
 48.48 , 4.84 , 98.6 , 11.89 , 17 , 2.325 , 144.4 , 301 , 244 , 202 , 5402 ,-6.9 
 48.68 , 4.86 , 98.5 , 12.23 , 16 , 2.309 , 144 , 301 , 244 , 203 , 5401 ,-6.4 
 48.88 , 4.88 , 98.5 , 12.05 , 18 , 2.325 , 143.9 , 301 , 244 , 203 , 5404 ,-6.4 
 49.09 , 4.9 , 98.5 , 12.39 , 17 , 2.296 , 144.4 , 301 , 244 , 203 , 5405 ,-7 
 49.29 , 4.92 , 98.7 , 12.3 , 18 , 2.322 , 144 , 301 , 243 , 203 , 5402 ,-7 
 49.49 , 4.94 , 98.8 , 12.97 , 20 , 2.346 , 144.6 , 301 , 244 , 203 , 5403 ,-6.6 
 49.69 , 4.97 , 98.7 , 14.56 , 22 , 2.436 , 143.9 , 301 , 245 , 204 , 5405 ,-6.8 
 49.89 , 4.99 , 99 , 15.45 , 23 , 2.515 , 144 , 301 , 245 , 204 , 5406 ,-7.1 
 50.1 , 5.01 , 98.8 , 16.41 , 24 , 2.583 , 144.5 , 300 , 246 , 205 , 5403 ,-6.8 
 50.3 , 5.03 , 98.8 , 18.26 , 27 , 2.727 , 143.5 , 300 , 246 , 205 , 5405 ,-7.4 
 50.5 , 5.05 , 98.8 , 19.33 , 28 , 2.81 , 144.7 , 300 , 246 , 205 , 5401 ,-6.8 
 50.7 , 5.07 , 99 , 20.64 , 31 , 2.925 , 144 , 300 , 246 , 204 , 5403 ,-7 
 50.9 , 5.09 , 98.8 , 21.84 , 33 , 3.001 , 144.5 , 301 , 246 , 205 , 5405 ,-6.9 
 51.11 , 5.11 , 99 , 24.13 , 36 , 3.153 , 144.4 , 301 , 246 , 204 , 5403 ,-6.8 
 51.31 , 5.13 , 99.1 , 25.17 , 37 , 3.216 , 143.8 , 300 , 245 , 204 , 5405 ,-6.6 
 51.51 , 5.15 , 99.3 , 26.24 , 38 , 3.274 , 144.3 , 301 , 245 , 204 , 5403 ,-6.8 
 51.71 , 5.17 , 99.3 , 28.07 , 40 , 3.371 , 144 , 301 , 245 , 204 , 5403 ,-6.9 
 51.91 , 5.19 , 99.4 , 28.75 , 42 , 3.43 , 144 , 301 , 245 , 203 , 5403 ,-6.8 
 52.12 , 5.21 , 99.5 , 29.19 , 44 , 3.476 , 145 , 302 , 244 , 203 , 5405 ,-6.9 
 52.32 , 5.23 , 99.4 , 30.13 , 42 , 3.517 , 143.7 , 301 , 244 , 203 , 5407 ,-7 
 52.52 , 5.25 , 99.5 , 30.57 , 44 , 3.537 , 144.3 , 300 , 244 , 203 , 5405 ,-6.4 
 52.72 , 5.27 , 99.6 , 30.87 , 44 , 3.566 , 144.1 , 301 , 244 , 202 , 5403 ,-6.5 
 52.92 , 5.29 , 99.5 , 30.87 , 43 , 3.588 , 143.8 , 302 , 244 , 203 , 5409 ,-7.5 
 53.13 , 5.31 , 99.5 , 30.81 , 44 , 3.597 , 144.8 , 302 , 244 , 203 , 5406 ,-6.6 
 53.33 , 5.33 , 99.5 , 31.14 , 44 , 3.594 , 143.8 , 301 , 244 , 203 , 5405 ,-6.4 
 53.53 , 5.35 , 99.5 , 31.03 , 44 , 3.611 , 144.4 , 301 , 244 , 202 , 5402 ,-6.8 
 53.73 , 5.37 , 99.3 , 30.87 , 44 , 3.589 , 144.7 , 302 , 243 , 202 , 5406 ,-6.6 
 53.93 , 5.39 , 99.3 , 30.72 , 43 , 3.611 , 143.8 , 301 , 243 , 202 , 5402 ,-7 
 54.14 , 5.41 , 99.5 , 30.21 , 42 , 3.611 , 144.6 , 301 , 243 , 203 , 5406 ,-7 
 54.34 , 5.43 , 99.3 , 29.73 , 40 , 3.599 , 143.1 , 300 , 243 , 201 , 5407 ,-6.8 
 54.54 , 5.45 , 99.5 , 28.16 , 39 , 3.576 , 144.1 , 302 , 243 , 202 , 5403 ,-6.9 
 54.74 , 5.47 , 99.5 , 27.24 , 37 , 3.534 , 144.4 , 301 , 243 , 202 , 5404 ,-5.9 
 54.94 , 5.49 , 99.5 , 26.29 , 35 , 3.507 , 143.8 , 300 , 243 , 202 , 5406 ,-7 
 55.15 , 5.51 , 99.6 , 24.19 , 33 , 3.416 , 144.5 , 302 , 243 , 203 , 5402 ,-6.8 
 55.35 , 5.53 , 99.6 , 23.17 , 32 , 3.386 , 143.6 , 302 , 242 , 202 , 5406 ,-6.9 
 55.55 , 5.55 , 99.4 , 22.05 , 29 , 3.357 , 144.1 , 302 , 243 , 202 , 5404 ,-6.4 
 55.75 , 5.57 , 99.4 , 21.02 , 27 , 3.307 , 144.7 , 301 , 243 , 202 , 5406 ,-6.1 
 55.95 , 5.59 , 99.3 , 19.04 , 26 , 3.215 , 143.8 , 301 , 243 , 202 , 5405 ,-6.8 
 56.16 , 5.61 , 99.2 , 18.33 , 25 , 3.136 , 144.5 , 301 , 243 , 202 , 5407 ,-6.3 
 56.36 , 5.63 , 99.3 , 17.68 , 24 , 3.11 , 143.9 , 301 , 243 , 203 , 5407 ,-6.6 
 56.56 , 5.65 , 99 , 16.19 , 22 , 2.991 , 144.2 , 302 , 244 , 202 , 5406 ,-6.3 
 56.76 , 5.67 , 99.2 , 15.6 , 22 , 2.906 , 144.4 , 301 , 243 , 203 , 5404 ,-7 
 56.96 , 5.69 , 98.8 , 14.94 , 20 , 2.856 , 143.4 , 301 , 244 , 203 , 5406 ,-6.8 
 57.17 , 5.71 , 98.8 , 13.86 , 19 , 2.718 , 144.4 , 301 , 244 , 203 , 5403 ,-6.6 
 57.37 , 5.73 , 98.7 , 13.2 , 19 , 2.65 , 144.3 , 301 , 244 , 203 , 5401 ,-6.8 
 57.57 , 5.75 , 98.8 , 12.7 , 18 , 2.595 , 143.9 , 301 , 244 , 203 , 5405 ,-6.4 
 57.77 , 5.77 , 98.8 , 12.5 , 17 , 2.551 , 144.5 , 301 , 244 , 203 , 5405 ,-6.6 
 57.97 , 5.79 , 98.7 , 12.13 , 17 , 2.451 , 143.8 , 301 , 245 , 203 , 5405 ,-7 
 58.18 , 5.81 , 98.9 , 12.03 , 17 , 2.454 , 144.8 , 301 , 245 , 202 , 5405 ,-6.9 
 58.38 , 5.83 , 98.8 , 11.96 , 17 , 2.417 , 144.1 , 301 , 245 , 203 , 5403 ,-6.5 
 58.58 , 5.85 , 98.8 , 11.95 , 18 , 2.419 , 144 , 302 , 244 , 204 , 5403 ,-6.8 
 58.78 , 5.87 , 98.6 , 12 , 17 , 2.401 , 144.5 , 301 , 245 , 204 , 5404 ,-7 
 58.98 , 5.89 , 98.6 , 12.01 , 17 , 2.416 , 143.6 , 301 , 245 , 203 , 5406 ,-6.4 
 59.19 , 5.91 , 98.5 , 12.19 , 18 , 2.378 , 144.5 , 301 , 245 , 203 , 5405 ,-6.6 
 59.39 , 5.93 , 98.4 , 12.87 , 19 , 2.45 , 144.5 , 301 , 244 , 204 , 5408 ,-6.8 
 59.59 , 5.96 , 98.5 , 13.62 , 20 , 2.48 , 144.2 , 301 , 246 , 204 , 5404 ,-6.8 
 59.79 , 5.98 , 98.5 , 14.31 , 22 , 2.556 , 144.6 , 301 , 246 , 204 , 5405 ,-6.9 
 59.99 , 6 , 98.7 , 16.37 , 24 , 2.682 , 143.4 , 301 , 246 , 205 , 5404 ,-6.8 
