时间(S)	轴位移(mm)	力(kN)	力(kPa)	变形(mm)	 侧位移(mm)	围压(kPa)	孔压(kPa)	反压(kPa)	体变(kPa)	小体变(ml)
0.0	 91.9 	 8.18 	 116 	-7.698 	 0 	 299 	 240 	 178 	 5215 	-6.8 
 .5 	 92.3 	 8.27 	 .12 	-7.709 	 140 	 300 	 240 	 178 	 5214 	-7.1 
 1 	 92.3 	 8.25 	 .11 	-7.708 	 139 	 299 	 240 	 179 	 5219 	-6.3 
 1.5 	 92.4 	 8.21 	 .12 	-7.7 	 140 	 299 	 240 	 178 	 5219 	-6.9 
 2 	 92.1 	 8.3 	 .12 	-7.706 	 139 	 299 	 241 	 179 	 5217 	-6.5 
 2.5 	 92.5 	 8.27 	 .12 	-7.712 	 139 	 299 	 241 	 179 	 5216 	-7.1 
 3 	 92.1 	 8.46 	 .12 	-7.699 	 140 	 299 	 241 	 179 	 5215 	-7 
 3.5 	 92.5 	 8.25 	 .12 	-7.691 	 139 	 300 	 240 	 179 	 5217 	-6.5 
 4 	 92.2 	 8.4 	 .12 	-7.703 	 140 	 299 	 241 	 179 	 5213 	-6.6 
 4.5 	 92.1 	 8.47 	 .11 	-7.692 	 140 	 299 	 241 	 178 	 5215 	-6.3 
 5 	 92.3 	 8.43 	 .12 	-7.698 	 139 	 300 	 240 	 180 	 5216 	-6.8 
 5.5 	 92.1 	 8.61 	 .13 	-7.701 	 140 	 299 	 241 	 179 	 5217 	-7 
 6 	 92.2 	 8.6 	 .13 	-7.69 	 139 	 300 	 241 	 179 	 5211 	-6.3 
 6.5 	 92.2 	 8.7 	 .13 	-7.671 	 140 	 300 	 242 	 179 	 5218 	-6.9 
 7 	 92.2 	 8.89 	 .13 	-7.688 	 139 	 300 	 242 	 179 	 5217 	-6.6 
 7.5 	 92.5 	 9.17 	 .13 	-7.703 	 139 	 299 	 242 	 180 	 5218 	-6.9 
 8 	 92.2 	 9.09 	 .12 	-7.681 	 139 	 300 	 242 	 181 	 5214 	-6.8 
 8.5 	 92.2 	 9.48 	 .14 	-7.677 	 139 	 299 	 243 	 180 	 5217 	-6.8 
 9 	 92.2 	 9.72 	 .14 	-7.684 	 140 	 299 	 244 	 182 	 5215 	-6.6 
 9.5 	 92.2 	 9.87 	 .14 	-7.697 	 139 	 300 	 243 	 182 	 5215 	-6.5 
 10 	 92.4 	 10.05 	 .14 	-7.694 	 139 	 299 	 244 	 182 	 5219 	-6.6 
 10.5 	 92.3 	 10.25 	 .14 	-7.684 	 140 	 300 	 244 	 183 	 5217 	-6.5 
 11 	 92.4 	 10.11 	 .15 	-7.673 	 139 	 301 	 244 	 183 	 5214 	-6.9 
 11.5 	 92.4 	 10.33 	 .14 	-7.682 	 139 	 300 	 244 	 183 	 5217 	-7.1 
 12 	 92.1 	 10.29 	 .15 	-7.694 	 140 	 300 	 244 	 183 	 5214 	-7.1 
 12.5 	 92.3 	 10.33 	 .15 	-7.707 	 140 	 301 	 245 	 182 	 5217 	-7 
 13 	 92.3 	 10.32 	 .15 	-7.676 	 140 	 300 	 245 	 183 	 5217 	-6.8 
 13.5 	 92.3 	 10.09 	 .14 	-7.673 	 140 	 300 	 245 	 183 	 5216 	-6.8 
 14 	 92.6 	 10.31 	 .15 	-7.678 	 140 	 301 	 245 	 183 	 5220 	-6.8 
 14.5 	 92.3 	 10.36 	 .14 	-7.666 	 140 	 300 	 245 	 183 	 5218 	-6.4 
 15 	 92.5 	 10.06 	 .14 	-7.674 	 139 	 300 	 245 	 183 	 5215 	-6.8 
 15.5 	 92.4 	 10.03 	 .14 	-7.679 	 140 	 300 	 245 	 183 	 5218 	-6.9 
 16 	 92.4 	 9.89 	 .14 	-7.684 	 139 	 301 	 244 	 183 	 5216 	-6.3 
 16.5 	 92.6 	 9.96 	 .14 	-7.659 	 140 	 301 	 244 	 183 	 5217 	-6.9 
 17 	 92.2 	 9.57 	 .14 	-7.669 	 140 	 300 	 244 	 183 	 5216 	-6.5 
 17.5 	 92.6 	 9.5 	 .13 	-7.66 	 140 	 300 	 245 	 183 	 5218 	-6.6 
 18 	 92.4 	 9.47 	 .13 	-7.675 	 140 	 301 	 244 	 183 	 5219 	-6.8 
 18.5 	 92.4 	 9.44 	 .14 	-7.68 	 140 	 301 	 244 	 182 	 5216 	-6.9 
 19 	 92.3 	 9.16 	 .13 	-7.66 	 140 	 301 	 243 	 181 	 5216 	-7 
 19.5 	 92.3 	 9 	 .13 	-7.684 	 139 	 301 	 244 	 182 	 5216 	-6.5 
 20 	 92.5 	 8.85 	 .13 	-7.667 	 140 	 301 	 243 	 182 	 5218 	-6.5 
 20.5 	 92.3 	 8.88 	 .13 	-7.674 	 140 	 301 	 243 	 182 	 5217 	-6.6 
 21 	 92.3 	 8.69 	 .12 	-7.682 	 139 	 301 	 243 	 182 	 5215 	-6.4 
 21.5 	 92.4 	 8.68 	 .12 	-7.673 	 140 	 301 	 243 	 181 	 5218 	-6.6 
 22 	 92 	 8.73 	 .11 	-7.663 	 140 	 300 	 243 	 181 	 5216 	-6.5 
 22.5 	 92.3 	 8.52 	 .11 	-7.661 	 140 	 301 	 243 	 180 	 5217 	-6.6 
 23 	 92.2 	 8.54 	 .12 	-7.664 	 140 	 300 	 242 	 181 	 5217 	-6.4 
 23.5 	 92.2 	 8.62 	 .12 	-7.69 	 139 	 301 	 242 	 181 	 5215 	-6.4 
 24 	 92.5 	 8.46 	 .12 	-7.658 	 140 	 301 	 243 	 181 	 5216 	-6.9 
 24.5 	 92 	 8.45 	 .12 	-7.669 	 140 	 301 	 242 	 181 	 5218 	-6.3 
 25 	 92.4 	 8.51 	 .12 	-7.696 	 139 	 300 	 242 	 181 	 5216 	-6.6 
 25.5 	 92.4 	 8.5 	 .12 	-7.685 	 140 	 301 	 242 	 180 	 5217 	-6.4 
 26 	 92.3 	 8.42 	 .12 	-7.684 	 139 	 300 	 242 	 181 	 5215 	-7 
 26.5 	 92.1 	 8.54 	 .12 	-7.664 	 140 	 300 	 242 	 181 	 5216 	-6.6 
 27 	 92.2 	 8.46 	 .12 	-7.672 	 140 	 300 	 241 	 180 	 5218 	-6.5 
 27.5 	 92.4 	 8.32 	 .12 	-7.673 	 139 	 300 	 243 	 181 	 5221 	-7.1 
 28 	 92.3 	 8.49 	 .12 	-7.677 	 140 	 301 	 243 	 182 	 5216 	-6.8 
 28.5 	 92.3 	 8.45 	 .11 	-7.686 	 139 	 300 	 242 	 181 	 5217 	-6.6 
 29 	 92.4 	 8.42 	 .12 	-7.661 	 140 	 300 	 242 	 181 	 5219 	-6.9 
 29.5 	 92.1 	 8.4 	 .12 	-7.686 	 140 	 300 	 242 	 181 	 5217 	-6.8 
 30 	 92.3 	 8.34 	 .11 	-7.656 	 140 	 300 	 243 	 180 	 5218 	-7.4 
 30.5 	 92.1 	 8.36 	 .12 	-7.675 	 140 	 301 	 242 	 181 	 5219 	-7 
 31 	 92.4 	 8.47 	 .12 	-7.676 	 139 	 300 	 241 	 182 	 5215 	-6.9 
 31.5 	 92.4 	 8.58 	 .12 	-7.667 	 140 	 300 	 242 	 181 	 5217 	-6.9 
 32 	 92.1 	 8.46 	 .12 	-7.683 	 139 	 300 	 242 	 181 	 5216 	-6.5 
 32.5 	 92.4 	 8.45 	 .12 	-7.67 	 139 	 300 	 242 	 181 	 5216 	-6.5 
 33 	 92.3 	 8.43 	 .12 	-7.693 	 140 	 300 	 242 	 181 	 5219 	-6.4 
 33.5 	 92.5 	 8.4 	 .12 	-7.673 	 139 	 300 	 242 	 181 	 5219 	-6.8 
 34 	 92.5 	 8.45 	 .12 	-7.688 	 140 	 300 	 242 	 181 	 5218 	-7.3 
 34.5 	 92.2 	 8.38 	 .12 	-7.684 	 140 	 301 	 241 	 181 	 5222 	-6.6 
 35 	 92.5 	 8.46 	 .12 	-7.691 	 140 	 300 	 242 	 181 	 5219 	-6.9 
 35.5 	 92.1 	 8.32 	 .13 	-7.689 	 140 	 300 	 241 	 181 	 5218 	-6.8 
 36 	 92.6 	 8.44 	 .12 	-7.683 	 139 	 300 	 241 	 181 	 5220 	-6.1 
 36.5 	 92.2 	 8.52 	 .12 	-7.675 	 140 	 300 	 236 	 180 	 5221 	-6.6 
 37 	 92.5 	 8.36 	 .12 	-7.665 	 139 	 300 	 233 	 178 	 5228 	-6.8 
 37.5 	 92.5 	 8.55 	 .12 	-7.67 	 140 	 299 	 233 	 174 	 5242 	-6.9 
 38 	 92.2 	 8.36 	 .12 	-7.662 	 140 	 299 	 232 	 174 	 5246 	-6.5 
 38.5 	 92.6 	 8.33 	 .12 	-7.686 	 139 	 299 	 232 	 172 	 5250 	-6.6 
 39 	 92.2 	 8.26 	 .11 	-7.659 	 141 	 300 	 232 	 172 	 5252 	-6.9 
 39.5 	 92.6 	 8.28 	 .12 	-7.674 	 140 	 300 	 233 	 172 	 5251 	-6.1 
 40 	 92.5 	 8.09 	 .11 	-7.669 	 140 	 300 	 232 	 172 	 5253 	-6.8 
 40.5 	 92.2 	 8 	 .11 	-7.661 	 139 	 301 	 233 	 171 	 5252 	-6.5 
 41 	 92.7 	 7.98 	 .11 	-7.663 	 140 	 300 	 233 	 171 	 5256 	-6.8 
 41.5 	 92 	 7.79 	 .11 	-7.694 	 140 	 301 	 232 	 172 	 5252 	-6.4 
 42 	 92.7 	 7.4 	 .11 	-7.662 	 139 	 300 	 232 	 171 	 5255 	-6.8 
 42.5 	 92.4 	 7.48 	 .1 	-7.669 	 140 	 300 	 232 	 172 	 5254 	-6.6 
 43 	 92.2 	 7.43 	 .1 	-7.67 	 140 	 301 	 232 	 171 	 5253 	-6.9 
 43.5 	 92.5 	 7.15 	 .1 	-7.66 	 140 	 300 	 232 	 172 	 5254 	-7 
 44 	 92.3 	 7.2 	 .11 	-7.678 	 139 	 301 	 232 	 171 	 5253 	-6.8 
 44.5 	 92.3 	 7.03 	 .1 	-7.656 	 140 	 301 	 232 	 171 	 5254 	-7 
 45 	 92.1 	 7.16 	 .1 	-7.677 	 140 	 300 	 232 	 171 	 5252 	-6.8 
 45.5 	 92.3 	 7.27 	 .1 	-7.664 	 139 	 301 	 232 	 172 	 5253 	-6.6 
 46 	 92.3 	 6.98 	 .1 	-7.674 	 140 	 300 	 232 	 172 	 5253 	-6.6 
 46.5 	 92.1 	 7.08 	 .1 	-7.687 	 140 	 301 	 232 	 171 	 5249 	-6.8 
 47 	 92.5 	 7.21 	 .11 	-7.654 	 140 	 301 	 231 	 172 	 5251 	-6.8 
 47.5 	 92.1 	 7.2 	 .1 	-7.685 	 140 	 300 	 232 	 172 	 5255 	-6.8 
 48 	 92.4 	 7.23 	 .11 	-7.68 	 140 	 301 	 232 	 172 	 5250 	-6.3 
 48.5 	 92 	 7.35 	 .11 	-7.674 	 140 	 300 	 232 	 171 	 5252 	-6.5 
 49 	 92.2 	 7.44 	 .11 	-7.673 	 139 	 300 	 232 	 172 	 5249 	-6.5 
 49.5 	 92.3 	 7.56 	 .1 	-7.678 	 140 	 300 	 232 	 172 	 5250 	-6.8 
 50 	 92 	 7.59 	 .11 	-7.699 	 140 	 300 	 233 	 172 	 5255 	-6.8 
 50.5 	 92.3 	 7.73 	 .11 	-7.667 	 140 	 299 	 232 	 172 	 5252 	-6.9 
 51 	 92.2 	 7.97 	 .11 	-7.654 	 140 	 300 	 232 	 173 	 5255 	-6.9 
 51.5 	 92.2 	 7.84 	 .11 	-7.674 	 140 	 300 	 232 	 172 	 5252 	-7.1 
 52 	 92.3 	 8.06 	 .11 	-7.682 	 140 	 300 	 232 	 172 	 5252 	-6.8 
 52.5 	 92 	 7.93 	 .11 	-7.673 	 140 	 299 	 232 	 172 	 5252 	-6.3 
 53 	 92.6 	 8.02 	 .12 	-7.671 	 140 	 300 	 232 	 172 	 5251 	-6.8 
 53.5 	 92 	 8.17 	 .11 	-7.678 	 140 	 300 	 233 	 172 	 5253 	-7 
 54 	 92.4 	 8.18 	 .11 	-7.698 	 139 	 300 	 232 	 172 	 5250 	-6.3 
 54.5 	 92.1 	 8.12 	 .11 	-7.684 	 140 	 299 	 232 	 172 	 5255 	-7.5 
 55 	 92.1 	 8.12 	 .12 	-7.684 	 140 	 299 	 233 	 173 	 5253 	-7 
 55.5 	 92.4 	 8.3 	 .11 	-7.676 	 140 	 299 	 232 	 173 	 5252 	-6.5 
 56 	 92.1 	 8.31 	 .12 	-7.674 	 140 	 299 	 233 	 173 	 5253 	-6.4 
 56.5 	 92.5 	 8.29 	 .12 	-7.677 	 140 	 299 	 233 	 173 	 5252 	-6.9 
 57 	 92 	 8.26 	 .11 	-7.694 	 140 	 299 	 233 	 173 	 5252 	-6.3 
 57.5 	 92.3 	 8.36 	 .12 	-7.682 	 139 	 299 	 233 	 173 	 5254 	-6.5 
 58 	 92.3 	 8.32 	 .11 	-7.675 	 140 	 299 	 233 	 173 	 5253 	-7.1 
 58.5 	 92 	 8.37 	 .12 	-7.69 	 139 	 300 	 233 	 172 	 5255 	-6.9 
 59 	 92.6 	 8.53 	 .12 	-7.689 	 140 	 299 	 233 	 173 	 5254 	-6.6 
 59.5 	 92 	 8.41 	 .12 	-7.685 	 140 	 300 	 233 	 172 	 5253 	-7.3 
 60 	 92.4 	 8.38 	 .12 	-7.693 	 140 	 300 	 233 	 173 	 5252 	-6.9 
 60.5 	 92.4 	 8.51 	 .12 	-7.678 	 140 	 299 	 233 	 172 	 5255 	-7 
 61 	 92.2 	 8.22 	 .13 	-7.675 	 139 	 299 	 233 	 173 	 5252 	-7.1 
 61.5 	 92.2 	 8.37 	 .12 	-7.673 	 140 	 299 	 233 	 172 	 5251 	-7 
 62 	 92.3 	 8.67 	 .12 	-7.695 	 140 	 300 	 232 	 174 	 5252 	-6.5 
 62.5 	 92.4 	 8.57 	 .12 	-7.685 	 139 	 300 	 233 	 173 	 5252 	-7.1 
 63 	 92.1 	 8.64 	 .12 	-7.682 	 140 	 300 	 232 	 174 	 5251 	-7.1 
 63.5 	 92.4 	 8.63 	 .12 	-7.667 	 139 	 300 	 232 	 173 	 5251 	-6.8 
 64 	 92.2 	 8.72 	 .12 	-7.674 	 140 	 300 	 233 	 173 	 5253 	-6.8 
 64.5 	 92.2 	 8.75 	 .12 	-7.676 	 139 	 300 	 233 	 173 	 5252 	-6.9 
 65 	 92.4 	 8.91 	 .13 	-7.685 	 140 	 300 	 233 	 173 	 5255 	-6.5 
 65.5 	 92.2 	 8.97 	 .13 	-7.69 	 140 	 300 	 233 	 173 	 5257 	-6.9 
 66 	 92.7 	 8.83 	 .13 	-7.683 	 139 	 301 	 233 	 173 	 5257 	-6.9 
 66.5 	 92.2 	 8.98 	 .13 	-7.675 	 140 	 300 	 233 	 173 	 5255 	-6.6 
 67 	 92.3 	 8.99 	 .12 	-7.692 	 139 	 300 	 233 	 173 	 5256 	-7.1 
 67.5 	 92.4 	 9 	 .13 	-7.694 	 140 	 300 	 233 	 173 	 5256 	-7 
 68 	 92.3 	 9.04 	 .12 	-7.691 	 140 	 300 	 233 	 174 	 5254 	-6.3 
 68.5 	 92.5 	 8.95 	 .13 	-7.675 	 140 	 300 	 233 	 173 	 5255 	-7 
 69 	 92.2 	 9.15 	 .13 	-7.683 	 140 	 300 	 233 	 173 	 5255 	-6.8 
 69.5 	 92.5 	 9.15 	 .13 	-7.667 	 139 	 301 	 234 	 173 	 5255 	-7 
 70 	 92.4 	 9.1 	 .13 	-7.665 	 140 	 300 	 233 	 173 	 5254 	-6.5 
 70.5 	 92.2 	 9.37 	 .13 	-7.667 	 140 	 300 	 233 	 174 	 5256 	-6.3 
 71 	 92.5 	 9.41 	 .13 	-7.696 	 139 	 300 	 233 	 173 	 5256 	-6.8 
 71.5 	 92.3 	 9.75 	 .13 	-7.685 	 140 	 300 	 233 	 174 	 5254 	-7 
 72 	 92.4 	 9.68 	 .14 	-7.67 	 140 	 300 	 233 	 174 	 5257 	-6.5 
 72.5 	 92.2 	 9.78 	 .14 	-7.669 	 140 	 300 	 233 	 173 	 5259 	-7 
 73 	 92.4 	 9.77 	 .14 	-7.671 	 139 	 300 	 234 	 174 	 5259 	-7.1 
 73.5 	 92.3 	 9.65 	 .15 	-7.651 	 140 	 300 	 233 	 174 	 5260 	-6.9 
 74 	 92.3 	 9.96 	 .15 	-7.677 	 140 	 300 	 233 	 173 	 5259 	-7 
 74.5 	 92.5 	 9.88 	 .14 	-7.681 	 140 	 301 	 234 	 173 	 5260 	-6.8 
 75 	 92.2 	 9.89 	 .14 	-7.665 	 140 	 300 	 233 	 174 	 5261 	-7 
 75.5 	 92.5 	 10.05 	 .14 	-7.669 	 140 	 300 	 232 	 173 	 5260 	-6.8 
 76 	 92.3 	 10.05 	 .14 	-7.672 	 140 	 302 	 234 	 174 	 5262 	-7 
 76.5 	 92.5 	 9.83 	 .14 	-7.669 	 140 	 300 	 234 	 173 	 5263 	-7 
 77 	 92.4 	 9.86 	 .14 	-7.685 	 140 	 301 	 234 	 174 	 5262 	-6.9 
 77.5 	 92 	 9.88 	 .14 	-7.682 	 139 	 300 	 233 	 173 	 5260 	-6.8 
 78 	 92.5 	 9.79 	 .14 	-7.677 	 139 	 301 	 233 	 174 	 5261 	-6.9 
 78.5 	 92.1 	 9.8 	 .14 	-7.668 	 140 	 300 	 234 	 174 	 5260 	-7 
 79 	 92.6 	 9.74 	 .14 	-7.661 	 140 	 301 	 233 	 174 	 5258 	-6.9 
 79.5 	 92.3 	 9.74 	 .14 	-7.664 	 140 	 300 	 233 	 173 	 5262 	-6.8 
 80 	 92.3 	 9.68 	 .14 	-7.692 	 139 	 301 	 233 	 173 	 5261 	-6.8 
 80.5 	 92.6 	 9.57 	 .14 	-7.688 	 141 	 301 	 233 	 174 	 5261 	-6.9 
 81 	 92.4 	 9.4 	 .13 	-7.67 	 140 	 301 	 233 	 173 	 5260 	-6.9 
 81.5 	 92.6 	 9.52 	 .13 	-7.656 	 140 	 300 	 233 	 174 	 5262 	-6.6 
 82 	 92.1 	 9.38 	 .13 	-7.668 	 140 	 301 	 234 	 174 	 5262 	-6.9 
 82.5 	 92.5 	 9.01 	 .12 	-7.686 	 140 	 301 	 233 	 173 	 5260 	-6.6 
 83 	 92.2 	 9.03 	 .12 	-7.683 	 140 	 301 	 233 	 174 	 5261 	-6.5 
 83.5 	 92.5 	 8.98 	 .13 	-7.674 	 139 	 301 	 233 	 173 	 5260 	-6.9 
 84 	 92.3 	 8.89 	 .13 	-7.687 	 140 	 301 	 233 	 173 	 5262 	-6.5 
 84.5 	 92.2 	 8.76 	 .12 	-7.659 	 139 	 300 	 233 	 173 	 5260 	-6.8 
 85 	 92.5 	 8.74 	 .12 	-7.658 	 140 	 300 	 234 	 173 	 5263 	-6.5 
 85.5 	 92.2 	 8.66 	 .12 	-7.664 	 140 	 301 	 234 	 174 	 5263 	-6.9 
 86 	 92.4 	 8.57 	 .12 	-7.689 	 140 	 301 	 234 	 174 	 5261 	-7 
 86.5 	 92.2 	 8.52 	 .12 	-7.669 	 140 	 300 	 234 	 173 	 5263 	-6.9 
 87 	 92.5 	 8.45 	 .12 	-7.664 	 139 	 301 	 233 	 173 	 5261 	-6.1 
 87.5 	 92.5 	 8.64 	 .11 	-7.682 	 140 	 301 	 233 	 173 	 5258 	-6.9 
 88 	 92.1 	 8.49 	 .11 	-7.696 	 139 	 301 	 233 	 173 	 5264 	-6.8 
 88.5 	 92.5 	 8.48 	 .13 	-7.69 	 140 	 301 	 233 	 174 	 5262 	-6.8 
 89 	 92.2 	 8.52 	 .12 	-7.686 	 140 	 301 	 233 	 174 	 5260 	-6.8 
 89.5 	 92.4 	 8.25 	 .14 	-7.686 	 140 	 300 	 234 	 173 	 5258 	-7 
 90 	 92.1 	 8.51 	 .12 	-7.69 	 140 	 301 	 232 	 173 	 5265 	-6.6 
 90.5 	 92.4 	 8.39 	 .13 	-7.711 	 140 	 300 	 233 	 173 	 5261 	-7 
 91 	 92.5 	 8.43 	 .12 	-7.699 	 140 	 300 	 234 	 173 	 5259 	-6.8 
 91.5 	 92.6 	 8.43 	 .12 	-7.677 	 140 	 301 	 233 	 174 	 5261 	-6.5 
 92 	 92.1 	 8.27 	 .12 	-7.688 	 139 	 300 	 233 	 173 	 5262 	-6.6 
 92.5 	 92.5 	 8.4 	 .12 	-7.68 	 140 	 300 	 233 	 174 	 5263 	-6.6 
 93 	 92 	 8.42 	 .12 	-7.677 	 140 	 301 	 233 	 174 	 5260 	-6.8 
 93.5 	 92.3 	 8.2 	 .11 	-7.687 	 140 	 301 	 233 	 174 	 5262 	-6.5 
 94 	 92.4 	 8.38 	 .12 	-7.68 	 139 	 300 	 233 	 174 	 5261 	-6.8 
 94.5 	 92.3 	 8.23 	 .12 	-7.698 	 140 	 300 	 233 	 173 	 5261 	-6.6 
 95 	 92.3 	 8.27 	 .12 	-7.672 	 140 	 301 	 233 	 173 	 5265 	-6.5 
 95.5 	 92.3 	 8.3 	 .11 	-7.699 	 140 	 300 	 233 	 174 	 5264 	-6.8 
 96 	 92.5 	 8.23 	 .11 	-7.677 	 140 	 300 	 233 	 173 	 5257 	-6.5 
 96.5 	 92.2 	 8.03 	 .11 	-7.675 	 140 	 300 	 233 	 173 	 5262 	-6.8 
 97 	 92.7 	 8.23 	 .11 	-7.674 	 140 	 300 	 234 	 174 	 5260 	-6.4 
 97.5 	 92.2 	 8.1 	 .12 	-7.7 	 140 	 300 	 233 	 174 	 5264 	-6.8 
 98 	 92.5 	 8.18 	 .12 	-7.702 	 140 	 300 	 233 	 173 	 5263 	-7 
 98.5 	 92.6 	 8.2 	 .11 	-7.694 	 140 	 299 	 233 	 173 	 5261 	-6.9 
 99 	 92.2 	 8.07 	 .12 	-7.703 	 140 	 300 	 232 	 174 	 5261 	-6.8 
 99.5 	 92.4 	 8.18 	 .11 	-7.686 	 140 	 300 	 233 	 174 	 5261 	-6.5 
 100 	 92.3 	 8.16 	 .12 	-7.669 	 139 	 299 	 233 	 174 	 5261 	-6.9 
 100.5 	 92.5 	 8.15 	 .12 	-7.688 	 140 	 300 	 233 	 174 	 5262 	-6.6 
 101 	 92.1 	 8.23 	 .12 	-7.694 	 140 	 300 	 233 	 174 	 5263 	-6.8 
 101.5 	 92.4 	 8.19 	 .11 	-7.694 	 141 	 299 	 233 	 175 	 5261 	-6.8 
 102 	 92.3 	 8.21 	 .12 	-7.692 	 140 	 300 	 233 	 173 	 5259 	-6.6 
 102.5 	 92.5 	 8.23 	 .11 	-7.695 	 141 	 301 	 233 	 174 	 5263 	-6.4 
 103 	 92.4 	 8.33 	 .11 	-7.692 	 140 	 300 	 233 	 173 	 5262 	-6.4 
 103.5 	 92.1 	 8.2 	 .12 	-7.693 	 140 	 300 	 233 	 174 	 5260 	-7 
 104 	 92.4 	 8.04 	 .12 	-7.689 	 140 	 299 	 233 	 174 	 5262 	-6.6 
 104.5 	 92.1 	 8.24 	 .11 	-7.672 	 139 	 299 	 233 	 174 	 5264 	-6.6 
 105 	 92.6 	 8.02 	 .11 	-7.697 	 141 	 300 	 234 	 174 	 5262 	-6.8 
 105.5 	 92.2 	 8.21 	 .12 	-7.68 	 139 	 299 	 233 	 174 	 5264 	-7 
 106 	 92.5 	 8.2 	 .12 	-7.675 	 140 	 299 	 233 	 174 	 5263 	-6.6 
 106.5 	 92.2 	 8.34 	 .12 	-7.721 	 140 	 300 	 233 	 174 	 5259 	-7.1 
 107 	 92.2 	 8.41 	 .12 	-7.705 	 140 	 300 	 233 	 174 	 5262 	-7 
 107.5 	 92.5 	 8.39 	 .12 	-7.706 	 140 	 300 	 233 	 174 	 5262 	-6.4 
 108 	 92.2 	 8.41 	 .12 	-7.698 	 140 	 300 	 233 	 174 	 5260 	-6.9 
 108.5 	 92.6 	 8.4 	 .12 	-7.693 	 140 	 300 	 233 	 174 	 5261 	-6.8 
 109 	 92 	 8.32 	 .13 	-7.7 	 140 	 300 	 233 	 174 	 5261 	-6.8 
 109.5 	 92.6 	 8.38 	 .11 	-7.694 	 140 	 300 	 233 	 174 	 5262 	-6.9 
 110 	 92.1 	 8.53 	 .12 	-7.707 	 139 	 300 	 233 	 175 	 5262 	-7 
 110.5 	 92.6 	 8.34 	 .13 	-7.7 	 141 	 299 	 232 	 174 	 5260 	-6.6 
 111 	 92.5 	 8.56 	 .12 	-7.681 	 140 	 300 	 232 	 174 	 5261 	-6.9 
 111.5 	 92.3 	 8.34 	 .12 	-7.678 	 140 	 300 	 233 	 174 	 5265 	-7 
 112 	 92.5 	 8.45 	 .12 	-7.676 	 140 	 299 	 233 	 174 	 5265 	-7 
 112.5 	 92.2 	 8.43 	 .12 	-7.686 	 140 	 300 	 233 	 174 	 5263 	-6.6 
 113 	 92.7 	 8.65 	 .13 	-7.686 	 140 	 300 	 233 	 174 	 5261 	-7 
 113.5 	 92.3 	 8.72 	 .12 	-7.691 	 140 	 299 	 233 	 174 	 5264 	-6.8 
 114 	 92.6 	 8.82 	 .12 	-7.683 	 140 	 300 	 234 	 175 	 5260 	-6.6 
 114.5 	 92.2 	 8.88 	 .13 	-7.674 	 139 	 300 	 233 	 174 	 5260 	-7.1 
 115 	 92.5 	 8.76 	 .13 	-7.685 	 141 	 300 	 233 	 175 	 5261 	-6.5 
 115.5 	 92.4 	 9 	 .13 	-7.668 	 140 	 299 	 234 	 174 	 5259 	-6.3 
 116 	 92.1 	 9.01 	 .13 	-7.672 	 140 	 300 	 233 	 173 	 5260 	-6.9 
 116.5 	 92.6 	 9.12 	 .12 	-7.699 	 140 	 300 	 233 	 175 	 5263 	-6.4 
 117 	 92.2 	 9.21 	 .13 	-7.681 	 139 	 300 	 233 	 174 	 5263 	-6.9 
 117.5 	 92.4 	 9.23 	 .13 	-7.675 	 141 	 299 	 233 	 174 	 5261 	-6.9 
 118 	 92.2 	 9.32 	 .14 	-7.676 	 140 	 300 	 233 	 175 	 5261 	-6.8 
 118.5 	 92.5 	 9.76 	 .13 	-7.682 	 140 	 300 	 234 	 174 	 5260 	-6.1 
 119 	 92.1 	 9.4 	 .14 	-7.678 	 140 	 300 	 233 	 174 	 5261 	-6.6 
 119.5 	 92.3 	 9.54 	 .13 	-7.679 	 140 	 300 	 233 	 174 	 5261 	-6.8 
 120 	 92.3 	 9.68 	 .14 	-7.678 	 140 	 300 	 233 	 174 	 5261 	-6.9 
 120.5 	 92.6 	 9.63 	 .14 	-7.675 	 140 	 300 	 234 	 174 	 5260 	-7 
 121 	 92.6 	 9.72 	 .14 	-7.688 	 140 	 300 	 233 	 176 	 5261 	-6.8 
 121.5 	 92.2 	 9.63 	 .13 	-7.685 	 140 	 300 	 234 	 174 	 5262 	-6.9 
 122 	 92.5 	 9.74 	 .14 	-7.683 	 140 	 300 	 233 	 174 	 5266 	-6.9 
 122.5 	 92.2 	 9.71 	 .14 	-7.688 	 139 	 300 	 234 	 175 	 5261 	-6.9 
 123 	 92.4 	 9.63 	 .13 	-7.683 	 141 	 301 	 234 	 175 	 5263 	-6.5 
 123.5 	 92.2 	 9.94 	 .14 	-7.683 	 139 	 300 	 233 	 175 	 5261 	-6.9 
 124 	 92.5 	 9.68 	 .14 	-7.684 	 140 	 300 	 233 	 174 	 5261 	-6.8 
 124.5 	 92.4 	 9.79 	 .14 	-7.687 	 140 	 300 	 233 	 174 	 5264 	-6.9 
 125 	 92.4 	 9.77 	 .14 	-7.675 	 140 	 301 	 233 	 175 	 5262 	-7 
 125.5 	 92.4 	 9.8 	 .13 	-7.687 	 140 	 300 	 234 	 175 	 5262 	-6.5 
 126 	 92.2 	 9.75 	 .14 	-7.665 	 140 	 301 	 234 	 174 	 5263 	-6.8 
 126.5 	 92.6 	 9.63 	 .13 	-7.66 	 140 	 300 	 234 	 174 	 5261 	-6.8 
 127 	 92.1 	 9.85 	 .14 	-7.674 	 139 	 301 	 233 	 174 	 5262 	-6.8 
 127.5 	 92.6 	 9.89 	 .14 	-7.681 	 140 	 300 	 233 	 175 	 5262 	-6.8 
 128 	 92.1 	 9.91 	 .14 	-7.675 	 140 	 300 	 233 	 175 	 5266 	-6.8 
 128.5 	 92.4 	 9.96 	 .14 	-7.676 	 140 	 300 	 233 	 174 	 5262 	-6.8 
 129 	 92.3 	 9.89 	 .14 	-7.664 	 139 	 300 	 233 	 175 	 5264 	-6.5 
 129.5 	 92.5 	 9.9 	 .14 	-7.677 	 140 	 300 	 233 	 175 	 5266 	-6.6 
 130 	 92.4 	 10 	 .14 	-7.661 	 140 	 300 	 234 	 175 	 5264 	-6.4 
 130.5 	 92.3 	 9.74 	 .13 	-7.673 	 140 	 300 	 234 	 175 	 5264 	-6.8 
 131 	 92.5 	 9.96 	 .13 	-7.68 	 140 	 301 	 233 	 175 	 5266 	-6.6 
 131.5 	 92.3 	 9.84 	 .14 	-7.667 	 140 	 300 	 233 	 175 	 5264 	-6.9 
 132 	 92.5 	 9.76 	 .14 	-7.661 	 140 	 300 	 234 	 174 	 5267 	-6.6 
 132.5 	 92.4 	 9.88 	 .14 	-7.672 	 140 	 301 	 234 	 175 	 5264 	-6.5 
 133 	 92.5 	 9.8 	 .14 	-7.679 	 140 	 301 	 233 	 174 	 5263 	-7 
 133.5 	 92.2 	 9.71 	 .14 	-7.663 	 139 	 301 	 233 	 175 	 5262 	-6.6 
 134 	 92.7 	 10.09 	 .14 	-7.69 	 141 	 300 	 234 	 175 	 5267 	-6.9 
 134.5 	 92.2 	 9.92 	 .16 	-7.681 	 140 	 300 	 233 	 174 	 5264 	-6.6 
 135 	 92.6 	 10.02 	 .14 	-7.679 	 141 	 300 	 233 	 175 	 5268 	-6.6 
 135.5 	 92.4 	 9.96 	 .14 	-7.676 	 140 	 300 	 234 	 175 	 5264 	-5.9 
 136 	 92.4 	 10.01 	 .14 	-7.69 	 140 	 300 	 234 	 174 	 5267 	-6.1 
 136.5 	 92.6 	 10.02 	 .15 	-7.691 	 140 	 301 	 234 	 175 	 5263 	-6.5 
 137 	 92.2 	 10.12 	 .14 	-7.672 	 140 	 300 	 234 	 174 	 5263 	-6.9 
 137.5 	 92.7 	 10.11 	 .14 	-7.68 	 140 	 301 	 234 	 175 	 5263 	-6.8 
 138 	 92.2 	 10.19 	 .14 	-7.69 	 139 	 300 	 234 	 175 	 5268 	-6.9 
 138.5 	 92.5 	 10.09 	 .14 	-7.68 	 140 	 300 	 234 	 175 	 5263 	-6.6 
 139 	 92.4 	 10.21 	 .13 	-7.664 	 140 	 300 	 233 	 174 	 5265 	-6.8 
 139.5 	 92.5 	 10.09 	 .15 	-7.666 	 141 	 301 	 234 	 175 	 5265 	-6.5 
 140 	 92.2 	 10.11 	 .14 	-7.667 	 139 	 300 	 234 	 175 	 5263 	-6.4 
 140.5 	 92.6 	 10.2 	 .14 	-7.66 	 140 	 301 	 234 	 176 	 5265 	-6.9 
 141 	 92.6 	 10.33 	 .14 	-7.673 	 140 	 301 	 234 	 176 	 5269 	-6.5 
 141.5 	 92.4 	 10.25 	 .15 	-7.662 	 140 	 300 	 233 	 175 	 5267 	-6.8 
 142 	 92.6 	 10.45 	 .15 	-7.688 	 140 	 300 	 234 	 175 	 5263 	-6.4 
 142.5 	 92.4 	 10.49 	 .15 	-7.676 	 139 	 300 	 234 	 176 	 5265 	-6.9 
 143 	 92.7 	 10.48 	 .14 	-7.682 	 140 	 300 	 234 	 175 	 5269 	-6.8 
 143.5 	 92.3 	 10.74 	 .15 	-7.69 	 140 	 300 	 234 	 175 	 5266 	-6.5 
 144 	 92.7 	 10.76 	 .15 	-7.69 	 141 	 299 	 233 	 175 	 5266 	-6.8 
 144.5 	 92.2 	 10.74 	 .15 	-7.689 	 140 	 300 	 234 	 175 	 5269 	-6.8 
 145 	 92.7 	 10.66 	 .15 	-7.699 	 140 	 300 	 233 	 175 	 5270 	-6.6 
 145.5 	 92.2 	 10.63 	 .15 	-7.687 	 140 	 300 	 233 	 175 	 5267 	-6.9 
 146 	 92.4 	 10.7 	 .16 	-7.682 	 140 	 300 	 234 	 176 	 5272 	-6.4 
 146.5 	 92.5 	 10.84 	 .16 	-7.679 	 140 	 300 	 234 	 176 	 5273 	-6.9 
 147 	 92.4 	 10.87 	 .16 	-7.689 	 141 	 300 	 234 	 175 	 5271 	-6.9 
 147.5 	 92.6 	 10.8 	 .16 	-7.675 	 140 	 300 	 234 	 175 	 5270 	-6.6 
 148 	 92.4 	 10.99 	 .16 	-7.696 	 140 	 300 	 234 	 176 	 5270 	-6.5 
 148.5 	 92.7 	 10.96 	 .16 	-7.693 	 141 	 300 	 234 	 176 	 5271 	-6.6 
 149 	 92.3 	 11.17 	 .16 	-7.692 	 140 	 299 	 233 	 175 	 5270 	-7 
 149.5 	 92.7 	 11.16 	 .16 	-7.693 	 141 	 299 	 234 	 175 	 5272 	-6.6 
 150 	 92.5 	 11.17 	 .15 	-7.688 	 140 	 300 	 233 	 175 	 5274 	-6.5 
 150.5 	 92.8 	 11.27 	 .16 	-7.695 	 141 	 300 	 234 	 176 	 5272 	-6.8 
 151 	 92.4 	 11.38 	 .15 	-7.701 	 140 	 300 	 234 	 176 	 5272 	-6.6 
 151.5 	 92.9 	 11.46 	 .15 	-7.702 	 141 	 300 	 234 	 176 	 5274 	-6.8 
 152 	 92.4 	 11.38 	 .16 	-7.679 	 140 	 301 	 235 	 176 	 5272 	-6.6 
 152.5 	 92.8 	 11.5 	 .16 	-7.705 	 140 	 300 	 234 	 176 	 5271 	-6.3 
 153 	 92.7 	 11.46 	 .16 	-7.673 	 140 	 301 	 234 	 175 	 5279 	-6.4 
 153.5 	 92.7 	 11.57 	 .16 	-7.688 	 140 	 299 	 234 	 176 	 5276 	-6.9 
 154 	 92.7 	 11.58 	 .17 	-7.699 	 140 	 300 	 234 	 176 	 5276 	-6.8 
 154.5 	 92.6 	 11.55 	 .16 	-7.68 	 140 	 300 	 235 	 177 	 5273 	-6.9 
 155 	 92.8 	 11.76 	 .17 	-7.67 	 140 	 301 	 234 	 177 	 5277 	-7.3 
 155.5 	 92.6 	 11.64 	 .17 	-7.671 	 140 	 300 	 235 	 176 	 5281 	-6.3 
 156 	 93 	 11.75 	 .17 	-7.682 	 141 	 300 	 235 	 176 	 5279 	-6.8 
 156.5 	 92.6 	 11.94 	 .17 	-7.697 	 140 	 300 	 235 	 176 	 5275 	-6.4 
 157 	 92.9 	 11.86 	 .17 	-7.669 	 141 	 300 	 234 	 175 	 5277 	-6.8 
 157.5 	 92.6 	 12.02 	 .16 	-7.691 	 140 	 300 	 234 	 176 	 5276 	-6.6 
 158 	 92.8 	 11.96 	 .17 	-7.683 	 141 	 300 	 234 	 176 	 5277 	-6.6 
 158.5 	 92.6 	 11.95 	 .18 	-7.669 	 140 	 300 	 235 	 176 	 5279 	-6.8 
 159 	 93 	 12.01 	 .17 	-7.661 	 141 	 300 	 235 	 177 	 5280 	-7 
 159.5 	 92.8 	 12.19 	 .17 	-7.689 	 140 	 300 	 235 	 176 	 5278 	-6.9 
 160 	 92.9 	 12.16 	 .18 	-7.686 	 141 	 300 	 234 	 176 	 5278 	-6.4 
 160.5 	 92.7 	 12.17 	 .16 	-7.67 	 140 	 300 	 234 	 176 	 5280 	-6.8 
 161 	 92.8 	 12.1 	 .17 	-7.674 	 141 	 300 	 234 	 176 	 5280 	-6.5 
 161.5 	 92.8 	 12.38 	 .17 	-7.679 	 140 	 300 	 234 	 177 	 5281 	-6.6 
 162 	 93 	 12.39 	 .17 	-7.688 	 141 	 300 	 234 	 177 	 5281 	-6.8 
 162.5 	 92.8 	 12.4 	 .17 	-7.674 	 140 	 300 	 235 	 176 	 5283 	-6.5 
 163 	 93.1 	 12.47 	 .17 	-7.681 	 140 	 300 	 235 	 176 	 5284 	-6.6 
 163.5 	 93.1 	 12.56 	 .18 	-7.697 	 140 	 300 	 235 	 176 	 5283 	-6.3 
 164 	 92.8 	 12.5 	 .18 	-7.679 	 141 	 300 	 234 	 177 	 5284 	-6.4 
 164.5 	 93 	 12.42 	 .18 	-7.688 	 141 	 300 	 235 	 176 	 5284 	-7.3 
 165 	 92.8 	 12.34 	 .18 	-7.689 	 141 	 300 	 235 	 176 	 5283 	-7 
 165.5 	 93 	 12.37 	 .18 	-7.686 	 141 	 300 	 235 	 176 	 5283 	-6.8 
 166 	 92.7 	 12.63 	 .18 	-7.681 	 140 	 300 	 235 	 176 	 5283 	-6.4 
 166.5 	 93.1 	 12.55 	 .18 	-7.679 	 141 	 300 	 235 	 176 	 5284 	-6.8 
 167 	 92.8 	 12.69 	 .18 	-7.685 	 140 	 300 	 235 	 176 	 5283 	-6.8 
 167.5 	 93.2 	 12.79 	 .18 	-7.665 	 141 	 300 	 234 	 177 	 5282 	-6.4 
 168 	 92.7 	 12.62 	 .18 	-7.699 	 140 	 301 	 235 	 176 	 5291 	-6.8 
 168.5 	 93.2 	 12.85 	 .18 	-7.671 	 141 	 300 	 235 	 177 	 5285 	-6.9 
 169 	 92.7 	 12.82 	 .18 	-7.682 	 140 	 300 	 235 	 176 	 5287 	-6.8 
 169.5 	 93.3 	 12.75 	 .18 	-7.691 	 141 	 300 	 235 	 176 	 5286 	-6.6 
 170 	 92.8 	 12.98 	 .19 	-7.674 	 140 	 299 	 234 	 176 	 5291 	-6.3 
 170.5 	 93.2 	 12.99 	 .17 	-7.675 	 140 	 300 	 233 	 176 	 5291 	-6.6 
 171 	 92.8 	 12.87 	 .19 	-7.671 	 140 	 299 	 232 	 175 	 5294 	-6.5 
 171.5 	 93.3 	 13.08 	 .19 	-7.682 	 141 	 301 	 232 	 174 	 5297 	-6.6 
 172 	 92.9 	 13.08 	 .18 	-7.688 	 140 	 300 	 232 	 174 	 5301 	-6.6 
 172.5 	 93.3 	 13.04 	 .18 	-7.666 	 141 	 300 	 230 	 174 	 5301 	-6.5 
 173 	 92.8 	 13.22 	 .18 	-7.69 	 140 	 300 	 231 	 173 	 5303 	-6.4 
 173.5 	 93.1 	 13.14 	 .19 	-7.671 	 141 	 300 	 230 	 173 	 5311 	-7 
 174 	 93 	 13.09 	 .19 	-7.653 	 140 	 300 	 230 	 172 	 5311 	-7 
 174.5 	 93.2 	 13.25 	 .18 	-7.662 	 141 	 301 	 230 	 173 	 5312 	-6.9 
 175 	 92.9 	 13.24 	 .19 	-7.659 	 140 	 300 	 229 	 172 	 5311 	-6.4 
 175.5 	 93.3 	 13.23 	 .19 	-7.679 	 142 	 300 	 230 	 173 	 5309 	-6.6 
 176 	 93 	 13.35 	 .18 	-7.667 	 140 	 299 	 230 	 172 	 5313 	-6.6 
 176.5 	 93.3 	 13.47 	 .18 	-7.684 	 140 	 299 	 229 	 171 	 5315 	-6.8 
 177 	 93.1 	 13.56 	 .2 	-7.694 	 140 	 301 	 229 	 172 	 5313 	-6.6 
 177.5 	 93.3 	 13.55 	 .2 	-7.685 	 141 	 300 	 230 	 172 	 5316 	-6.8 
 178 	 93.2 	 13.46 	 .19 	-7.693 	 141 	 300 	 229 	 172 	 5316 	-6.6 
 178.5 	 93.2 	 13.66 	 .19 	-7.7 	 141 	 300 	 229 	 172 	 5318 	-7.1 
 179 	 93.2 	 13.45 	 .2 	-7.673 	 141 	 300 	 229 	 171 	 5319 	-6.6 
 179.5 	 93.2 	 13.59 	 .19 	-7.687 	 141 	 300 	 229 	 172 	 5321 	-7.1 
 180 	 93.2 	 13.84 	 .2 	-7.672 	 141 	 301 	 229 	 171 	 5319 	-6.8 
 180.5 	 93.4 	 13.76 	 .19 	-7.691 	 141 	 300 	 229 	 172 	 5322 	-6.5 
 181 	 93.4 	 13.83 	 .19 	-7.689 	 141 	 300 	 229 	 171 	 5320 	-6.8 
 181.5 	 93.2 	 13.89 	 .2 	-7.701 	 141 	 300 	 229 	 171 	 5322 	-6.6 
 182 	 93.3 	 13.66 	 .19 	-7.681 	 141 	 301 	 229 	 171 	 5321 	-7.1 
 182.5 	 93.3 	 13.98 	 .2 	-7.671 	 141 	 301 	 228 	 171 	 5324 	-7 
 183 	 93.3 	 13.8 	 .2 	-7.682 	 141 	 300 	 229 	 171 	 5325 	-6.8 
 183.5 	 93.1 	 14.01 	 .2 	-7.682 	 141 	 300 	 229 	 172 	 5328 	-7 
 184 	 93.5 	 13.9 	 .19 	-7.678 	 141 	 300 	 228 	 171 	 5327 	-7 
 184.5 	 93.3 	 14.09 	 .2 	-7.665 	 141 	 300 	 228 	 171 	 5325 	-6.8 
 185 	 93.3 	 14.26 	 .2 	-7.677 	 141 	 300 	 229 	 171 	 5325 	-7 
 185.5 	 93.2 	 14.14 	 .2 	-7.688 	 141 	 300 	 228 	 170 	 5329 	-7.3 
 186 	 93.6 	 14.2 	 .22 	-7.699 	 141 	 301 	 228 	 171 	 5330 	-6.9 
 186.5 	 93.1 	 14.27 	 .21 	-7.689 	 141 	 300 	 229 	 171 	 5331 	-6.4 
 187 	 93.4 	 14.36 	 .2 	-7.695 	 142 	 301 	 228 	 170 	 5327 	-6.6 
 187.5 	 93.3 	 14.34 	 .21 	-7.698 	 141 	 301 	 228 	 170 	 5330 	-6.9 
 188 	 93.5 	 14.4 	 .2 	-7.69 	 141 	 301 	 228 	 170 	 5332 	-7 
 188.5 	 93.3 	 14.4 	 .21 	-7.697 	 141 	 300 	 228 	 170 	 5330 	-6.4 
 189 	 93.5 	 14.46 	 .2 	-7.671 	 141 	 300 	 227 	 170 	 5331 	-7 
 189.5 	 93.2 	 14.56 	 .19 	-7.698 	 141 	 299 	 228 	 170 	 5334 	-6.8 
 190 	 93.6 	 14.37 	 .21 	-7.691 	 141 	 300 	 228 	 170 	 5329 	-6.8 
 190.5 	 93.5 	 14.51 	 .21 	-7.694 	 141 	 300 	 228 	 170 	 5331 	-6.8 
 191 	 93.6 	 14.56 	 .22 	-7.689 	 141 	 300 	 228 	 171 	 5331 	-6.4 
 191.5 	 93.3 	 14.6 	 .22 	-7.702 	 141 	 300 	 228 	 170 	 5333 	-6.3 
 192 	 93.5 	 14.64 	 .21 	-7.683 	 141 	 301 	 228 	 170 	 5333 	-6.9 
 192.5 	 93.5 	 14.77 	 .21 	-7.707 	 141 	 300 	 228 	 170 	 5333 	-6.4 
 193 	 93.3 	 14.83 	 .21 	-7.703 	 141 	 300 	 227 	 169 	 5337 	-7 
 193.5 	 93.4 	 14.74 	 .21 	-7.71 	 141 	 300 	 227 	 170 	 5337 	-7 
 194 	 93.5 	 14.87 	 .21 	-7.693 	 141 	 300 	 227 	 169 	 5336 	-7 
 194.5 	 93.3 	 14.87 	 .21 	-7.674 	 141 	 300 	 227 	 170 	 5337 	-6.5 
 195 	 93.5 	 14.9 	 .21 	-7.699 	 141 	 301 	 227 	 170 	 5338 	-7 
 195.5 	 93.5 	 14.79 	 .21 	-7.693 	 141 	 300 	 228 	 170 	 5338 	-6.1 
 196 	 93.6 	 15.03 	 .21 	-7.701 	 140 	 300 	 228 	 170 	 5339 	-7.3 
 196.5 	 93.6 	 14.95 	 .22 	-7.677 	 141 	 300 	 228 	 170 	 5339 	-6.5 
 197 	 93.6 	 14.99 	 .22 	-7.67 	 141 	 301 	 227 	 170 	 5336 	-6.6 
 197.5 	 93.7 	 15.1 	 .22 	-7.676 	 142 	 300 	 227 	 170 	 5341 	-7 
 198 	 93.4 	 15.15 	 .22 	-7.676 	 141 	 300 	 227 	 170 	 5338 	-6.8 
 198.5 	 93.5 	 15.26 	 .21 	-7.695 	 141 	 300 	 228 	 170 	 5345 	-6.5 
 199 	 93.5 	 15.24 	 .22 	-7.677 	 140 	 301 	 227 	 170 	 5342 	-6.5 
 199.5 	 93.6 	 15.11 	 .22 	-7.666 	 142 	 299 	 227 	 170 	 5342 	-6.6 
 200 	 93.4 	 15.35 	 .22 	-7.676 	 141 	 300 	 227 	 171 	 5346 	-6.3 
 200.5 	 93.7 	 15.2 	 .21 	-7.679 	 142 	 301 	 228 	 170 	 5345 	-6.9 
 201 	 93.6 	 15.29 	 .22 	-7.682 	 141 	 299 	 226 	 171 	 5342 	-7.3 
 201.5 	 93.7 	 15.41 	 .21 	-7.673 	 141 	 300 	 227 	 169 	 5344 	-7 
 202 	 93.3 	 15.3 	 .22 	-7.674 	 141 	 300 	 228 	 170 	 5345 	-6.9 
 202.5 	 93.8 	 15.5 	 .22 	-7.672 	 141 	 301 	 227 	 169 	 5345 	-6.9 
 203 	 93.7 	 15.51 	 .22 	-7.658 	 141 	 300 	 227 	 170 	 5343 	-6.9 
 203.5 	 93.9 	 15.35 	 .22 	-7.68 	 142 	 300 	 227 	 170 	 5348 	-6.6 
 204 	 93.5 	 15.47 	 .21 	-7.675 	 141 	 300 	 227 	 169 	 5345 	-6.6 
 204.5 	 94 	 15.65 	 .22 	-7.681 	 142 	 300 	 227 	 170 	 5343 	-7.1 
 205 	 93.5 	 15.58 	 .22 	-7.672 	 141 	 300 	 227 	 170 	 5341 	-6.8 
 205.5 	 93.8 	 15.66 	 .22 	-7.681 	 142 	 300 	 227 	 169 	 5346 	-6.8 
 206 	 93.6 	 15.6 	 .22 	-7.673 	 141 	 300 	 227 	 169 	 5350 	-6.9 
 206.5 	 93.9 	 15.84 	 .23 	-7.689 	 142 	 300 	 227 	 169 	 5345 	-7.1 
 207 	 93.5 	 15.8 	 .22 	-7.676 	 141 	 299 	 227 	 170 	 5346 	-6.6 
 207.5 	 94.1 	 15.84 	 .22 	-7.667 	 141 	 301 	 227 	 169 	 5349 	-6.6 
 208 	 93.5 	 15.95 	 .22 	-7.686 	 141 	 300 	 227 	 170 	 5347 	-6.9 
 208.5 	 94 	 15.95 	 .23 	-7.673 	 142 	 300 	 227 	 170 	 5349 	-6.4 
 209 	 93.7 	 16.06 	 .23 	-7.685 	 141 	 300 	 227 	 170 	 5350 	-6.6 
 209.5 	 94 	 16.22 	 .23 	-7.68 	 142 	 300 	 227 	 170 	 5351 	-6.8 
 210 	 93.7 	 16.26 	 .23 	-7.689 	 141 	 300 	 227 	 170 	 5351 	-7.1 
 210.5 	 93.8 	 16.49 	 .23 	-7.67 	 142 	 300 	 227 	 169 	 5353 	-6.9 
 211 	 93.7 	 16.42 	 .24 	-7.683 	 141 	 300 	 227 	 170 	 5351 	-6.8 
 211.5 	 93.9 	 16.94 	 .24 	-7.692 	 141 	 300 	 227 	 170 	 5352 	-6.6 
 212 	 93.7 	 16.98 	 .24 	-7.705 	 141 	 300 	 227 	 170 	 5356 	-7 
 212.5 	 94 	 17.17 	 .24 	-7.694 	 141 	 300 	 227 	 170 	 5355 	-6.4 
 213 	 94 	 17.37 	 .25 	-7.682 	 142 	 299 	 227 	 170 	 5358 	-6.6 
 213.5 	 94.3 	 17.57 	 .25 	-7.669 	 142 	 300 	 228 	 170 	 5358 	-6.8 
 214 	 94 	 18 	 .26 	-7.678 	 142 	 300 	 227 	 170 	 5356 	-6.6 
 214.5 	 94.2 	 17.94 	 .26 	-7.683 	 141 	 299 	 226 	 170 	 5357 	-6.8 
 215 	 94.3 	 18.35 	 .25 	-7.683 	 142 	 299 	 228 	 171 	 5356 	-6.5 
 215.5 	 94 	 18.47 	 .26 	-7.656 	 141 	 300 	 227 	 170 	 5358 	-7 
 216 	 94.2 	 18.88 	 .27 	-7.667 	 142 	 300 	 228 	 171 	 5363 	-6.3 
 216.5 	 94.4 	 19.06 	 .27 	-7.694 	 141 	 300 	 227 	 170 	 5359 	-6.6 
 217 	 94.5 	 19.24 	 .27 	-7.652 	 142 	 300 	 227 	 171 	 5365 	-7 
 217.5 	 94.2 	 19.5 	 .28 	-7.684 	 142 	 299 	 227 	 171 	 5360 	-6.9 
 218 	 94.7 	 19.64 	 .28 	-7.677 	 142 	 300 	 227 	 170 	 5366 	-6.4 
 218.5 	 94.6 	 20.04 	 .29 	-7.687 	 142 	 300 	 228 	 171 	 5367 	-6.5 
 219 	 94.7 	 20.22 	 .29 	-7.686 	 142 	 300 	 228 	 170 	 5370 	-6.8 
 219.5 	 94.5 	 20.47 	 .29 	-7.685 	 141 	 299 	 228 	 171 	 5367 	-7.1 
 220 	 94.9 	 20.5 	 .29 	-7.679 	 142 	 300 	 227 	 170 	 5369 	-7.1 
 220.5 	 94.7 	 20.72 	 .3 	-7.657 	 141 	 300 	 227 	 171 	 5372 	-6.3 
 221 	 95.1 	 21.09 	 .3 	-7.682 	 142 	 301 	 227 	 171 	 5375 	-6.6 
 221.5 	 94.5 	 21.19 	 .3 	-7.677 	 141 	 299 	 228 	 171 	 5374 	-6.8 
 222 	 95.2 	 21.32 	 .3 	-7.672 	 142 	 299 	 228 	 170 	 5372 	-6.6 
 222.5 	 94.9 	 21.56 	 .31 	-7.667 	 142 	 300 	 228 	 171 	 5373 	-6.6 
 223 	 95 	 21.46 	 .31 	-7.663 	 142 	 300 	 227 	 171 	 5377 	-6.8 
 223.5 	 94.8 	 21.44 	 .31 	-7.671 	 142 	 300 	 227 	 171 	 5375 	-6.5 
 224 	 94.9 	 21.6 	 .31 	-7.682 	 142 	 300 	 227 	 171 	 5377 	-7 
 224.5 	 95 	 21.7 	 .31 	-7.677 	 142 	 300 	 227 	 170 	 5376 	-7 
 225 	 94.9 	 21.51 	 .3 	-7.678 	 142 	 300 	 228 	 170 	 5379 	-7.3 
 225.5 	 95.1 	 21.6 	 .31 	-7.673 	 142 	 301 	 228 	 170 	 5380 	-7 
 226 	 95.1 	 21.69 	 .3 	-7.684 	 141 	 301 	 228 	 170 	 5381 	-6.6 
 226.5 	 95.2 	 21.54 	 .3 	-7.68 	 142 	 300 	 228 	 170 	 5379 	-6.5 
 227 	 94.9 	 21.56 	 .31 	-7.674 	 142 	 300 	 228 	 170 	 5381 	-6.8 
 227.5 	 95.4 	 21.58 	 .31 	-7.676 	 142 	 300 	 228 	 171 	 5380 	-7.1 
 228 	 95.1 	 21.62 	 .3 	-7.682 	 142 	 300 	 227 	 171 	 5382 	-6.9 
 228.5 	 95.4 	 21.6 	 .31 	-7.687 	 142 	 301 	 228 	 170 	 5382 	-6.6 
 229 	 94.9 	 21.58 	 .31 	-7.672 	 142 	 300 	 227 	 170 	 5382 	-6.6 
 229.5 	 95.3 	 21.62 	 .31 	-7.683 	 143 	 301 	 228 	 170 	 5383 	-6.9 
 230 	 94.9 	 21.58 	 .31 	-7.684 	 142 	 301 	 227 	 170 	 5384 	-6.6 
 230.5 	 95.2 	 21.65 	 .3 	-7.671 	 142 	 301 	 227 	 171 	 5385 	-6.8 
 231 	 94.9 	 21.6 	 .3 	-7.688 	 142 	 301 	 228 	 170 	 5384 	-6.6 
 231.5 	 95.3 	 21.4 	 .31 	-7.675 	 142 	 300 	 227 	 170 	 5387 	-6.4 
 232 	 95.2 	 21.52 	 .3 	-7.67 	 142 	 301 	 227 	 170 	 5386 	-6.8 
 232.5 	 95.1 	 21.3 	 .31 	-7.687 	 142 	 300 	 228 	 170 	 5385 	-7.1 
 233 	 95.4 	 21.49 	 .31 	-7.669 	 143 	 301 	 227 	 171 	 5387 	-6.8 
 233.5 	 95.3 	 21.49 	 .3 	-7.673 	 142 	 300 	 227 	 170 	 5387 	-6.6 
 234 	 95.3 	 21.54 	 .29 	-7.659 	 142 	 301 	 227 	 170 	 5386 	-6.4 
 234.5 	 95.1 	 21.55 	 .31 	-7.683 	 142 	 300 	 227 	 170 	 5385 	-6.8 
 235 	 95.4 	 21.6 	 .31 	-7.676 	 143 	 301 	 227 	 170 	 5387 	-7.1 
 235.5 	 95.1 	 21.46 	 .3 	-7.66 	 142 	 301 	 227 	 171 	 5385 	-6.5 
 236 	 95.4 	 21.39 	 .3 	-7.67 	 143 	 300 	 227 	 171 	 5387 	-6.9 
 236.5 	 95.1 	 21.39 	 .3 	-7.68 	 142 	 300 	 227 	 170 	 5387 	-6.8 
 237 	 95.3 	 21.39 	 .31 	-7.671 	 142 	 300 	 227 	 171 	 5387 	-6.9 
 237.5 	 95.3 	 21.31 	 .3 	-7.682 	 142 	 301 	 227 	 171 	 5387 	-6.5 
 238 	 95 	 21.31 	 .31 	-7.668 	 142 	 300 	 227 	 170 	 5390 	-6.6 
 238.5 	 95.1 	 21.3 	 .3 	-7.662 	 142 	 300 	 228 	 170 	 5391 	-6.6 
 239 	 94.9 	 21.45 	 .29 	-7.672 	 142 	 301 	 227 	 170 	 5388 	-7 
 239.5 	 95.4 	 21.42 	 .3 	-7.665 	 143 	 301 	 227 	 170 	 5392 	-7 
 240 	 95 	 21.2 	 .31 	-7.665 	 142 	 300 	 227 	 170 	 5391 	-6.4 
 240.5 	 95.4 	 21.27 	 .3 	-7.672 	 142 	 301 	 226 	 170 	 5391 	-6.6 
 241 	 95.2 	 21.28 	 .3 	-7.678 	 142 	 300 	 227 	 169 	 5389 	-6.5 
 241.5 	 95.3 	 21.36 	 .3 	-7.666 	 142 	 300 	 227 	 169 	 5392 	-6.6 
 242 	 95.2 	 21.34 	 .3 	-7.675 	 143 	 301 	 227 	 170 	 5393 	-6.9 
 242.5 	 95.1 	 21.23 	 .31 	-7.653 	 141 	 300 	 227 	 170 	 5389 	-6.5 
 243 	 95.4 	 21.31 	 .3 	-7.669 	 143 	 300 	 227 	 170 	 5387 	-7 
 243.5 	 95.1 	 21.29 	 .3 	-7.661 	 141 	 301 	 227 	 169 	 5389 	-6.3 
 244 	 95.3 	 21.21 	 .31 	-7.665 	 143 	 300 	 227 	 170 	 5390 	-6.6 
 244.5 	 95 	 21.19 	 .3 	-7.664 	 142 	 300 	 227 	 170 	 5390 	-6.8 
 245 	 95.4 	 21.2 	 .3 	-7.669 	 142 	 301 	 226 	 170 	 5392 	-6.8 
 245.5 	 95.3 	 21.05 	 .3 	-7.646 	 142 	 300 	 227 	 170 	 5393 	-7.3 
 246 	 95.4 	 21.25 	 .3 	-7.662 	 142 	 299 	 227 	 170 	 5390 	-6.5 
 246.5 	 95.3 	 21.24 	 .29 	-7.677 	 142 	 300 	 227 	 170 	 5390 	-6.5 
 247 	 95.3 	 21.19 	 .3 	-7.659 	 143 	 301 	 227 	 170 	 5390 	-6.3 
 247.5 	 95.3 	 21.13 	 .3 	-7.661 	 142 	 301 	 227 	 169 	 5393 	-6.5 
 248 	 95.1 	 21.16 	 .3 	-7.671 	 142 	 301 	 226 	 170 	 5389 	-6.8 
 248.5 	 95.3 	 21.22 	 .3 	-7.68 	 143 	 300 	 227 	 170 	 5392 	-7 
 249 	 95 	 21.21 	 .31 	-7.676 	 142 	 300 	 227 	 171 	 5390 	-6.3 
 249.5 	 95.6 	 21.22 	 .3 	-7.657 	 142 	 300 	 226 	 170 	 5391 	-6.5 
 250 	 95 	 21.28 	 .3 	-7.665 	 142 	 300 	 227 	 170 	 5390 	-6.6 
 250.5 	 95.3 	 21.13 	 .3 	-7.676 	 142 	 300 	 226 	 170 	 5393 	-7 
 251 	 95.2 	 21.39 	 .31 	-7.68 	 142 	 300 	 227 	 170 	 5395 	-6.9 
 251.5 	 95.3 	 21.23 	 .3 	-7.657 	 142 	 300 	 226 	 170 	 5394 	-6.5 
 252 	 95.2 	 21.32 	 .3 	-7.668 	 142 	 300 	 227 	 170 	 5393 	-6.6 
 252.5 	 95 	 21.31 	 .29 	-7.686 	 142 	 300 	 227 	 170 	 5395 	-6.6 
 253 	 95.4 	 21.29 	 .3 	-7.675 	 142 	 300 	 226 	 170 	 5394 	-7 
 253.5 	 95.2 	 21.15 	 .3 	-7.666 	 142 	 299 	 227 	 170 	 5393 	-7 
 254 	 95.4 	 21.12 	 .3 	-7.678 	 142 	 300 	 227 	 170 	 5393 	-7 
 254.5 	 95 	 21.35 	 .3 	-7.664 	 142 	 300 	 226 	 170 	 5392 	-6.6 
 255 	 95.3 	 21.27 	 .3 	-7.671 	 142 	 300 	 227 	 169 	 5393 	-6.8 
 255.5 	 95.1 	 21.08 	 .3 	-7.671 	 142 	 301 	 227 	 170 	 5395 	-6.9 
 256 	 95.4 	 21.3 	 .3 	-7.686 	 142 	 300 	 226 	 169 	 5393 	-7 
 256.5 	 95.2 	 21.17 	 .3 	-7.678 	 142 	 300 	 226 	 170 	 5393 	-7 
 257 	 95.1 	 21.21 	 .3 	-7.686 	 142 	 301 	 227 	 170 	 5395 	-7 
 257.5 	 95.4 	 21.24 	 .3 	-7.661 	 143 	 300 	 226 	 170 	 5394 	-6.9 
 258 	 95.2 	 21.23 	 .3 	-7.673 	 142 	 300 	 227 	 170 	 5394 	-6.9 
 258.5 	 95.5 	 21.24 	 .3 	-7.669 	 142 	 300 	 226 	 169 	 5393 	-7 
 259 	 94.9 	 21.12 	 .3 	-7.676 	 142 	 300 	 227 	 170 	 5394 	-6.6 
 259.5 	 95.4 	 21.3 	 .3 	-7.687 	 142 	 300 	 226 	 170 	 5396 	-6.9 
 260 	 95.2 	 21.28 	 .31 	-7.671 	 143 	 300 	 226 	 170 	 5396 	-6 
 260.5 	 95.1 	 21.19 	 .3 	-7.654 	 142 	 300 	 226 	 170 	 5397 	-7.1 
 261 	 95.1 	 21.26 	 .3 	-7.674 	 143 	 300 	 226 	 170 	 5392 	-7.1 
 261.5 	 95.2 	 21.3 	 .3 	-7.667 	 142 	 300 	 227 	 170 	 5393 	-6.4 
 262 	 95.5 	 21.28 	 .29 	-7.697 	 142 	 301 	 227 	 170 	 5395 	-6.4 
 262.5 	 95 	 21.26 	 .3 	-7.656 	 142 	 301 	 227 	 171 	 5396 	-6.9 
 263 	 95.2 	 21.33 	 .31 	-7.661 	 142 	 300 	 227 	 170 	 5395 	-6.8 
 263.5 	 95 	 21.35 	 .3 	-7.7 	 142 	 300 	 226 	 170 	 5395 	-7.6 
 264 	 95.3 	 21.31 	 .3 	-7.67 	 142 	 300 	 227 	 169 	 5395 	-6.8 
 264.5 	 95.2 	 21.27 	 .3 	-7.688 	 142 	 300 	 227 	 169 	 5393 	-6.5 
 265 	 95.2 	 21.31 	 .3 	-7.699 	 142 	 300 	 226 	 171 	 5396 	-6.5 
 265.5 	 95.4 	 21.11 	 .3 	-7.7 	 143 	 300 	 226 	 170 	 5396 	-6.4 
 266 	 95.1 	 21.16 	 .29 	-7.676 	 142 	 300 	 226 	 170 	 5397 	-7 
 266.5 	 95.5 	 21.31 	 .3 	-7.704 	 142 	 301 	 227 	 170 	 5396 	-7 
 267 	 95 	 21.31 	 .3 	-7.692 	 142 	 300 	 226 	 169 	 5397 	-7 
 267.5 	 95.4 	 21.26 	 .3 	-7.675 	 142 	 301 	 227 	 170 	 5398 	-6.8 
 268 	 95.4 	 21.29 	 .3 	-7.683 	 142 	 300 	 226 	 170 	 5396 	-7 
 268.5 	 95.4 	 21.18 	 .3 	-7.68 	 142 	 300 	 226 	 170 	 5396 	-7 
 269 	 95.3 	 21.19 	 .3 	-7.696 	 143 	 300 	 226 	 170 	 5398 	-6.8 
 269.5 	 95.1 	 21.18 	 .3 	-7.668 	 142 	 300 	 226 	 170 	 5398 	-7.3 
 270 	 95.4 	 21.28 	 .3 	-7.69 	 142 	 300 	 226 	 169 	 5396 	-6.9 
 270.5 	 95.1 	 21.24 	 .3 	-7.675 	 142 	 300 	 226 	 170 	 5398 	-6.8 
 271 	 95.5 	 21.36 	 .3 	-7.664 	 142 	 299 	 226 	 170 	 5395 	-6.6 
 271.5 	 95.3 	 21.28 	 .31 	-7.679 	 142 	 299 	 226 	 170 	 5398 	-6.9 
 272 	 95.1 	 21.28 	 .3 	-7.675 	 142 	 300 	 225 	 170 	 5400 	-6.5 
 272.5 	 95.5 	 21.26 	 .3 	-7.676 	 143 	 300 	 226 	 170 	 5397 	-6.5 
 273 	 95.1 	 21.3 	 .3 	-7.684 	 142 	 300 	 225 	 170 	 5399 	-7.3 
 273.5 	 95.5 	 21.38 	 .3 	-7.688 	 143 	 301 	 227 	 170 	 5396 	-6.6 
 274 	 95 	 21.28 	 .3 	-7.682 	 142 	 300 	 226 	 170 	 5399 	-6.8 
 274.5 	 95.3 	 21.24 	 .3 	-7.681 	 142 	 300 	 226 	 170 	 5398 	-6.9 
 275 	 95.3 	 21.1 	 .3 	-7.682 	 143 	 300 	 226 	 170 	 5399 	-6.8 
 275.5 	 95.4 	 21.36 	 .3 	-7.679 	 142 	 300 	 227 	 169 	 5398 	-6.8 
 276 	 95.5 	 21.11 	 .3 	-7.687 	 143 	 300 	 226 	 170 	 5403 	-7.1 
 276.5 	 95 	 21.18 	 .3 	-7.671 	 142 	 300 	 226 	 170 	 5400 	-7 
 277 	 95.5 	 21.19 	 .3 	-7.694 	 143 	 300 	 226 	 169 	 5398 	-7.4 
 277.5 	 95.1 	 21.27 	 .3 	-7.681 	 142 	 300 	 226 	 170 	 5395 	-6.8 
 278 	 95.3 	 21.18 	 .3 	-7.665 	 142 	 300 	 226 	 170 	 5398 	-6.4 
 278.5 	 95.2 	 21.19 	 .3 	-7.674 	 142 	 301 	 226 	 170 	 5396 	-6.8 
 279 	 95.4 	 21.31 	 .3 	-7.674 	 141 	 300 	 227 	 169 	 5398 	-7.1 
 279.5 	 95.5 	 21.29 	 .29 	-7.679 	 143 	 300 	 226 	 169 	 5402 	-6.5 
 280 	 94.9 	 21.11 	 .3 	-7.663 	 142 	 301 	 226 	 170 	 5400 	-6.4 
 280.5 	 95.3 	 20.91 	 .3 	-7.652 	 142 	 300 	 225 	 169 	 5397 	-6.8 
 281 	 95.1 	 21.15 	 .3 	-7.669 	 143 	 300 	 226 	 170 	 5399 	-6.8 
 281.5 	 95.3 	 21.26 	 .3 	-7.667 	 143 	 299 	 225 	 169 	 5398 	-6.8 
 282 	 95.2 	 21.23 	 .3 	-7.671 	 143 	 300 	 226 	 170 	 5398 	-6.6 
 282.5 	 95.3 	 21.28 	 .3 	-7.668 	 142 	 300 	 226 	 170 	 5399 	-6.3 
 283 	 95.4 	 21.17 	 .3 	-7.668 	 143 	 300 	 226 	 169 	 5397 	-6.9 
 283.5 	 95.2 	 21.24 	 .3 	-7.659 	 142 	 299 	 226 	 170 	 5400 	-6.8 
 284 	 95.6 	 21.1 	 .29 	-7.646 	 143 	 300 	 226 	 170 	 5398 	-6.5 
 284.5 	 95.1 	 21.16 	 .3 	-7.655 	 142 	 300 	 226 	 170 	 5399 	-6.4 
 285 	 95.4 	 21.32 	 .29 	-7.648 	 142 	 299 	 225 	 170 	 5399 	-6.6 
 285.5 	 95.5 	 21.23 	 .3 	-7.683 	 143 	 300 	 226 	 170 	 5401 	-6.9 
 286 	 95.4 	 21.11 	 .3 	-7.658 	 142 	 299 	 226 	 170 	 5400 	-6.9 
 286.5 	 95.3 	 21.26 	 .3 	-7.663 	 143 	 300 	 225 	 170 	 5401 	-7 
 287 	 95.2 	 21.11 	 .29 	-7.663 	 142 	 300 	 226 	 169 	 5399 	-6.8 
 287.5 	 95.5 	 21.29 	 .3 	-7.672 	 142 	 300 	 225 	 170 	 5399 	-6.8 
 288 	 95.2 	 21.3 	 .3 	-7.676 	 142 	 300 	 226 	 170 	 5402 	-7.1 
 288.5 	 95.4 	 21.27 	 .3 	-7.658 	 142 	 300 	 226 	 170 	 5402 	-6.8 
 289 	 95.1 	 21.19 	 .3 	-7.67 	 143 	 301 	 226 	 169 	 5402 	-7.1 
 289.5 	 95.2 	 21.27 	 .29 	-7.65 	 142 	 300 	 226 	 170 	 5400 	-7.1 
 290 	 95.5 	 21.33 	 .3 	-7.66 	 143 	 300 	 226 	 170 	 5398 	-6.8 
 290.5 	 95.2 	 21.2 	 .31 	-7.668 	 142 	 301 	 226 	 170 	 5400 	-6.8 
 291 	 95.6 	 21.3 	 .3 	-7.675 	 142 	 300 	 227 	 170 	 5400 	-7.4 
 291.5 	 95.1 	 21.38 	 .3 	-7.67 	 142 	 301 	 225 	 170 	 5401 	-6.6 
 292 	 95.3 	 21.34 	 .3 	-7.655 	 142 	 300 	 226 	 170 	 5402 	-6.3 
 292.5 	 95.4 	 21.17 	 .3 	-7.656 	 143 	 300 	 225 	 171 	 5399 	-6.8 
 293 	 95.3 	 21.33 	 .3 	-7.66 	 142 	 300 	 226 	 170 	 5400 	-6.8 
 293.5 	 95.5 	 21.26 	 .31 	-7.659 	 142 	 300 	 226 	 170 	 5400 	-6.6 
 294 	 95.1 	 21.23 	 .3 	-7.665 	 142 	 300 	 226 	 170 	 5400 	-7.4 
 294.5 	 95.5 	 21.31 	 .3 	-7.694 	 142 	 300 	 226 	 170 	 5401 	-6.3 
 295 	 95.2 	 21 	 .3 	-7.659 	 143 	 300 	 227 	 170 	 5402 	-6.5 
 295.5 	 95.2 	 21.32 	 .3 	-7.684 	 142 	 301 	 226 	 170 	 5404 	-6.9 
 296 	 95.3 	 21.22 	 .31 	-7.67 	 143 	 300 	 226 	 169 	 5401 	-6.5 
 296.5 	 95.3 	 21.17 	 .3 	-7.664 	 142 	 300 	 226 	 170 	 5400 	-6.6 
 297 	 95.4 	 21.19 	 .3 	-7.684 	 143 	 300 	 226 	 170 	 5401 	-6.5 
 297.5 	 95.2 	 21.06 	 .3 	-7.661 	 142 	 300 	 225 	 170 	 5399 	-6.8 
 298 	 95.3 	 21.37 	 .3 	-7.654 	 142 	 300 	 226 	 170 	 5400 	-6.9 
 298.5 	 95.3 	 21.2 	 .3 	-7.674 	 143 	 300 	 226 	 171 	 5399 	-6.8 
 299 	 95.2 	 21.32 	 .3 	-7.65 	 142 	 301 	 226 	 170 	 5402 	-6.8 
 299.5 	 95.4 	 21.2 	 .3 	-7.655 	 143 	 300 	 226 	 170 	 5403 	-7.1 
 300 	 95.2 	 21.26 	 .3 	-7.667 	 142 	 300 	 226 	 170 	 5401 	-6.9 
 300.5 	 95.5 	 21.15 	 .3 	-7.66 	 142 	 300 	 226 	 170 	 5402 	-6.3 
 301 	 95.1 	 21.52 	 .3 	-7.666 	 142 	 300 	 226 	 170 	 5402 	-6.5 
 301.5 	 95.4 	 21.22 	 .31 	-7.68 	 142 	 300 	 226 	 169 	 5404 	-6.6 
 302 	 95.4 	 21.35 	 .3 	-7.674 	 142 	 300 	 226 	 170 	 5401 	-6.9 
 302.5 	 95.1 	 21.05 	 .3 	-7.665 	 142 	 300 	 226 	 170 	 5402 	-6.5 
 303 	 95.5 	 21.23 	 .3 	-7.675 	 143 	 300 	 226 	 169 	 5401 	-7 
 303.5 	 95 	 21.05 	 .3 	-7.664 	 142 	 300 	 226 	 170 	 5403 	-6.9 
 304 	 95.4 	 21.18 	 .3 	-7.668 	 143 	 300 	 226 	 171 	 5403 	-6.8 
 304.5 	 95.2 	 21.14 	 .3 	-7.675 	 142 	 300 	 226 	 170 	 5406 	-6.8 
 305 	 95.3 	 20.96 	 .3 	-7.679 	 142 	 301 	 226 	 171 	 5402 	-6.8 
 305.5 	 95.4 	 21.18 	 .3 	-7.665 	 142 	 300 	 227 	 170 	 5401 	-6.4 
 306 	 95.4 	 21.34 	 .31 	-7.669 	 142 	 300 	 226 	 171 	 5402 	-6.6 
 306.5 	 95.5 	 21.37 	 .29 	-7.651 	 143 	 299 	 225 	 170 	 5401 	-6.6 
 307 	 95.2 	 21.39 	 .3 	-7.651 	 142 	 300 	 225 	 171 	 5400 	-6 
 307.5 	 95.2 	 21.37 	 .3 	-7.664 	 143 	 300 	 225 	 170 	 5403 	-6.6 
 308 	 95.3 	 21.26 	 .29 	-7.669 	 143 	 301 	 226 	 170 	 5400 	-6.8 
 308.5 	 95.3 	 21.24 	 .3 	-7.68 	 142 	 300 	 226 	 170 	 5402 	-6.6 
 309 	 95.4 	 21.25 	 .31 	-7.681 	 142 	 300 	 226 	 171 	 5402 	-7.1 
 309.5 	 95.1 	 21.18 	 .3 	-7.657 	 142 	 300 	 226 	 170 	 5403 	-7.1 
 310 	 95.5 	 21.25 	 .29 	-7.659 	 143 	 300 	 225 	 170 	 5404 	-6.9 
 310.5 	 95.3 	 21.33 	 .29 	-7.668 	 142 	 300 	 226 	 170 	 5401 	-6.5 
 311 	 95.3 	 21.2 	 .3 	-7.693 	 142 	 300 	 225 	 170 	 5402 	-6.9 
 311.5 	 95.3 	 21.25 	 .31 	-7.663 	 142 	 300 	 226 	 170 	 5401 	-7 
 312 	 95.4 	 20.98 	 .31 	-7.665 	 142 	 300 	 226 	 170 	 5404 	-6.9 
 312.5 	 95.5 	 21.21 	 .3 	-7.684 	 143 	 300 	 226 	 171 	 5399 	-6.9 
 313 	 95.1 	 21.09 	 .3 	-7.662 	 142 	 300 	 226 	 171 	 5400 	-6.5 
 313.5 	 95.5 	 21.26 	 .3 	-7.683 	 143 	 300 	 226 	 171 	 5402 	-6.9 
9 
