时间(S)	振次	轴位移(mm)	力(kN)	应力(kPa)	变形(mm)	侧位移(mm)	围压(kPa)	孔压(kPa)	反压(kPa)	体变(ml)	小体变(ml)
0.00	0.00	 96.3 	 21.25 	 301 	-.311 	 143 	 301 	 233 	 188 	 5403 	-6.9 
 .2 	 .02 	 96.4 	 21.25 	 30 	-.3 	 142.8 	 301 	 233 	 187 	 5405 	-6.8 
 .4 	 .04 	 96.3 	 21.33 	 30 	-.303 	 143.4 	 301 	 234 	 186 	 5404 	-6.9 
 .61 	 .06 	 96.5 	 21.45 	 31 	-.315 	 143.3 	 301 	 234 	 187 	 5406 	-6.9 
 .81 	 .08 	 96.6 	 21.73 	 31 	-.309 	 143 	 301 	 233 	 188 	 5407 	-6.9 
 1.01 	 .1 	 96.5 	 22.33 	 31 	-.281 	 143.4 	 301 	 234 	 188 	 5404 	-6.9 
 1.21 	 .12 	 96.5 	 22.75 	 33 	-.261 	 143.3 	 301 	 234 	 187 	 5405 	-6.6 
 1.41 	 .14 	 96.4 	 23.61 	 34 	-.213 	 143.4 	 301 	 234 	 187 	 5403 	-6.5 
 1.62 	 .16 	 96.6 	 24.03 	 35 	-.207 	 143.7 	 301 	 234 	 187 	 5406 	-6.5 
 1.82 	 .18 	 96.3 	 24.4 	 36 	-.183 	 142.7 	 301 	 234 	 187 	 5403 	-6.6 
 2.02 	 .2 	 96.5 	 25.24 	 36 	-.148 	 143.2 	 301 	 234 	 188 	 5404 	-6.8 
 2.22 	 .22 	 96.3 	 25.62 	 37 	-.122 	 143.5 	 301 	 234 	 188 	 5405 	-6.6 
 2.42 	 .24 	 96.5 	 25.9 	 36 	-.122 	 142.7 	 301 	 234 	 188 	 5405 	-6.8 
 2.63 	 .26 	 96.4 	 25.93 	 37 	-.128 	 143.5 	 300 	 234 	 188 	 5403 	-6.6 
 2.83 	 .28 	 96.5 	 26.32 	 37 	-.106 	 143 	 301 	 234 	 188 	 5402 	-7 
 3.03 	 .3 	 96.7 	 26.34 	 37 	-.065 	 142.8 	 300 	 234 	 188 	 5402 	-6.8 
 3.23 	 .32 	 96.7 	 26.3 	 37 	-.085 	 143.3 	 300 	 234 	 189 	 5404 	-6.4 
 3.43 	 .34 	 96.6 	 26.4 	 37 	-.062 	 142.6 	 301 	 234 	 188 	 5403 	-6.6 
 3.64 	 .36 	 96.6 	 26.33 	 38 	-.057 	 143.2 	 301 	 234 	 188 	 5408 	-6.6 
 3.84 	 .38 	 96.4 	 26.27 	 37 	-.048 	 143.3 	 301 	 235 	 188 	 5403 	-6.8 
 4.04 	 .4 	 96.3 	 26.29 	 37 	-.057 	 142.5 	 301 	 234 	 188 	 5404 	-7 
 4.24 	 .42 	 96.5 	 26.2 	 38 	-.05 	 143.6 	 301 	 234 	 188 	 5404 	-6.6 
 4.44 	 .44 	 96.3 	 25.94 	 36 	-.049 	 143.5 	 300 	 233 	 188 	 5404 	-7 
 4.65 	 .46 	 96.6 	 25.62 	 35 	-.052 	 143.4 	 300 	 235 	 188 	 5405 	-6.6 
 4.85 	 .48 	 96.6 	 24.56 	 35 	-.082 	 143.4 	 301 	 234 	 188 	 5404 	-6.3 
 5.05 	 .5 	 96.6 	 24.11 	 34 	-.094 	 142.9 	 302 	 234 	 187 	 5404 	-6.6 
 5.25 	 .52 	 96.8 	 23.39 	 33 	-.112 	 143.3 	 301 	 233 	 188 	 5402 	-7 
 5.45 	 .54 	 96.6 	 22.19 	 31 	-.145 	 143 	 302 	 233 	 187 	 5405 	-6.6 
 5.66 	 .56 	 96.5 	 21.74 	 30 	-.179 	 143.2 	 301 	 233 	 187 	 5405 	-6.5 
 5.86 	 .58 	 96.4 	 21.13 	 29 	-.2 	 143.6 	 301 	 234 	 187 	 5404 	-6.8 
 6.06 	 .6 	 96.4 	 20.65 	 28 	-.225 	 143 	 301 	 233 	 187 	 5405 	-6.9 
 6.26 	 .62 	 96.3 	 19.48 	 27 	-.274 	 143.3 	 301 	 232 	 187 	 5404 	-6.8 
 6.46 	 .64 	 96.5 	 19.03 	 26 	-.296 	 143.5 	 302 	 233 	 187 	 5404 	-6.5 
 6.67 	 .66 	 96.1 	 18.54 	 25 	-.338 	 142.7 	 302 	 233 	 187 	 5403 	-6.4 
 6.87 	 .68 	 96.4 	 17.63 	 25 	-.377 	 143.4 	 301 	 233 	 187 	 5404 	-6.6 
 7.07 	 .7 	 96.3 	 17.22 	 24 	-.386 	 143.1 	 301 	 232 	 187 	 5402 	-6.6 
 7.27 	 .72 	 96.3 	 16.77 	 24 	-.409 	 142.5 	 302 	 232 	 186 	 5404 	-6.8 
 7.47 	 .74 	 96.4 	 16.49 	 23 	-.441 	 143.7 	 302 	 232 	 186 	 5403 	-6.9 
 7.68 	 .76 	 96.3 	 16.2 	 22 	-.477 	 143.1 	 302 	 233 	 186 	 5405 	-7.3 
 7.88 	 .78 	 96.4 	 16.19 	 22 	-.465 	 143.2 	 301 	 232 	 186 	 5403 	-6.8 
 8.08 	 .8 	 96.2 	 15.84 	 23 	-.469 	 143.5 	 301 	 233 	 186 	 5401 	-6.6 
 8.28 	 .82 	 96 	 15.91 	 22 	-.497 	 142.1 	 301 	 232 	 187 	 5402 	-6.8 
 8.48 	 .84 	 96 	 16 	 22 	-.498 	 143.6 	 301 	 232 	 187 	 5404 	-6.4 
 8.69 	 .86 	 96 	 15.83 	 23 	-.476 	 143.3 	 301 	 233 	 186 	 5402 	-6.6 
 8.89 	 .88 	 96.1 	 15.94 	 22 	-.49 	 142.8 	 302 	 233 	 186 	 5404 	-6.6 
 9.09 	 .9 	 96.3 	 15.88 	 22 	-.498 	 143.5 	 301 	 232 	 187 	 5405 	-6.8 
 9.29 	 .92 	 96.2 	 16.23 	 23 	-.519 	 143.1 	 301 	 232 	 187 	 5406 	-6.6 
 9.49 	 .94 	 96.2 	 16.45 	 24 	-.501 	 143.3 	 301 	 233 	 186 	 5404 	-6.9 
 9.7 	 .96 	 96.3 	 17.1 	 24 	-.46 	 143.4 	 301 	 233 	 187 	 5407 	-6.9 
 9.9 	 .99 	 96.5 	 17.59 	 26 	-.431 	 142.7 	 301 	 233 	 187 	 5403 	-7.1 
 10.1 	 1.01 	 96.2 	 18.22 	 27 	-.411 	 143.5 	 301 	 233 	 187 	 5403 	-6.9 
 10.3 	 1.03 	 96.4 	 19.55 	 28 	-.341 	 143.4 	 300 	 233 	 187 	 5407 	-7 
 10.5 	 1.05 	 96.4 	 20.3 	 30 	-.323 	 143.1 	 301 	 234 	 188 	 5404 	-6.9 
 10.71 	 1.07 	 96.2 	 20.61 	 30 	-.294 	 143.5 	 300 	 234 	 187 	 5405 	-6.5 
 10.91 	 1.09 	 96.5 	 21.39 	 31 	-.264 	 142.7 	 301 	 233 	 187 	 5402 	-6.8 
 11.11 	 1.11 	 96.3 	 22.67 	 33 	-.207 	 143.4 	 301 	 234 	 188 	 5403 	-6.8 
 11.31 	 1.13 	 96.5 	 23.21 	 34 	-.179 	 143.6 	 301 	 234 	 188 	 5407 	-6.6 
 11.51 	 1.15 	 96.3 	 23.73 	 34 	-.167 	 142.8 	 301 	 234 	 188 	 5406 	-6.9 
 11.72 	 1.17 	 96.7 	 24.64 	 36 	-.112 	 143.5 	 301 	 235 	 188 	 5405 	-6.8 
 11.92 	 1.19 	 96.6 	 25.07 	 36 	-.085 	 143 	 301 	 234 	 188 	 5404 	-6.8 
 12.12 	 1.21 	 96.6 	 25.49 	 37 	-.082 	 143 	 300 	 234 	 189 	 5408 	-6.6 
 12.32 	 1.23 	 96.6 	 25.85 	 37 	-.045 	 143.6 	 300 	 235 	 188 	 5405 	-6.9 
 12.52 	 1.25 	 96.5 	 25.97 	 37 	-.026 	 142.7 	 300 	 235 	 188 	 5404 	-7.1 
 12.73 	 1.27 	 96.7 	 26.34 	 38 	-.03 	 143.5 	 301 	 234 	 188 	 5404 	-6.3 
 12.93 	 1.29 	 96.6 	 26.61 	 37 	-.016 	 143.2 	 301 	 235 	 188 	 5401 	-6.3 
 13.13 	 1.31 	 96.4 	 26.61 	 38 	 .015 	 142.5 	 301 	 234 	 188 	 5404 	-6.8 
 13.33 	 1.33 	 96.6 	 26.59 	 38 	 .017 	 143.6 	 302 	 233 	 189 	 5403 	-6.9 
 13.53 	 1.35 	 96.6 	 26.56 	 38 	 .008 	 142.4 	 301 	 234 	 188 	 5405 	-6.8 
 13.74 	 1.37 	 96.4 	 26.5 	 37 	 .028 	 143.5 	 301 	 234 	 188 	 5405 	-6.8 
 13.94 	 1.39 	 96.6 	 26.41 	 37 	 .04 	 143.5 	 300 	 234 	 188 	 5405 	-6.9 
 14.14 	 1.41 	 96.7 	 26.38 	 37 	 .032 	 142.9 	 301 	 234 	 188 	 5402 	-6.6 
 14.34 	 1.43 	 96.8 	 26.25 	 37 	 .029 	 143.5 	 301 	 234 	 188 	 5407 	-6.9 
 14.54 	 1.45 	 96.8 	 25.76 	 35 	 .02 	 142.9 	 301 	 234 	 189 	 5405 	-7 
 14.75 	 1.47 	 96.6 	 25.46 	 35 	 .004 	 143.6 	 301 	 234 	 188 	 5402 	-6.9 
 14.95 	 1.49 	 96.9 	 24.74 	 34 	-.018 	 143.8 	 301 	 234 	 188 	 5404 	-6.6 
 15.15 	 1.51 	 96.6 	 23.66 	 32 	-.044 	 142.7 	 301 	 234 	 187 	 5404 	-6.3 
 15.35 	 1.53 	 96.5 	 22.95 	 32 	-.046 	 143.3 	 300 	 234 	 188 	 5404 	-6.8 
 15.55 	 1.55 	 96.6 	 22.25 	 30 	-.085 	 143.3 	 301 	 234 	 188 	 5403 	-7 
 15.76 	 1.57 	 96.6 	 21.61 	 30 	-.093 	 142.8 	 301 	 233 	 188 	 5405 	-6.9 
 15.96 	 1.59 	 96.5 	 20.65 	 28 	-.147 	 143.2 	 301 	 233 	 187 	 5405 	-6.8 
 16.16 	 1.61 	 96.5 	 19.93 	 27 	-.162 	 142.9 	 301 	 233 	 187 	 5404 	-6.6 
 16.36 	 1.63 	 96.3 	 19.43 	 26 	-.207 	 142.8 	 301 	 233 	 187 	 5406 	-6.8 
 16.56 	 1.65 	 96.5 	 18.31 	 26 	-.246 	 143.5 	 301 	 233 	 187 	 5407 	-6.8 
 16.77 	 1.67 	 96.4 	 18.02 	 24 	-.259 	 143.1 	 301 	 233 	 186 	 5403 	-6.9 
 16.97 	 1.69 	 96.6 	 17.72 	 24 	-.287 	 143.6 	 301 	 233 	 187 	 5405 	-6.8 
 17.17 	 1.71 	 96.7 	 16.9 	 24 	-.344 	 143.7 	 301 	 233 	 186 	 5406 	-6.8 
 17.37 	 1.73 	 96.4 	 16.72 	 23 	-.366 	 142.8 	 302 	 232 	 186 	 5404 	-7.1 
 17.57 	 1.75 	 96.4 	 16.46 	 23 	-.378 	 143.6 	 301 	 232 	 186 	 5405 	-6.6 
 17.78 	 1.77 	 96.3 	 16.29 	 23 	-.384 	 142.7 	 301 	 233 	 188 	 5406 	-7.1 
 17.98 	 1.79 	 96.2 	 16.13 	 23 	-.397 	 143.2 	 302 	 232 	 186 	 5406 	-6.8 
 18.18 	 1.81 	 96.4 	 16.08 	 22 	-.419 	 143.5 	 300 	 232 	 187 	 5407 	-6.8 
 18.38 	 1.83 	 96.1 	 15.86 	 23 	-.417 	 142.8 	 301 	 232 	 186 	 5405 	-7 
 18.58 	 1.85 	 96.2 	 15.9 	 22 	-.434 	 143.5 	 301 	 232 	 187 	 5404 	-6.5 
 18.79 	 1.87 	 96.3 	 15.84 	 23 	-.423 	 143.4 	 301 	 233 	 186 	 5406 	-7.1 
 18.99 	 1.89 	 96.4 	 16.04 	 24 	-.419 	 143 	 302 	 233 	 187 	 5404 	-6.3 
 19.19 	 1.91 	 96.2 	 15.82 	 23 	-.419 	 143.6 	 302 	 233 	 187 	 5405 	-6.5 
 19.39 	 1.93 	 96.5 	 16.35 	 23 	-.418 	 142.4 	 302 	 233 	 187 	 5404 	-7 
 19.59 	 1.95 	 96.2 	 16.46 	 24 	-.395 	 143.2 	 301 	 233 	 187 	 5405 	-6.6 
 19.8 	 1.97 	 96.6 	 17.13 	 25 	-.386 	 143.3 	 301 	 233 	 187 	 5406 	-6.9 
 20 	 2 	 96.3 	 18.22 	 27 	-.341 	 142.6 	 300 	 233 	 187 	 5405 	-6.8 
 20.2 	 2.02 	 96.4 	 18.84 	 27 	-.319 	 143.5 	 301 	 233 	 187 	 5403 	-7.1 
 20.4 	 2.04 	 96.3 	 19.57 	 29 	-.292 	 142.8 	 301 	 234 	 188 	 5403 	-6.8 
 20.6 	 2.06 	 96.2 	 20.78 	 30 	-.234 	 143.2 	 301 	 233 	 188 	 5404 	-6.5 
 20.81 	 2.08 	 96.3 	 21.37 	 31 	-.189 	 143.3 	 301 	 234 	 188 	 5402 	-6.8 
 21.01 	 2.1 	 96.3 	 21.94 	 31 	-.158 	 142.2 	 301 	 234 	 188 	 5405 	-6.6 
 21.21 	 2.12 	 96.5 	 22.75 	 33 	-.153 	 143.7 	 301 	 234 	 189 	 5404 	-6.5 
 21.41 	 2.14 	 96.6 	 23.62 	 34 	-.083 	 143.1 	 301 	 234 	 188 	 5405 	-7 
 21.61 	 2.16 	 96.8 	 24.21 	 34 	-.039 	 143 	 301 	 235 	 189 	 5405 	-7 
 21.82 	 2.18 	 96.7 	 24.78 	 35 	-.036 	 143.6 	 300 	 234 	 189 	 5405 	-6.9 
 22.02 	 2.2 	 96.7 	 25.56 	 36 	 .023 	 143 	 301 	 235 	 188 	 5406 	-6.5 
 22.22 	 2.22 	 96.6 	 25.61 	 37 	 .026 	 143.3 	 300 	 235 	 188 	 5401 	-6.4 
 22.42 	 2.24 	 96.7 	 25.96 	 37 	 .029 	 143 	 301 	 234 	 188 	 5407 	-7.3 
 22.62 	 2.26 	 96.7 	 26.35 	 37 	 .051 	 142.7 	 300 	 234 	 189 	 5404 	-6.9 
 22.83 	 2.28 	 96.6 	 26.62 	 38 	 .06 	 143.5 	 300 	 235 	 188 	 5407 	-7.3 
 23.03 	 2.3 	 96.4 	 26.63 	 38 	 .075 	 143.1 	 301 	 235 	 189 	 5406 	-7 
 23.23 	 2.32 	 96.6 	 26.64 	 37 	 .072 	 143.1 	 300 	 234 	 189 	 5407 	-6.9 
 23.43 	 2.34 	 96.8 	 26.73 	 38 	 .092 	 143.7 	 301 	 235 	 188 	 5404 	-6.9 
 23.63 	 2.36 	 96.8 	 26.46 	 38 	 .099 	 142.8 	 301 	 234 	 189 	 5403 	-6.6 
 23.84 	 2.38 	 96.7 	 26.62 	 38 	 .086 	 143.5 	 301 	 235 	 188 	 5404 	-7 
 24.04 	 2.4 	 96.6 	 26.55 	 37 	 .085 	 143.7 	 301 	 235 	 189 	 5404 	-6.4 
 24.24 	 2.42 	 96.8 	 26.38 	 37 	 .075 	 142.7 	 301 	 234 	 189 	 5406 	-7 
 24.44 	 2.44 	 96.7 	 25.97 	 36 	 .102 	 143.5 	 301 	 234 	 189 	 5402 	-6.8 
 24.64 	 2.46 	 96.7 	 25.62 	 35 	 .081 	 142.6 	 301 	 234 	 188 	 5404 	-6.9 
 24.85 	 2.48 	 96.6 	 24.73 	 34 	 .06 	 143.4 	 301 	 234 	 188 	 5404 	-6.8 
 25.05 	 2.5 	 96.6 	 24.31 	 33 	 .047 	 143.5 	 301 	 234 	 188 	 5405 	-6.5 
 25.25 	 2.52 	 96.7 	 23.66 	 33 	 .029 	 142.7 	 302 	 234 	 189 	 5406 	-6.8 
 25.45 	 2.54 	 96.5 	 22.44 	 32 	 .005 	 143.7 	 301 	 234 	 188 	 5404 	-6.6 
 25.65 	 2.56 	 96.5 	 21.5 	 30 	-.042 	 143 	 301 	 234 	 188 	 5406 	-6.3 
 25.86 	 2.58 	 96.4 	 21.18 	 29 	-.069 	 142.9 	 301 	 233 	 188 	 5405 	-6.9 
 26.06 	 2.6 	 96.4 	 20.66 	 28 	-.092 	 143.6 	 300 	 234 	 188 	 5404 	-6.3 
 26.26 	 2.62 	 96.6 	 19.47 	 28 	-.124 	 143 	 301 	 233 	 188 	 5405 	-6.5 
 26.46 	 2.64 	 96.5 	 18.95 	 26 	-.16 	 143.7 	 301 	 233 	 187 	 5403 	-6.4 
 26.66 	 2.66 	 96.5 	 18.37 	 26 	-.184 	 143.2 	 301 	 234 	 188 	 5401 	-6.5 
 26.87 	 2.68 	 96.5 	 17.51 	 25 	-.229 	 142.9 	 302 	 233 	 188 	 5406 	-6.3 
 27.07 	 2.7 	 96.6 	 17.3 	 24 	-.254 	 143.8 	 301 	 233 	 187 	 5406 	-6.6 
 27.27 	 2.72 	 96.4 	 16.9 	 25 	-.267 	 143 	 302 	 234 	 187 	 5404 	-6.6 
 27.47 	 2.74 	 96.4 	 16.61 	 23 	-.29 	 143.5 	 301 	 233 	 188 	 5405 	-7.1 
 27.67 	 2.76 	 96.2 	 16.32 	 23 	-.342 	 144 	 301 	 233 	 187 	 5404 	-6.6 
 27.88 	 2.78 	 96.5 	 16.18 	 23 	-.348 	 142.7 	 302 	 232 	 187 	 5405 	-7 
 28.08 	 2.8 	 96.1 	 15.98 	 22 	-.351 	 143.7 	 301 	 233 	 187 	 5405 	-7 
 28.28 	 2.82 	 96.3 	 15.79 	 23 	-.344 	 142.5 	 301 	 233 	 188 	 5405 	-6.9 
 28.48 	 2.84 	 96.4 	 16.17 	 23 	-.333 	 143 	 301 	 233 	 187 	 5406 	-7.3 
 28.68 	 2.86 	 96.4 	 15.95 	 22 	-.352 	 143.5 	 302 	 233 	 187 	 5405 	-6.6 
 28.89 	 2.88 	 96.6 	 15.97 	 23 	-.343 	 142.6 	 301 	 233 	 187 	 5405 	-6.4 
 29.09 	 2.9 	 96.5 	 16.07 	 23 	-.36 	 143.2 	 301 	 233 	 188 	 5402 	-6.5 
 29.29 	 2.92 	 96.4 	 16.15 	 22 	-.367 	 143.2 	 301 	 233 	 187 	 5403 	-7 
 29.49 	 2.94 	 96.5 	 16.38 	 23 	-.361 	 142.7 	 302 	 233 	 188 	 5405 	-6.6 
 29.69 	 2.97 	 96.3 	 17.03 	 24 	-.305 	 143.5 	 301 	 234 	 188 	 5407 	-7.3 
 29.9 	 2.99 	 96.4 	 17.86 	 26 	-.298 	 143.2 	 301 	 233 	 187 	 5406 	-6.6 
 30.1 	 3.01 	 96.2 	 18.11 	 26 	-.278 	 142.9 	 301 	 233 	 187 	 5407 	-6.8 
 30.3 	 3.03 	 96.2 	 19.54 	 28 	-.217 	 143.6 	 301 	 234 	 188 	 5405 	-6.8 
 30.5 	 3.05 	 96.4 	 20.22 	 29 	-.188 	 143.1 	 301 	 235 	 188 	 5406 	-6.8 
 30.7 	 3.07 	 96.3 	 20.81 	 30 	-.165 	 143.7 	 301 	 234 	 189 	 5406 	-7 
 30.91 	 3.09 	 96.5 	 21.35 	 32 	-.13 	 143.4 	 301 	 234 	 189 	 5407 	-6.8 
 31.11 	 3.11 	 96.7 	 22.75 	 33 	-.075 	 142.6 	 301 	 235 	 189 	 5404 	-6.8 
 31.31 	 3.13 	 96.6 	 23.26 	 33 	-.044 	 143.6 	 301 	 235 	 188 	 5403 	-6.9 
 31.51 	 3.15 	 96.9 	 23.94 	 35 	-.017 	 143.1 	 302 	 235 	 189 	 5404 	-6.8 
 31.71 	 3.17 	 96.8 	 24.89 	 35 	 .021 	 143.2 	 301 	 234 	 189 	 5405 	-6.8 
 31.92 	 3.19 	 96.6 	 25.25 	 36 	 .031 	 143.3 	 301 	 235 	 188 	 5404 	-7 
 32.12 	 3.21 	 96.7 	 25.52 	 37 	 .05 	 142.6 	 301 	 235 	 188 	 5404 	-6.8 
 32.32 	 3.23 	 96.5 	 26.12 	 37 	 .099 	 143.5 	 300 	 234 	 188 	 5406 	-6.9 
 32.52 	 3.25 	 96.5 	 26.4 	 38 	 .107 	 143.3 	 300 	 235 	 189 	 5402 	-7.1 
 32.72 	 3.27 	 96.8 	 26.44 	 38 	 .138 	 142.9 	 301 	 235 	 189 	 5404 	-6.6 
 32.93 	 3.29 	 96.3 	 26.48 	 38 	 .134 	 143.6 	 301 	 235 	 188 	 5405 	-6.9 
 33.13 	 3.31 	 96.7 	 26.8 	 38 	 .139 	 142.7 	 301 	 235 	 189 	 5405 	-7.1 
 33.33 	 3.33 	 96.6 	 26.67 	 37 	 .134 	 143.3 	 301 	 234 	 188 	 5405 	-7.1 
 33.53 	 3.35 	 96.7 	 26.69 	 37 	 .146 	 143.7 	 301 	 235 	 189 	 5404 	-6.5 
 33.73 	 3.37 	 96.8 	 26.54 	 37 	 .136 	 142.6 	 301 	 235 	 190 	 5406 	-6.9 
 33.94 	 3.39 	 96.9 	 26.51 	 37 	 .167 	 143.6 	 302 	 235 	 189 	 5403 	-6.8 
 34.14 	 3.41 	 96.9 	 26.44 	 37 	 .161 	 143.5 	 301 	 235 	 189 	 5404 	-6.6 
 34.34 	 3.43 	 96.9 	 26.31 	 36 	 .15 	 143.1 	 301 	 234 	 189 	 5406 	-6.9 
 34.54 	 3.45 	 96.8 	 25.79 	 36 	 .143 	 143.6 	 300 	 234 	 189 	 5407 	-6.8 
 34.74 	 3.47 	 96.7 	 25.5 	 35 	 .136 	 142.8 	 301 	 234 	 188 	 5405 	-6.8 
 34.95 	 3.49 	 96.5 	 24.67 	 34 	 .136 	 143.5 	 301 	 234 	 188 	 5407 	-6.5 
 35.15 	 3.51 	 96.6 	 23.67 	 33 	 .077 	 143.1 	 301 	 234 	 188 	 5406 	-6.9 
 35.35 	 3.53 	 96.8 	 22.99 	 31 	 .056 	 143 	 301 	 234 	 189 	 5404 	-7 
 35.55 	 3.55 	 96.5 	 22.3 	 30 	 .032 	 143.7 	 301 	 234 	 189 	 5406 	-6.9 
 35.75 	 3.57 	 96.6 	 21.67 	 30 	 .015 	 142.5 	 301 	 234 	 189 	 5405 	-6.8 
 35.96 	 3.59 	 96.7 	 20.56 	 28 	-.027 	 143.7 	 300 	 234 	 188 	 5406 	-6.3 
 36.16 	 3.61 	 96.8 	 20.01 	 28 	-.054 	 143.7 	 301 	 233 	 188 	 5405 	-7 
 36.36 	 3.63 	 96.7 	 19.63 	 27 	-.076 	 142.9 	 302 	 233 	 187 	 5403 	-6.8 
 36.56 	 3.65 	 96.3 	 18.46 	 25 	-.119 	 143.7 	 301 	 233 	 188 	 5405 	-6.9 
 36.76 	 3.67 	 96.7 	 18.04 	 25 	-.181 	 142.4 	 300 	 234 	 187 	 5404 	-6.5 
 36.97 	 3.69 	 96.7 	 17.83 	 24 	-.182 	 143.1 	 301 	 234 	 187 	 5406 	-6.8 
 37.17 	 3.71 	 96.4 	 16.97 	 24 	-.248 	 143.4 	 302 	 233 	 188 	 5405 	-7 
 37.37 	 3.73 	 96.5 	 16.66 	 23 	-.251 	 142.7 	 301 	 234 	 187 	 5405 	-6.4 
 37.57 	 3.75 	 96.5 	 16.45 	 23 	-.279 	 143.5 	 302 	 233 	 187 	 5405 	-6.6 
 37.77 	 3.77 	 96.3 	 16.29 	 23 	-.284 	 143.1 	 301 	 234 	 188 	 5405 	-7.1 
 37.98 	 3.79 	 96.3 	 16.01 	 22 	-.31 	 143.2 	 301 	 234 	 187 	 5405 	-6.9 
 38.18 	 3.81 	 96.2 	 16.05 	 23 	-.306 	 143.6 	 301 	 233 	 187 	 5404 	-6.6 
 38.38 	 3.83 	 96.4 	 16 	 23 	-.316 	 142.7 	 301 	 233 	 188 	 5404 	-6.6 
 38.58 	 3.85 	 96.3 	 15.87 	 22 	-.305 	 143.1 	 302 	 233 	 187 	 5404 	-6.8 
 38.78 	 3.87 	 96.6 	 15.94 	 22 	-.32 	 143.2 	 301 	 233 	 187 	 5405 	-6.6 
 38.99 	 3.89 	 96.7 	 15.9 	 23 	-.317 	 142.8 	 301 	 233 	 187 	 5403 	-6.8 
 39.19 	 3.91 	 96.6 	 15.9 	 23 	-.326 	 143.6 	 301 	 233 	 187 	 5404 	-6.8 
 39.39 	 3.93 	 96.5 	 16.21 	 24 	-.311 	 143.1 	 301 	 233 	 188 	 5407 	-6.9 
 39.59 	 3.96 	 96.4 	 16.69 	 24 	-.302 	 143.4 	 301 	 234 	 187 	 5403 	-6.6 
 39.79 	 3.98 	 96.4 	 16.95 	 25 	-.269 	 143.8 	 301 	 234 	 188 	 5408 	-6.1 
 40 	 4 	 96.4 	 18.26 	 26 	-.224 	 143.2 	 301 	 234 	 188 	 5403 	-6.8 
 40.2 	 4.02 	 96.2 	 18.75 	 27 	-.214 	 143.4 	 300 	 234 	 188 	 5408 	-6.9 
 40.4 	 4.04 	 96.2 	 19.55 	 28 	-.17 	 143.3 	 301 	 234 	 188 	 5405 	-6.8 
 40.6 	 4.06 	 96.3 	 20.26 	 30 	-.159 	 142.9 	 301 	 235 	 189 	 5404 	-6.9 
 40.8 	 4.08 	 96.5 	 21.28 	 31 	-.112 	 143.7 	 301 	 234 	 189 	 5406 	-6.6 
 41.01 	 4.1 	 96.6 	 21.9 	 31 	-.053 	 142.8 	 300 	 234 	 189 	 5404 	-6.6 
 41.21 	 4.12 	 96.7 	 22.44 	 32 	-.026 	 143.8 	 301 	 235 	 189 	 5404 	-6.6 
 41.41 	 4.14 	 96.6 	 23.72 	 34 	 .033 	 143.3 	 300 	 234 	 189 	 5403 	-6.6 
 41.61 	 4.16 	 97 	 24.29 	 35 	 .035 	 142.7 	 301 	 235 	 189 	 5404 	-6.5 
 41.81 	 4.18 	 96.8 	 24.96 	 36 	 .068 	 143.8 	 301 	 235 	 189 	 5403 	-6.6 
 42.02 	 4.2 	 96.7 	 25.64 	 36 	 .108 	 143.1 	 301 	 235 	 189 	 5404 	-6.8 
 42.22 	 4.22 	 96.7 	 25.94 	 38 	 .121 	 143.5 	 301 	 235 	 189 	 5406 	-6.8 
 42.42 	 4.24 	 96.5 	 26.06 	 37 	 .125 	 143.6 	 301 	 235 	 188 	 5406 	-6.8 
 42.62 	 4.26 	 96.5 	 26.33 	 38 	 .153 	 142.9 	 301 	 235 	 189 	 5405 	-6.8 
 42.82 	 4.28 	 96.5 	 26.49 	 37 	 .155 	 143.5 	 301 	 235 	 189 	 5405 	-6.8 
 43.03 	 4.3 	 96.6 	 26.64 	 38 	 .181 	 143.5 	 300 	 235 	 190 	 5403 	-6.8 
 43.23 	 4.32 	 96.7 	 26.73 	 38 	 .183 	 143.1 	 301 	 236 	 189 	 5403 	-6.8 
 43.43 	 4.34 	 96.8 	 26.77 	 38 	 .182 	 143.7 	 301 	 235 	 189 	 5407 	-7 
 43.63 	 4.36 	 96.8 	 26.73 	 38 	 .169 	 143.1 	 300 	 235 	 189 	 5404 	-6.9 
 43.83 	 4.38 	 96.9 	 26.52 	 38 	 .177 	 143.3 	 301 	 234 	 189 	 5404 	-7.1 
 44.04 	 4.4 	 96.7 	 26.43 	 37 	 .198 	 143.6 	 301 	 234 	 189 	 5403 	-6.5 
 44.24 	 4.42 	 96.9 	 26.22 	 37 	 .202 	 143.1 	 301 	 235 	 189 	 5403 	-6.9 
 44.44 	 4.44 	 96.8 	 26.07 	 36 	 .175 	 143.7 	 301 	 235 	 189 	 5403 	-6.9 
 44.64 	 4.46 	 96.8 	 25.68 	 36 	 .198 	 143.1 	 301 	 235 	 188 	 5407 	-7 
 44.84 	 4.48 	 96.6 	 24.89 	 35 	 .171 	 143 	 301 	 235 	 189 	 5404 	-6.6 
 45.05 	 4.5 	 96.8 	 24.14 	 33 	 .143 	 143.7 	 301 	 235 	 189 	 5405 	-7.1 
 45.25 	 4.52 	 96.5 	 23.62 	 32 	 .143 	 142.9 	 302 	 234 	 189 	 5403 	-7.3 
 45.45 	 4.54 	 96.5 	 22.31 	 31 	 .088 	 144 	 301 	 234 	 189 	 5405 	-6.9 
 45.65 	 4.56 	 96.6 	 21.78 	 30 	 .077 	 143.5 	 301 	 234 	 189 	 5404 	-6.5 
 45.85 	 4.58 	 96.7 	 21.12 	 29 	 .038 	 143 	 301 	 234 	 189 	 5404 	-6.6 
 46.06 	 4.6 	 96.7 	 20.54 	 28 	 .022 	 143.5 	 301 	 234 	 189 	 5405 	-6.9 
 46.26 	 4.62 	 96.6 	 19.54 	 27 	-.025 	 142.8 	 301 	 234 	 188 	 5404 	-6.8 
 46.46 	 4.64 	 96.7 	 18.98 	 26 	-.064 	 143.6 	 301 	 234 	 188 	 5402 	-6.5 
 46.66 	 4.66 	 96.6 	 18.41 	 25 	-.076 	 143.5 	 301 	 234 	 188 	 5407 	-6.9 
 46.86 	 4.68 	 96.7 	 17.71 	 25 	-.136 	 142.7 	 302 	 233 	 188 	 5404 	-6.3 
 47.07 	 4.7 	 96.7 	 17.35 	 23 	-.145 	 143.8 	 302 	 234 	 188 	 5408 	-6.4 
 47.27 	 4.72 	 96.6 	 16.99 	 24 	-.169 	 143.1 	 301 	 234 	 187 	 5401 	-7.4 
 47.47 	 4.74 	 96.5 	 16.73 	 23 	-.19 	 143.7 	 302 	 234 	 188 	 5402 	-6.4 
 47.67 	 4.76 	 96.2 	 16.41 	 23 	-.23 	 143.5 	 302 	 233 	 188 	 5406 	-7.1 
 47.87 	 4.78 	 96.3 	 16.06 	 22 	-.236 	 143 	 302 	 234 	 188 	 5405 	-6.6 
 48.08 	 4.8 	 96.4 	 15.92 	 22 	-.24 	 143.7 	 302 	 233 	 188 	 5405 	-6.8 
 48.28 	 4.82 	 96.4 	 15.85 	 23 	-.246 	 143 	 301 	 233 	 188 	 5406 	-6.9 
 48.48 	 4.84 	 96.4 	 15.99 	 22 	-.258 	 143.4 	 302 	 233 	 188 	 5406 	-6.6 
 48.68 	 4.86 	 96.4 	 15.8 	 22 	-.258 	 144 	 302 	 233 	 188 	 5402 	-6.4 
 48.88 	 4.88 	 96.7 	 15.83 	 23 	-.242 	 143.2 	 302 	 233 	 187 	 5405 	-6.3 
 49.09 	 4.9 	 96.7 	 16.13 	 22 	-.254 	 143.6 	 301 	 233 	 188 	 5407 	-7.3 
 49.29 	 4.92 	 96.7 	 16.26 	 23 	-.268 	 143.5 	 301 	 233 	 189 	 5405 	-6.9 
 49.49 	 4.95 	 96.5 	 16.33 	 24 	-.268 	 143 	 301 	 233 	 188 	 5406 	-7.1 
 49.69 	 4.97 	 96.5 	 17.32 	 25 	-.215 	 143.8 	 301 	 234 	 188 	 5404 	-6.9 
 49.89 	 4.99 	 96.4 	 17.74 	 26 	-.205 	 143 	 301 	 233 	 189 	 5405 	-6.9 
 50.1 	 5.01 	 96.3 	 18.19 	 27 	-.171 	 143.3 	 301 	 234 	 188 	 5404 	-6.3 
 50.3 	 5.03 	 96.2 	 19.36 	 28 	-.124 	 143.6 	 301 	 234 	 188 	 5408 	-6.4 
 50.5 	 5.05 	 96.4 	 19.99 	 29 	-.075 	 143.1 	 301 	 235 	 189 	 5404 	-6.9 
 50.7 	 5.07 	 96.6 	 20.84 	 30 	-.054 	 143.9 	 301 	 233 	 188 	 5404 	-6.9 
 50.9 	 5.09 	 96.5 	 21.33 	 31 	-.034 	 142.8 	 301 	 234 	 189 	 5401 	-6.9 
 51.11 	 5.11 	 96.8 	 22.61 	 32 	 .042 	 142.9 	 300 	 234 	 190 	 5404 	-6.5 
 51.31 	 5.13 	 96.7 	 23.28 	 33 	 .054 	 144.1 	 301 	 235 	 190 	 5407 	-6.6 
 51.51 	 5.15 	 96.8 	 23.67 	 35 	 .097 	 142.7 	 301 	 235 	 189 	 5406 	-6.6 
 51.71 	 5.17 	 96.9 	 24.79 	 36 	 .129 	 143.4 	 300 	 235 	 190 	 5404 	-6.6 
 51.91 	 5.19 	 96.9 	 25.22 	 36 	 .157 	 143.3 	 301 	 234 	 189 	 5399 	-6.3 
 52.12 	 5.21 	 96.9 	 25.46 	 37 	 .168 	 142.5 	 301 	 235 	 190 	 5405 	-6.6 
 52.32 	 5.23 	 96.8 	 26.12 	 37 	 .199 	 143.6 	 301 	 235 	 190 	 5405 	-6.5 
 52.52 	 5.25 	 96.7 	 26.21 	 38 	 .213 	 142.8 	 301 	 235 	 189 	 5404 	-6.6 
 52.72 	 5.27 	 96.6 	 26.49 	 38 	 .231 	 143.2 	 301 	 235 	 190 	 5403 	-6.8 
 52.92 	 5.29 	 96.6 	 26.64 	 38 	 .231 	 143.6 	 301 	 236 	 190 	 5404 	-6.8 
 53.13 	 5.31 	 96.8 	 26.78 	 38 	 .254 	 142.6 	 301 	 235 	 190 	 5405 	-6.5 
 53.33 	 5.33 	 96.7 	 26.67 	 38 	 .255 	 143.6 	 301 	 235 	 190 	 5407 	-6.9 
 53.53 	 5.35 	 96.7 	 26.63 	 37 	 .253 	 142.9 	 301 	 234 	 190 	 5404 	-6.6 
 53.73 	 5.37 	 96.8 	 26.66 	 38 	 .245 	 143 	 301 	 235 	 190 	 5407 	-7 
 53.93 	 5.39 	 97 	 26.57 	 37 	 .237 	 143.8 	 301 	 235 	 190 	 5405 	-6.9 
 54.14 	 5.41 	 96.7 	 26.52 	 37 	 .267 	 142.7 	 301 	 234 	 189 	 5406 	-6.6 
 54.34 	 5.43 	 97 	 26.29 	 37 	 .253 	 143.6 	 300 	 235 	 189 	 5404 	-7.1 
 54.54 	 5.45 	 96.8 	 25.85 	 36 	 .245 	 143.2 	 302 	 234 	 190 	 5405 	-6.5 
 54.74 	 5.47 	 96.9 	 25.45 	 35 	 .231 	 142.8 	 301 	 235 	 189 	 5403 	-6.6 
 54.94 	 5.49 	 96.8 	 24.64 	 34 	 .211 	 144.2 	 301 	 235 	 189 	 5404 	-6.9 
 55.15 	 5.51 	 96.7 	 23.46 	 32 	 .202 	 142.9 	 301 	 234 	 189 	 5404 	-6.6 
 55.35 	 5.53 	 96.7 	 22.96 	 32 	 .169 	 143 	 301 	 234 	 189 	 5403 	-6.4 
 55.55 	 5.55 	 96.6 	 22.26 	 31 	 .151 	 143.5 	 301 	 234 	 189 	 5404 	-6.3 
 55.75 	 5.57 	 96.6 	 21.84 	 30 	 .136 	 142.8 	 301 	 234 	 188 	 5403 	-6.8 
 55.95 	 5.59 	 96.6 	 20.57 	 29 	 .063 	 143.8 	 301 	 234 	 189 	 5403 	-6.9 
 56.16 	 5.61 	 96.7 	 20.26 	 28 	 .047 	 143.3 	 301 	 234 	 189 	 5403 	-7 
 56.36 	 5.63 	 96.9 	 19.46 	 26 	 .015 	 143 	 301 	 234 	 189 	 5404 	-7 
 56.56 	 5.65 	 96.9 	 18.61 	 26 	-.031 	 143.7 	 301 	 233 	 189 	 5406 	-6.6 
 56.76 	 5.67 	 96.7 	 18.13 	 25 	-.051 	 142.7 	 301 	 233 	 188 	 5403 	-6.6 
 56.96 	 5.69 	 96.8 	 17.74 	 25 	-.078 	 144.1 	 302 	 233 	 188 	 5404 	-6.8 
 57.17 	 5.71 	 96.6 	 16.96 	 24 	-.118 	 143.6 	 301 	 233 	 188 	 5404 	-6.6 
 57.37 	 5.73 	 96.5 	 16.71 	 23 	-.134 	 143 	 302 	 234 	 189 	 5405 	-7 
 57.57 	 5.75 	 96.5 	 16.51 	 23 	-.155 	 143.6 	 302 	 233 	 187 	 5403 	-6 
 57.77 	 5.77 	 96.3 	 16.15 	 23 	-.168 	 143 	 301 	 234 	 188 	 5404 	-6.8 
 57.97 	 5.79 	 96.3 	 15.9 	 23 	-.196 	 143.1 	 301 	 234 	 189 	 5403 	-6.9 
 58.18 	 5.81 	 96.5 	 15.97 	 22 	-.188 	 143.7 	 301 	 233 	 188 	 5403 	-6.3 
 58.38 	 5.83 	 96.4 	 15.96 	 22 	-.189 	 142.6 	 301 	 234 	 188 	 5404 	-6.9 
 58.58 	 5.85 	 96.5 	 16 	 22 	-.203 	 143.7 	 302 	 232 	 188 	 5404 	-6.6 
 58.78 	 5.87 	 96.7 	 15.93 	 23 	-.202 	 143.2 	 301 	 233 	 189 	 5406 	-6.5 
 58.98 	 5.89 	 96.5 	 16.06 	 23 	-.197 	 143 	 301 	 233 	 188 	 5406 	-7.4 
 59.19 	 5.91 	 96.8 	 15.86 	 24 	-.212 	 143.7 	 301 	 234 	 188 	 5404 	-6.8 
 59.39 	 5.93 	 96.5 	 16.38 	 24 	-.215 	 142.9 	 301 	 233 	 188 	 5403 	-6.6 
 59.59 	 5.96 	 96.5 	 16.55 	 24 	-.175 	 143.5 	 301 	 234 	 188 	 5403 	-6.6 
 59.79 	 5.98 	 96.6 	 17.17 	 25 	-.172 	 143.4 	 302 	 234 	 189 	 5405 	-6.6 
 59.99 	 6 	 96.4 	 18.22 	 27 	-.118 	 142.7 	 301 	 234 	 189 	 5404 	-6.8 
8 
