时间(S)	振次	轴位移(mm)	力(kN)	应力(kPa)	变形(mm)	侧位移(mm)	围压(kPa)	孔压(kPa)	反压(kPa)	体变(ml)	小体变(ml)
0.00	0.00	 99.3 	 21.17 	 300 	 3.135 	 144.3 	 301 	 245 	 205 	 5407 	-7 
 .2 	 .02 	 99.2 	 21.25 	 29 	 3.153 	 144.4 	 301 	 247 	 206 	 5405 	-6.3 
 .4 	 .04 	 99.4 	 21.49 	 30 	 3.142 	 143.9 	 302 	 246 	 205 	 5408 	-6.8 
 .61 	 .06 	 99.1 	 21.78 	 31 	 3.15 	 145 	 301 	 246 	 205 	 5403 	-6.9 
 .81 	 .08 	 99.5 	 22.47 	 33 	 3.172 	 144.3 	 301 	 247 	 205 	 5405 	-6.6 
 1.01 	 .1 	 99.5 	 23.43 	 34 	 3.196 	 144.2 	 302 	 246 	 204 	 5407 	-6.9 
 1.21 	 .12 	 99.3 	 25.07 	 37 	 3.323 	 144.3 	 302 	 246 	 204 	 5404 	-6.5 
 1.41 	 .14 	 99.4 	 25.78 	 38 	 3.375 	 143.7 	 302 	 246 	 204 	 5403 	-6.6 
 1.62 	 .16 	 99.3 	 26.98 	 40 	 3.424 	 144.6 	 301 	 245 	 205 	 5403 	-6.4 
 1.82 	 .18 	 99.3 	 28.4 	 40 	 3.521 	 144.5 	 301 	 246 	 204 	 5406 	-6.4 
 2.02 	 .2 	 99.4 	 29.1 	 42 	 3.565 	 144.6 	 300 	 245 	 204 	 5407 	-6.5 
 2.22 	 .22 	 99.4 	 29.77 	 43 	 3.601 	 144.9 	 302 	 245 	 204 	 5402 	-6.5 
 2.42 	 .24 	 99.4 	 30.36 	 43 	 3.638 	 144 	 302 	 245 	 204 	 5403 	-6.5 
 2.63 	 .26 	 99.4 	 31.01 	 44 	 3.687 	 144.6 	 302 	 244 	 204 	 5404 	-7.1 
 2.83 	 .28 	 99.6 	 31.25 	 44 	 3.692 	 144.6 	 302 	 244 	 204 	 5407 	-7 
 3.03 	 .3 	 99.7 	 31.26 	 44 	 3.703 	 144 	 302 	 244 	 203 	 5402 	-6.5 
 3.23 	 .32 	 99.6 	 31.36 	 44 	 3.738 	 144.9 	 302 	 244 	 203 	 5406 	-6.6 
 3.43 	 .34 	 99.7 	 31.36 	 44 	 3.736 	 143.6 	 302 	 244 	 203 	 5408 	-7 
 3.64 	 .36 	 99.7 	 31.17 	 44 	 3.747 	 144.5 	 302 	 244 	 203 	 5400 	-6.3 
 3.84 	 .38 	 99.7 	 30.92 	 44 	 3.745 	 144.3 	 302 	 244 	 203 	 5405 	-6.8 
 4.04 	 .4 	 99.6 	 30.62 	 43 	 3.754 	 144.1 	 301 	 244 	 203 	 5405 	-6.5 
 4.24 	 .42 	 99.6 	 30.06 	 42 	 3.751 	 144.6 	 301 	 243 	 203 	 5404 	-6.8 
 4.44 	 .44 	 99.7 	 29.55 	 40 	 3.722 	 144 	 300 	 244 	 202 	 5405 	-6.6 
 4.65 	 .46 	 99.4 	 27.59 	 39 	 3.675 	 144.5 	 301 	 243 	 203 	 5407 	-6.8 
 4.85 	 .48 	 99.4 	 26.63 	 37 	 3.664 	 144.6 	 301 	 243 	 203 	 5404 	-6.6 
 5.05 	 .5 	 99.6 	 25.61 	 34 	 3.613 	 144.1 	 302 	 243 	 203 	 5402 	-7 
 5.25 	 .52 	 99.5 	 23.34 	 32 	 3.538 	 144.5 	 301 	 243 	 202 	 5406 	-6.3 
 5.45 	 .54 	 99.6 	 22.25 	 30 	 3.498 	 143.9 	 301 	 243 	 202 	 5402 	-6.5 
 5.66 	 .56 	 99.5 	 21.21 	 28 	 3.439 	 144.6 	 301 	 243 	 203 	 5406 	-6.9 
 5.86 	 .58 	 99.4 	 20.27 	 27 	 3.376 	 144.8 	 302 	 243 	 202 	 5402 	-6.4 
 6.06 	 .6 	 99.3 	 18.19 	 25 	 3.28 	 144.2 	 301 	 244 	 203 	 5404 	-6.8 
 6.26 	 .62 	 99.3 	 17.25 	 23 	 3.22 	 144.5 	 301 	 243 	 203 	 5404 	-6.5 
 6.46 	 .64 	 99.3 	 16.58 	 21 	 3.136 	 143.9 	 301 	 243 	 203 	 5404 	-6.8 
 6.67 	 .66 	 99.3 	 14.94 	 21 	 3.031 	 144.5 	 301 	 243 	 203 	 5405 	-7 
 6.87 	 .68 	 99.2 	 14.54 	 21 	 2.932 	 144.3 	 301 	 244 	 202 	 5403 	-6.6 
 7.07 	 .7 	 99.1 	 13.92 	 19 	 2.872 	 144 	 301 	 244 	 204 	 5404 	-6.5 
 7.27 	 .72 	 99 	 13.32 	 17 	 2.794 	 145 	 301 	 245 	 204 	 5403 	-6.3 
 7.47 	 .74 	 98.9 	 12.42 	 17 	 2.647 	 144.1 	 301 	 244 	 203 	 5402 	-6.6 
 7.68 	 .76 	 98.9 	 12 	 17 	 2.589 	 144.5 	 301 	 244 	 204 	 5407 	-6.9 
 7.88 	 .78 	 98.7 	 11.74 	 17 	 2.528 	 144.3 	 301 	 245 	 203 	 5405 	-6.6 
 8.08 	 .8 	 98.4 	 11.26 	 16 	 2.44 	 144.3 	 301 	 245 	 204 	 5407 	-6.6 
 8.28 	 .82 	 98.6 	 11.44 	 16 	 2.42 	 144.6 	 301 	 244 	 204 	 5403 	-6.8 
 8.48 	 .84 	 98.5 	 11.32 	 16 	 2.397 	 143.9 	 301 	 245 	 204 	 5408 	-6.9 
 8.69 	 .86 	 98.6 	 11.38 	 16 	 2.382 	 144.9 	 301 	 245 	 204 	 5405 	-6.6 
 8.89 	 .88 	 98.6 	 11.46 	 16 	 2.39 	 144.2 	 300 	 244 	 204 	 5405 	-6.3 
 9.09 	 .9 	 98.6 	 11.53 	 16 	 2.381 	 144.1 	 300 	 245 	 204 	 5406 	-6.8 
 9.29 	 .92 	 98.6 	 11.7 	 18 	 2.393 	 144.9 	 301 	 244 	 205 	 5403 	-7.1 
 9.49 	 .94 	 98.9 	 12.86 	 19 	 2.461 	 143.8 	 300 	 245 	 205 	 5406 	-6.6 
 9.7 	 .96 	 98.9 	 13.68 	 20 	 2.52 	 144.5 	 301 	 246 	 206 	 5405 	-6.6 
 9.9 	 .99 	 98.7 	 14.58 	 22 	 2.6 	 144.3 	 300 	 246 	 206 	 5405 	-6.8 
 10.1 	 1.01 	 98.9 	 16.49 	 25 	 2.752 	 144.4 	 300 	 248 	 206 	 5406 	-7.1 
 10.3 	 1.03 	 99 	 17.67 	 27 	 2.856 	 144.8 	 301 	 248 	 207 	 5407 	-6.8 
 10.5 	 1.05 	 99 	 18.73 	 28 	 2.97 	 143.8 	 300 	 247 	 207 	 5406 	-6.9 
 10.71 	 1.07 	 99.1 	 19.98 	 31 	 3.083 	 144.5 	 300 	 247 	 206 	 5404 	-6.8 
 10.91 	 1.09 	 99.2 	 22.63 	 34 	 3.253 	 144.7 	 301 	 246 	 206 	 5403 	-6.5 
 11.11 	 1.11 	 99.4 	 23.95 	 35 	 3.35 	 144 	 301 	 246 	 206 	 5405 	-6.8 
 11.31 	 1.13 	 99.1 	 25.14 	 38 	 3.426 	 145 	 301 	 246 	 205 	 5403 	-6.8 
 11.51 	 1.15 	 99.5 	 27.22 	 40 	 3.562 	 143.9 	 301 	 245 	 205 	 5403 	-6.8 
 11.72 	 1.17 	 99.5 	 28.39 	 41 	 3.607 	 144.5 	 301 	 245 	 205 	 5401 	-6.4 
 11.92 	 1.19 	 99.6 	 29.15 	 43 	 3.653 	 144.5 	 301 	 246 	 205 	 5407 	-6.5 
 12.12 	 1.21 	 99.8 	 30.3 	 43 	 3.743 	 144 	 301 	 245 	 203 	 5404 	-6.5 
 12.32 	 1.23 	 99.6 	 30.75 	 44 	 3.763 	 144.6 	 301 	 245 	 204 	 5405 	-6.6 
 12.52 	 1.25 	 99.9 	 31.2 	 43 	 3.787 	 143.7 	 301 	 245 	 204 	 5407 	-7.3 
 12.73 	 1.27 	 99.9 	 31.42 	 45 	 3.832 	 144.2 	 301 	 245 	 203 	 5403 	-6.9 
 12.93 	 1.29 	 99.8 	 31.76 	 45 	 3.876 	 144.5 	 301 	 244 	 204 	 5404 	-6.8 
 13.13 	 1.31 	 99.9 	 31.81 	 45 	 3.873 	 144 	 301 	 244 	 203 	 5409 	-6.5 
 13.33 	 1.33 	 99.8 	 31.77 	 45 	 3.878 	 144.5 	 301 	 244 	 203 	 5404 	-6.6 
 13.53 	 1.35 	 99.7 	 31.37 	 45 	 3.882 	 143.9 	 301 	 244 	 203 	 5404 	-6.4 
 13.74 	 1.37 	 99.7 	 31.32 	 44 	 3.9 	 144.3 	 301 	 244 	 204 	 5405 	-6.8 
 13.94 	 1.39 	 99.6 	 31.22 	 44 	 3.907 	 144.5 	 301 	 245 	 203 	 5405 	-6.9 
 14.14 	 1.41 	 99.7 	 30.9 	 43 	 3.903 	 144.2 	 301 	 244 	 204 	 5406 	-6.5 
 14.34 	 1.43 	 99.6 	 29.73 	 42 	 3.881 	 144.8 	 301 	 244 	 203 	 5403 	-7 
 14.54 	 1.45 	 99.7 	 28.93 	 39 	 3.862 	 143.9 	 301 	 244 	 203 	 5409 	-6.8 
 14.75 	 1.47 	 99.7 	 27.89 	 38 	 3.831 	 144.5 	 301 	 243 	 203 	 5403 	-6.9 
 14.95 	 1.49 	 99.7 	 25.8 	 36 	 3.739 	 144.4 	 301 	 243 	 203 	 5405 	-7.3 
 15.15 	 1.51 	 99.7 	 24.68 	 33 	 3.716 	 143.8 	 301 	 244 	 202 	 5406 	-6.5 
 15.35 	 1.53 	 99.6 	 23.46 	 31 	 3.677 	 144.7 	 301 	 242 	 202 	 5405 	-6.8 
 15.55 	 1.55 	 99.8 	 21.39 	 30 	 3.584 	 144.2 	 302 	 244 	 202 	 5405 	-6.6 
 15.76 	 1.57 	 99.7 	 20.49 	 28 	 3.536 	 144.3 	 300 	 244 	 202 	 5401 	-6.8 
 15.96 	 1.59 	 99.6 	 19.34 	 26 	 3.471 	 144.2 	 301 	 243 	 204 	 5405 	-6.5 
 16.16 	 1.61 	 99.7 	 18.4 	 25 	 3.416 	 144.4 	 301 	 243 	 203 	 5407 	-6.6 
 16.36 	 1.63 	 99.4 	 16.9 	 22 	 3.31 	 144.7 	 300 	 243 	 203 	 5404 	-7 
 16.56 	 1.65 	 99.3 	 15.92 	 22 	 3.242 	 143.8 	 301 	 243 	 204 	 5405 	-6.9 
 16.77 	 1.67 	 99.2 	 15.07 	 20 	 3.157 	 144.3 	 301 	 244 	 204 	 5405 	-6.9 
 16.97 	 1.69 	 99 	 14.09 	 20 	 2.993 	 144.5 	 301 	 244 	 204 	 5406 	-6.9 
 17.17 	 1.71 	 98.8 	 13.35 	 20 	 2.938 	 144.3 	 300 	 245 	 204 	 5405 	-6.6 
 17.37 	 1.73 	 98.9 	 12.98 	 18 	 2.858 	 144.6 	 301 	 244 	 204 	 5408 	-6.9 
 17.57 	 1.75 	 98.7 	 12.5 	 17 	 2.801 	 144 	 301 	 245 	 204 	 5406 	-6.6 
 17.78 	 1.77 	 98.7 	 11.93 	 17 	 2.66 	 144.4 	 301 	 245 	 205 	 5404 	-6.8 
 17.98 	 1.79 	 98.7 	 11.64 	 16 	 2.608 	 144.4 	 300 	 245 	 204 	 5407 	-6.4 
 18.18 	 1.81 	 98.8 	 11.61 	 16 	 2.568 	 144.1 	 300 	 246 	 204 	 5404 	-6.4 
 18.38 	 1.83 	 98.8 	 11.35 	 16 	 2.54 	 144.5 	 301 	 245 	 204 	 5403 	-6.6 
 18.58 	 1.85 	 98.8 	 11.46 	 16 	 2.54 	 143.9 	 301 	 245 	 205 	 5406 	-6.9 
 18.79 	 1.87 	 98.9 	 11.47 	 17 	 2.529 	 144.7 	 301 	 246 	 205 	 5406 	-6.8 
 18.99 	 1.89 	 98.7 	 11.42 	 17 	 2.539 	 144.6 	 301 	 245 	 205 	 5405 	-6.8 
 19.19 	 1.91 	 99 	 11.81 	 17 	 2.526 	 143.6 	 301 	 245 	 205 	 5402 	-6.8 
 19.39 	 1.93 	 98.8 	 12.28 	 18 	 2.564 	 145.1 	 300 	 246 	 205 	 5405 	-6.6 
 19.59 	 1.95 	 99 	 12.94 	 20 	 2.61 	 143.8 	 300 	 246 	 205 	 5406 	-6.8 
 19.8 	 1.97 	 98.8 	 14.77 	 21 	 2.718 	 144.6 	 300 	 248 	 207 	 5403 	-6.9 
 20 	 2 	 98.8 	 15.64 	 23 	 2.805 	 144.8 	 300 	 247 	 206 	 5407 	-6.5 
 20.2 	 2.02 	 98.9 	 16.49 	 25 	 2.9 	 143.9 	 300 	 248 	 207 	 5405 	-6.5 
 20.4 	 2.04 	 98.8 	 18.94 	 28 	 3.116 	 144.4 	 301 	 248 	 207 	 5405 	-6.6 
 20.6 	 2.06 	 99.2 	 20.1 	 30 	 3.2 	 144 	 301 	 247 	 207 	 5404 	-7 
 20.81 	 2.08 	 99.3 	 21.23 	 32 	 3.287 	 144.9 	 301 	 248 	 206 	 5406 	-6.8 
 21.01 	 2.1 	 99.3 	 22.57 	 35 	 3.386 	 144.5 	 300 	 247 	 206 	 5404 	-6.5 
 21.21 	 2.12 	 99.4 	 25.11 	 37 	 3.562 	 144.2 	 301 	 247 	 206 	 5404 	-6.6 
 21.41 	 2.14 	 99.6 	 26.25 	 38 	 3.621 	 144.4 	 301 	 246 	 205 	 5405 	-6.8 
 21.61 	 2.16 	 99.7 	 27.24 	 40 	 3.686 	 144 	 301 	 246 	 205 	 5403 	-7 
 21.82 	 2.18 	 99.9 	 28.95 	 42 	 3.802 	 144.4 	 301 	 245 	 204 	 5406 	-6.9 
 22.02 	 2.2 	 99.6 	 29.78 	 42 	 3.838 	 144.9 	 301 	 246 	 205 	 5405 	-6.6 
 22.22 	 2.22 	 99.8 	 30.32 	 44 	 3.872 	 143.9 	 301 	 245 	 205 	 5403 	-6.9 
 22.42 	 2.24 	 99.9 	 30.73 	 45 	 3.913 	 144.8 	 301 	 245 	 204 	 5402 	-6.4 
 22.62 	 2.26 	 99.8 	 31.48 	 45 	 3.953 	 143.9 	 302 	 244 	 204 	 5403 	-6.6 
 22.83 	 2.28 	 99.8 	 31.66 	 46 	 3.991 	 144.5 	 300 	 245 	 203 	 5402 	-6.6 
 23.03 	 2.3 	 99.8 	 31.77 	 45 	 4.003 	 144.8 	 301 	 244 	 203 	 5404 	-7.1 
 23.23 	 2.32 	 99.9 	 31.73 	 45 	 4.015 	 144.1 	 301 	 244 	 204 	 5405 	-6.6 
 23.43 	 2.34 	 99.7 	 31.62 	 45 	 4.013 	 144.5 	 300 	 244 	 204 	 5405 	-6.9 
 23.63 	 2.36 	 99.5 	 31.66 	 44 	 4.022 	 143.8 	 301 	 244 	 204 	 5405 	-7 
 23.84 	 2.38 	 99.7 	 31.33 	 44 	 4.026 	 144.3 	 301 	 244 	 204 	 5407 	-6.9 
 24.04 	 2.4 	 99.8 	 30.99 	 43 	 4.034 	 144.3 	 301 	 245 	 204 	 5402 	-6.9 
 24.24 	 2.42 	 99.9 	 30.49 	 42 	 4.001 	 144 	 302 	 244 	 204 	 5404 	-6.8 
 24.44 	 2.44 	 99.7 	 29.76 	 40 	 3.978 	 144.6 	 302 	 244 	 203 	 5405 	-6.8 
 24.64 	 2.46 	 100 	 27.85 	 38 	 3.956 	 144.3 	 301 	 244 	 203 	 5405 	-6.5 
 24.85 	 2.48 	 100 	 26.83 	 37 	 3.916 	 144.5 	 301 	 244 	 203 	 5405 	-7 
 25.05 	 2.5 	 99.8 	 25.67 	 34 	 3.873 	 144.8 	 302 	 244 	 203 	 5404 	-6.6 
 25.25 	 2.52 	 99.9 	 23.62 	 32 	 3.802 	 143.6 	 302 	 243 	 203 	 5404 	-6.9 
 25.45 	 2.54 	 99.7 	 22.43 	 30 	 3.743 	 144.7 	 301 	 244 	 202 	 5405 	-6.9 
 25.65 	 2.56 	 99.7 	 21.4 	 29 	 3.706 	 144 	 301 	 244 	 203 	 5406 	-6.8 
 25.86 	 2.58 	 99.5 	 20.35 	 27 	 3.663 	 144.6 	 301 	 243 	 203 	 5405 	-7.1 
 26.06 	 2.6 	 99.4 	 18.41 	 25 	 3.528 	 144.1 	 301 	 244 	 203 	 5406 	-6.8 
 26.26 	 2.62 	 99.3 	 17.55 	 23 	 3.486 	 143.9 	 301 	 244 	 203 	 5402 	-6.5 
 26.46 	 2.64 	 99.5 	 16.7 	 22 	 3.421 	 144.6 	 301 	 244 	 204 	 5405 	-6.9 
 26.66 	 2.66 	 99.1 	 15.1 	 21 	 3.279 	 143.8 	 300 	 244 	 204 	 5404 	-6.9 
 26.87 	 2.68 	 99.3 	 14.58 	 20 	 3.203 	 144.7 	 302 	 245 	 204 	 5404 	-6.9 
 27.07 	 2.7 	 99 	 14.02 	 19 	 3.114 	 144.5 	 301 	 244 	 204 	 5404 	-6.5 
 27.27 	 2.72 	 99.1 	 13.44 	 18 	 3.067 	 143.7 	 300 	 245 	 205 	 5404 	-7.3 
 27.47 	 2.74 	 99.1 	 12.37 	 18 	 2.923 	 144.7 	 301 	 245 	 205 	 5406 	-6.8 
 27.67 	 2.76 	 99 	 12.15 	 17 	 2.845 	 143.7 	 301 	 246 	 205 	 5408 	-7.4 
 27.88 	 2.78 	 99.1 	 11.92 	 17 	 2.789 	 144.9 	 301 	 246 	 204 	 5407 	-6.9 
 28.08 	 2.8 	 99 	 11.56 	 17 	 2.692 	 144.5 	 300 	 246 	 205 	 5407 	-6.8 
 28.28 	 2.82 	 98.9 	 11.47 	 16 	 2.681 	 143.8 	 301 	 246 	 205 	 5405 	-7 
 28.48 	 2.84 	 99 	 11.47 	 16 	 2.644 	 144.5 	 301 	 246 	 205 	 5409 	-6.9 
 28.68 	 2.86 	 99 	 11.34 	 16 	 2.642 	 143.9 	 301 	 246 	 205 	 5405 	-6.4 
 28.89 	 2.88 	 98.8 	 11.52 	 16 	 2.64 	 144.3 	 300 	 246 	 205 	 5403 	-7 
 29.09 	 2.9 	 98.7 	 11.59 	 17 	 2.639 	 144.7 	 301 	 246 	 206 	 5404 	-6.6 
 29.29 	 2.92 	 98.8 	 11.86 	 18 	 2.644 	 143.9 	 301 	 246 	 206 	 5405 	-7 
 29.49 	 2.94 	 98.8 	 12.83 	 19 	 2.705 	 144.9 	 300 	 247 	 206 	 5404 	-7 
 29.69 	 2.97 	 98.8 	 13.57 	 21 	 2.786 	 144.2 	 301 	 247 	 207 	 5404 	-6.8 
 29.9 	 2.99 	 98.9 	 14.54 	 22 	 2.833 	 144.6 	 300 	 248 	 206 	 5406 	-7.1 
 30.1 	 3.01 	 98.8 	 16.44 	 25 	 3.003 	 144.2 	 300 	 248 	 208 	 5406 	-6.5 
 30.3 	 3.03 	 99 	 17.54 	 26 	 3.093 	 144.2 	 301 	 248 	 207 	 5408 	-6.8 
 30.5 	 3.05 	 99.2 	 18.62 	 29 	 3.198 	 144.9 	 300 	 248 	 207 	 5405 	-7 
 30.7 	 3.07 	 99.3 	 20.16 	 31 	 3.293 	 143.3 	 300 	 248 	 207 	 5406 	-7.3 
 30.91 	 3.09 	 99.6 	 22.52 	 33 	 3.509 	 144.4 	 301 	 247 	 207 	 5408 	-6.8 
 31.11 	 3.11 	 99.7 	 24.01 	 35 	 3.601 	 144.3 	 301 	 247 	 207 	 5406 	-6.9 
 31.31 	 3.13 	 99.5 	 24.98 	 38 	 3.67 	 144.1 	 300 	 247 	 206 	 5407 	-6.8 
 31.51 	 3.15 	 99.8 	 27.22 	 40 	 3.816 	 145 	 300 	 246 	 206 	 5402 	-6.8 
 31.71 	 3.17 	 99.7 	 28.17 	 41 	 3.869 	 143.9 	 301 	 246 	 205 	 5404 	-7 
 31.92 	 3.19 	 99.8 	 28.91 	 43 	 3.939 	 144.4 	 301 	 245 	 205 	 5404 	-6.9 
 32.12 	 3.21 	 99.8 	 30.3 	 43 	 4.024 	 144.7 	 302 	 245 	 205 	 5405 	-6.4 
 32.32 	 3.23 	 99.7 	 30.7 	 44 	 4.05 	 143.8 	 301 	 245 	 205 	 5406 	-6.3 
 32.52 	 3.25 	 99.8 	 30.99 	 45 	 4.074 	 144.7 	 301 	 245 	 204 	 5402 	-7 
 32.72 	 3.27 	 99.8 	 31.42 	 45 	 4.097 	 143.5 	 301 	 245 	 205 	 5406 	-7.1 
 32.93 	 3.29 	 99.9 	 31.8 	 45 	 4.116 	 144.4 	 301 	 244 	 205 	 5406 	-7.3 
 33.13 	 3.31 	 99.8 	 31.87 	 45 	 4.145 	 144.3 	 302 	 244 	 204 	 5405 	-6.6 
 33.33 	 3.33 	 99.9 	 31.79 	 45 	 4.148 	 143.9 	 302 	 245 	 203 	 5402 	-6.8 
 33.53 	 3.35 	 100 	 31.54 	 44 	 4.158 	 144.6 	 302 	 244 	 204 	 5404 	-6.9 
 33.73 	 3.37 	 99.9 	 31.46 	 45 	 4.15 	 143.8 	 302 	 245 	 204 	 5405 	-6.8 
 33.94 	 3.39 	 99.9 	 31.36 	 44 	 4.159 	 144.5 	 302 	 245 	 204 	 5407 	-6.8 
 34.14 	 3.41 	 100 	 31.02 	 42 	 4.174 	 144.4 	 302 	 245 	 203 	 5404 	-6.5 
 34.34 	 3.43 	 100.2 	 29.64 	 40 	 4.143 	 143.8 	 302 	 245 	 204 	 5405 	-6.8 
 34.54 	 3.45 	 100.2 	 28.85 	 40 	 4.111 	 144.6 	 301 	 244 	 204 	 5406 	-6.9 
 34.74 	 3.47 	 100 	 27.9 	 37 	 4.093 	 143.9 	 301 	 244 	 204 	 5403 	-7.1 
 34.95 	 3.49 	 99.9 	 25.92 	 35 	 4.037 	 144.4 	 301 	 244 	 203 	 5403 	-6.6 
 35.15 	 3.51 	 99.9 	 24.61 	 34 	 3.97 	 144.5 	 301 	 244 	 203 	 5406 	-6.9 
 35.35 	 3.53 	 99.7 	 23.48 	 31 	 3.969 	 143.7 	 301 	 243 	 203 	 5406 	-7 
 35.55 	 3.55 	 99.8 	 21.57 	 30 	 3.846 	 144.3 	 301 	 244 	 204 	 5404 	-6.6 
 35.75 	 3.57 	 99.5 	 20.6 	 28 	 3.797 	 144 	 302 	 244 	 204 	 5406 	-7 
 35.96 	 3.59 	 99.6 	 19.34 	 26 	 3.747 	 144.5 	 301 	 243 	 203 	 5403 	-6.6 
 36.16 	 3.61 	 99.7 	 18.2 	 25 	 3.683 	 144.8 	 301 	 244 	 204 	 5401 	-6.3 
 36.36 	 3.63 	 99.5 	 16.73 	 23 	 3.558 	 144 	 301 	 244 	 203 	 5406 	-6.8 
 36.56 	 3.65 	 99.5 	 16.01 	 21 	 3.5 	 144.6 	 301 	 245 	 203 	 5401 	-6.6 
 36.76 	 3.67 	 99.5 	 15.24 	 21 	 3.416 	 144 	 301 	 245 	 204 	 5405 	-6.6 
 36.97 	 3.69 	 99.4 	 13.98 	 20 	 3.269 	 144.6 	 301 	 245 	 204 	 5402 	-6.9 
 37.17 	 3.71 	 99.3 	 13.23 	 18 	 3.215 	 144.7 	 301 	 245 	 205 	 5404 	-6.4 
 37.37 	 3.73 	 99.3 	 12.99 	 18 	 3.119 	 143.9 	 301 	 246 	 205 	 5405 	-6.8 
 37.57 	 3.75 	 99.4 	 12.38 	 18 	 3.048 	 144.5 	 301 	 246 	 205 	 5406 	-6.8 
 37.77 	 3.77 	 99 	 11.81 	 17 	 2.926 	 144.2 	 301 	 246 	 206 	 5405 	-6.9 
 37.98 	 3.79 	 99.2 	 11.58 	 16 	 2.881 	 144.6 	 301 	 246 	 207 	 5404 	-6.3 
 38.18 	 3.81 	 99 	 11.52 	 16 	 2.843 	 144.9 	 301 	 246 	 205 	 5405 	-7 
 38.38 	 3.83 	 99 	 11.39 	 16 	 2.792 	 143.9 	 301 	 247 	 205 	 5405 	-6.9 
 38.58 	 3.85 	 99 	 11.28 	 17 	 2.783 	 144.7 	 301 	 246 	 205 	 5402 	-6.6 
 38.78 	 3.87 	 98.8 	 11.58 	 17 	 2.779 	 143.9 	 300 	 246 	 206 	 5405 	-6.8 
 38.99 	 3.89 	 98.9 	 11.43 	 17 	 2.791 	 144.3 	 301 	 247 	 205 	 5404 	-6.6 
 39.19 	 3.91 	 99 	 11.66 	 17 	 2.794 	 144.5 	 300 	 246 	 205 	 5407 	-7.4 
 39.39 	 3.93 	 98.9 	 12.1 	 18 	 2.808 	 143.7 	 301 	 248 	 206 	 5407 	-6.9 
 39.59 	 3.96 	 99.1 	 12.88 	 20 	 2.838 	 144.8 	 300 	 247 	 206 	 5403 	-6.8 
 39.79 	 3.98 	 99.3 	 14.58 	 22 	 2.973 	 143.9 	 300 	 248 	 207 	 5404 	-6.6 
 40 	 4 	 99.1 	 15.57 	 23 	 3.044 	 144.4 	 301 	 248 	 208 	 5404 	-6.4 
 40.2 	 4.02 	 99.3 	 16.51 	 25 	 3.132 	 144.4 	 300 	 249 	 208 	 5405 	-6.6 
 40.4 	 4.04 	 99.3 	 18.61 	 27 	 3.339 	 143.9 	 301 	 248 	 208 	 5403 	-6.6 
 40.6 	 4.06 	 99.5 	 19.88 	 30 	 3.452 	 144.6 	 300 	 248 	 208 	 5408 	-7.3 
 40.8 	 4.08 	 99.6 	 21.08 	 32 	 3.556 	 144.1 	 300 	 248 	 208 	 5406 	-6.8 
 41.01 	 4.1 	 99.6 	 22.5 	 34 	 3.639 	 144.2 	 301 	 248 	 208 	 5406 	-6.5 
 41.21 	 4.12 	 99.6 	 25.13 	 36 	 3.814 	 144.6 	 301 	 247 	 207 	 5403 	-6.3 
 41.41 	 4.14 	 99.7 	 26.25 	 39 	 3.891 	 143.9 	 300 	 247 	 206 	 5401 	-7 
 41.61 	 4.16 	 99.8 	 27.39 	 40 	 3.949 	 144.9 	 301 	 247 	 205 	 5404 	-6.4 
 41.81 	 4.18 	 99.6 	 28.98 	 41 	 4.058 	 143.9 	 301 	 245 	 206 	 5403 	-6.5 
 42.02 	 4.2 	 99.7 	 29.89 	 43 	 4.091 	 144.1 	 301 	 246 	 205 	 5405 	-6.8 
 42.22 	 4.22 	 99.9 	 30.41 	 44 	 4.144 	 144.7 	 301 	 246 	 205 	 5404 	-6.5 
 42.42 	 4.24 	 99.9 	 31.23 	 44 	 4.193 	 143.7 	 301 	 246 	 206 	 5406 	-6.8 
 42.62 	 4.26 	 100 	 31.34 	 45 	 4.218 	 144.6 	 301 	 245 	 205 	 5403 	-6.5 
 42.82 	 4.28 	 100 	 31.57 	 45 	 4.249 	 143.9 	 302 	 245 	 205 	 5404 	-6.5 
 43.03 	 4.3 	 100.1 	 31.59 	 44 	 4.239 	 144.3 	 301 	 244 	 205 	 5407 	-6.8 
 43.23 	 4.32 	 100.2 	 31.84 	 45 	 4.252 	 144.9 	 302 	 245 	 204 	 5406 	-6.9 
 43.43 	 4.34 	 100.2 	 31.65 	 44 	 4.266 	 143.8 	 302 	 245 	 205 	 5408 	-7.1 
 43.63 	 4.36 	 100.1 	 31.46 	 44 	 4.288 	 144.4 	 301 	 245 	 204 	 5404 	-6.6 
 43.83 	 4.38 	 100.1 	 31.33 	 44 	 4.286 	 144.2 	 301 	 245 	 204 	 5408 	-6.8 
 44.04 	 4.4 	 100 	 30.92 	 44 	 4.28 	 144.3 	 301 	 245 	 204 	 5405 	-6.8 
 44.24 	 4.42 	 99.9 	 30.32 	 42 	 4.265 	 144.6 	 302 	 244 	 204 	 5403 	-7 
 44.44 	 4.44 	 100.1 	 29.73 	 40 	 4.246 	 143.6 	 301 	 244 	 204 	 5405 	-6.8 
 44.64 	 4.46 	 100 	 27.7 	 39 	 4.201 	 144.2 	 301 	 245 	 204 	 5406 	-6.6 
 44.84 	 4.48 	 100 	 26.79 	 36 	 4.171 	 144.4 	 302 	 244 	 204 	 5405 	-6.8 
 45.05 	 4.5 	 99.9 	 25.67 	 35 	 4.149 	 144.1 	 301 	 243 	 204 	 5407 	-7.4 
 45.25 	 4.52 	 99.9 	 23.63 	 33 	 4.067 	 145.1 	 301 	 244 	 204 	 5403 	-7 
 45.45 	 4.54 	 99.8 	 22.44 	 30 	 4.048 	 144.2 	 301 	 245 	 204 	 5408 	-6.9 
 45.65 	 4.56 	 99.8 	 21.47 	 28 	 3.957 	 144.6 	 301 	 244 	 204 	 5408 	-7.1 
 45.85 	 4.58 	 99.8 	 20.42 	 27 	 3.919 	 144.2 	 301 	 245 	 204 	 5408 	-6.6 
 46.06 	 4.6 	 100 	 18.41 	 25 	 3.785 	 143.7 	 300 	 245 	 204 	 5406 	-6.9 
 46.26 	 4.62 	 100 	 17.63 	 24 	 3.745 	 145 	 301 	 244 	 204 	 5404 	-6.8 
 46.46 	 4.64 	 99.9 	 16.83 	 22 	 3.675 	 143.9 	 301 	 244 	 204 	 5407 	-6.5 
 46.66 	 4.66 	 99.7 	 15.46 	 22 	 3.533 	 144.6 	 302 	 245 	 205 	 5404 	-6.6 
 46.86 	 4.68 	 99.5 	 14.54 	 20 	 3.451 	 144.4 	 301 	 245 	 205 	 5404 	-6.6 
 47.07 	 4.7 	 99.4 	 14.04 	 19 	 3.389 	 144.2 	 301 	 246 	 205 	 5407 	-6.3 
 47.27 	 4.72 	 99.3 	 13.44 	 18 	 3.289 	 144.8 	 301 	 246 	 204 	 5403 	-6.6 
 47.47 	 4.74 	 98.9 	 12.5 	 18 	 3.161 	 144.2 	 301 	 246 	 206 	 5405 	-7 
 47.67 	 4.76 	 99 	 12.13 	 16 	 3.098 	 144.5 	 300 	 246 	 206 	 5405 	-7.6 
 47.87 	 4.78 	 99 	 11.8 	 16 	 3.048 	 144.2 	 301 	 246 	 205 	 5403 	-6.6 
 48.08 	 4.8 	 99.1 	 11.57 	 17 	 2.95 	 143.5 	 301 	 247 	 207 	 5406 	-6 
 48.28 	 4.82 	 99 	 11.14 	 16 	 2.945 	 145.1 	 301 	 246 	 206 	 5409 	-7.1 
 48.48 	 4.84 	 99 	 11.34 	 16 	 2.909 	 144.1 	 301 	 247 	 206 	 5404 	-6.8 
 48.68 	 4.86 	 99.1 	 11.45 	 17 	 2.892 	 144.8 	 301 	 247 	 206 	 5404 	-6.5 
 48.88 	 4.88 	 99.3 	 11.5 	 16 	 2.894 	 144.3 	 301 	 247 	 206 	 5406 	-6.4 
 49.09 	 4.9 	 99 	 11.48 	 16 	 2.892 	 144.2 	 300 	 246 	 206 	 5406 	-6.9 
 49.29 	 4.92 	 99 	 11.65 	 18 	 2.899 	 144.9 	 301 	 247 	 207 	 5405 	-6.8 
 49.49 	 4.95 	 99.2 	 12.8 	 19 	 2.977 	 144.1 	 300 	 247 	 208 	 5402 	-6.4 
 49.69 	 4.97 	 99.1 	 13.65 	 20 	 3.018 	 144.6 	 301 	 248 	 207 	 5403 	-6.6 
 49.89 	 4.99 	 99.2 	 14.31 	 22 	 3.11 	 144.8 	 300 	 249 	 208 	 5404 	-6.5 
 50.1 	 5.01 	 99.4 	 16.49 	 23 	 3.25 	 143.6 	 300 	 248 	 209 	 5406 	-6.8 
 50.3 	 5.03 	 99.3 	 17.65 	 26 	 3.347 	 144.6 	 300 	 249 	 208 	 5404 	-6.4 
 50.5 	 5.05 	 99.3 	 18.72 	 29 	 3.464 	 143.9 	 300 	 249 	 207 	 5407 	-6.9 
 50.7 	 5.07 	 99.5 	 21.29 	 31 	 3.663 	 144.2 	 301 	 249 	 208 	 5404 	-6.5 
 50.9 	 5.09 	 99.6 	 22.44 	 32 	 3.773 	 145.2 	 300 	 249 	 207 	 5406 	-6 
 51.11 	 5.11 	 99.6 	 23.91 	 36 	 3.841 	 143.8 	 301 	 248 	 207 	 5403 	-6.6 
 51.31 	 5.13 	 99.8 	 24.96 	 38 	 3.937 	 144.8 	 300 	 247 	 207 	 5406 	-6.8 
 51.51 	 5.15 	 100 	 27.25 	 39 	 4.078 	 144.6 	 301 	 247 	 206 	 5405 	-6.9 
 51.71 	 5.17 	 99.9 	 28.08 	 41 	 4.099 	 144.1 	 300 	 246 	 206 	 5403 	-6.4 
 51.91 	 5.19 	 100.2 	 29.16 	 42 	 4.161 	 144.9 	 301 	 246 	 206 	 5404 	-6.8 
 52.12 	 5.21 	 100.2 	 30.35 	 44 	 4.246 	 144 	 301 	 246 	 205 	 5408 	-6.6 
 52.32 	 5.23 	 100.1 	 30.86 	 44 	 4.278 	 144.7 	 302 	 246 	 206 	 5408 	-6.9 
 52.52 	 5.25 	 100.2 	 31.09 	 44 	 4.305 	 144 	 302 	 246 	 205 	 5404 	-6.3 
 52.72 	 5.27 	 100.1 	 31.44 	 44 	 4.314 	 144.6 	 301 	 246 	 205 	 5404 	-6.5 
 52.92 	 5.29 	 100 	 31.74 	 46 	 4.351 	 144.8 	 301 	 245 	 204 	 5404 	-6.9 
 53.13 	 5.31 	 100.2 	 31.76 	 45 	 4.373 	 144.1 	 301 	 246 	 205 	 5404 	-7.1 
 53.33 	 5.33 	 99.9 	 31.63 	 45 	 4.395 	 145 	 301 	 245 	 204 	 5402 	-6.8 
 53.53 	 5.35 	 100.1 	 31.59 	 45 	 4.383 	 144.2 	 301 	 246 	 204 	 5404 	-7 
 53.73 	 5.37 	 100.1 	 31.64 	 45 	 4.39 	 144.3 	 301 	 245 	 205 	 5406 	-7 
 53.93 	 5.39 	 100 	 31.49 	 44 	 4.404 	 145.1 	 301 	 245 	 205 	 5405 	-6.9 
 54.14 	 5.41 	 100.1 	 30.34 	 43 	 4.4 	 143.7 	 302 	 245 	 204 	 5406 	-6.5 
 54.34 	 5.43 	 100.2 	 29.63 	 42 	 4.362 	 144.7 	 302 	 245 	 205 	 5404 	-6.8 
 54.54 	 5.45 	 100.2 	 28.69 	 39 	 4.35 	 144.3 	 301 	 245 	 204 	 5403 	-6.8 
 54.74 	 5.47 	 100.1 	 27.79 	 37 	 4.324 	 143.4 	 301 	 245 	 204 	 5403 	-6.8 
 54.94 	 5.49 	 100.3 	 25.45 	 35 	 4.271 	 144.8 	 301 	 244 	 205 	 5404 	-7.1 
 55.15 	 5.51 	 100.2 	 24.64 	 33 	 4.211 	 144.3 	 301 	 244 	 204 	 5406 	-7.1 
 55.35 	 5.53 	 100.1 	 23.42 	 32 	 4.17 	 144.5 	 301 	 244 	 204 	 5407 	-7.1 
 55.55 	 5.55 	 100 	 21.38 	 29 	 4.081 	 144.4 	 302 	 244 	 204 	 5405 	-6.6 
 55.75 	 5.57 	 99.9 	 20.32 	 28 	 4.047 	 143.9 	 301 	 245 	 204 	 5404 	-6.4 
 55.95 	 5.59 	 99.7 	 19.31 	 27 	 3.992 	 144.9 	 301 	 245 	 204 	 5403 	-7.3 
 56.16 	 5.61 	 99.8 	 18.43 	 24 	 3.926 	 143.7 	 302 	 244 	 204 	 5404 	-7 
 56.36 	 5.63 	 99.4 	 16.72 	 23 	 3.791 	 144.7 	 301 	 244 	 205 	 5401 	-6.6 
 56.56 	 5.65 	 99.5 	 16.04 	 22 	 3.73 	 144.9 	 301 	 246 	 205 	 5405 	-6.4 
 56.76 	 5.67 	 99.6 	 15.31 	 21 	 3.643 	 144.4 	 301 	 246 	 205 	 5406 	-6.6 
 56.96 	 5.69 	 99.5 	 13.99 	 20 	 3.479 	 145 	 301 	 246 	 206 	 5405 	-7 
 57.17 	 5.71 	 99.5 	 13.48 	 18 	 3.41 	 143.7 	 302 	 246 	 206 	 5404 	-7 
 57.37 	 5.73 	 99.5 	 12.91 	 18 	 3.351 	 144.6 	 300 	 246 	 206 	 5407 	-7 
 57.57 	 5.75 	 99.2 	 12.43 	 17 	 3.256 	 144.2 	 301 	 247 	 206 	 5405 	-7 
 57.77 	 5.77 	 99.3 	 11.9 	 16 	 3.134 	 144.1 	 301 	 247 	 207 	 5407 	-7.6 
 57.97 	 5.79 	 99.2 	 11.73 	 16 	 3.097 	 144.7 	 300 	 247 	 206 	 5402 	-6.8 
 58.18 	 5.81 	 99.4 	 11.5 	 16 	 3.064 	 143.9 	 301 	 247 	 207 	 5405 	-6.9 
 58.38 	 5.83 	 99.2 	 11.42 	 16 	 3.018 	 144 	 301 	 248 	 206 	 5405 	-6.6 
 58.58 	 5.85 	 99.2 	 11.28 	 16 	 3.007 	 144.6 	 301 	 247 	 207 	 5407 	-6.8 
 58.78 	 5.87 	 99.1 	 11.45 	 17 	 2.99 	 144 	 301 	 247 	 207 	 5403 	-6.3 
 58.98 	 5.89 	 99 	 11.34 	 17 	 3.012 	 144.8 	 301 	 247 	 206 	 5402 	-6.9 
 59.19 	 5.91 	 98.9 	 11.83 	 17 	 2.993 	 144.3 	 300 	 248 	 207 	 5403 	-6.9 
 59.39 	 5.94 	 98.9 	 12.24 	 18 	 3.032 	 144.5 	 301 	 247 	 207 	 5406 	-6.6 
 59.59 	 5.96 	 99 	 12.99 	 20 	 3.084 	 144.5 	 301 	 248 	 207 	 5405 	-6.9 
 59.79 	 5.98 	 99.1 	 14.64 	 22 	 3.211 	 143.9 	 300 	 249 	 209 	 5405 	-7.1 
 59.99 	 6 	 99.4 	 15.34 	 24 	 3.304 	 144.9 	 299 	 249 	 209 	 5406 	-6.8 
8 
