时间(S)	轴位移(mm)	力(kN)	力(kPa)	变形(mm)	 侧位移(mm)	围压(kPa)	孔压(kPa)	反压(kPa)	体变(kPa)	小体变(ml)
0.0	 98.4 	 12.78 	 181 	-7.001 	 0 	 301 	 279 	 257 	 6037 	-8.1 
 .5 	 98.5 	 12.74 	 .18 	-7.006 	 32 	 301 	 280 	 257 	 6037 	-8.5 
 1 	 98.5 	 12.79 	 .18 	-7.002 	 31 	 300 	 280 	 258 	 6037 	-8.1 
 1.5 	 98.5 	 12.74 	 .18 	-7.009 	 32 	 300 	 279 	 258 	 6039 	-8.4 
 2 	 98.4 	 12.91 	 .18 	-7.004 	 32 	 300 	 279 	 258 	 6037 	-8.3 
 2.5 	 98.4 	 12.87 	 .18 	-6.997 	 31 	 300 	 279 	 258 	 6039 	-8.3 
 3 	 98.4 	 13 	 .18 	-7.004 	 31 	 300 	 279 	 258 	 6037 	-8.1 
 3.5 	 98.5 	 12.97 	 .19 	-6.998 	 32 	 300 	 279 	 258 	 6039 	-8.3 
 4 	 98.4 	 13.04 	 .18 	-7.003 	 32 	 301 	 279 	 258 	 6038 	-8.1 
 4.5 	 98.4 	 12.99 	 .19 	-7.007 	 32 	 300 	 280 	 258 	 6038 	-8 
 5 	 98.4 	 13.04 	 .19 	-7.014 	 32 	 301 	 278 	 258 	 6038 	-7.8 
 5.5 	 98.5 	 13.09 	 .19 	-7.019 	 31 	 300 	 280 	 258 	 6038 	-8.1 
 6 	 98.4 	 13.18 	 .19 	-7.012 	 32 	 300 	 279 	 258 	 6037 	-8.3 
 6.5 	 98.5 	 13.14 	 .18 	-7.016 	 32 	 301 	 279 	 258 	 6037 	-8 
 7 	 98.4 	 13.18 	 .19 	-7.009 	 31 	 300 	 279 	 258 	 6038 	-8.3 
 7.5 	 98.4 	 13.21 	 .19 	-7.004 	 32 	 300 	 279 	 257 	 6037 	-8.3 
 8 	 98.4 	 13.14 	 .19 	-7.009 	 32 	 300 	 279 	 258 	 6038 	-8.3 
 8.5 	 98.4 	 13.17 	 .19 	-7.009 	 32 	 300 	 279 	 257 	 6038 	-8.6 
 9 	 98.5 	 13.18 	 .19 	-7.008 	 32 	 300 	 280 	 258 	 6037 	-8.1 
 9.5 	 98.4 	 13.12 	 .18 	-7.008 	 32 	 300 	 279 	 257 	 6037 	-8.5 
 10 	 98.4 	 13.17 	 .19 	-7.011 	 32 	 300 	 279 	 258 	 6040 	-8.1 
 10.5 	 98.4 	 13.13 	 .19 	-7 	 31 	 300 	 279 	 257 	 6037 	-8.4 
 11 	 98.4 	 13.21 	 .19 	-7.016 	 32 	 300 	 279 	 257 	 6038 	-8.1 
 11.5 	 98.5 	 13.1 	 .19 	-7.005 	 32 	 300 	 279 	 258 	 6037 	-8.1 
 12 	 98.4 	 13.21 	 .18 	-7.007 	 32 	 300 	 279 	 257 	 6040 	-8 
 12.5 	 98.4 	 13.17 	 .18 	-6.996 	 32 	 300 	 279 	 257 	 6037 	-8.1 
 13 	 98.4 	 13.13 	 .19 	-7.006 	 32 	 300 	 279 	 257 	 6038 	-8 
 13.5 	 98.5 	 13.2 	 .19 	-7.002 	 32 	 300 	 279 	 257 	 6038 	-8.5 
 14 	 98.5 	 13.11 	 .19 	-7.006 	 32 	 300 	 279 	 258 	 6039 	-8 
 14.5 	 98.4 	 13.04 	 .18 	-7.011 	 32 	 300 	 279 	 258 	 6037 	-8.1 
 15 	 98.5 	 13.06 	 .18 	-7.006 	 32 	 300 	 279 	 257 	 6038 	-8 
 15.5 	 98.4 	 13 	 .18 	-7.009 	 32 	 300 	 279 	 257 	 6038 	-8.1 
 16 	 98.5 	 12.89 	 .18 	-7.008 	 32 	 300 	 279 	 257 	 6037 	-8.3 
 16.5 	 98.4 	 12.74 	 .18 	-7.01 	 32 	 300 	 279 	 257 	 6038 	-8 
 17 	 98.4 	 12.63 	 .18 	-7.011 	 32 	 300 	 279 	 257 	 6039 	-8 
 17.5 	 98.5 	 12.45 	 .17 	-7.004 	 32 	 300 	 279 	 257 	 6040 	-8.3 
 18 	 98.3 	 12.35 	 .18 	-7.004 	 32 	 300 	 279 	 258 	 6039 	-8.3 
 18.5 	 98.6 	 12.15 	 .18 	-7.002 	 32 	 300 	 279 	 257 	 6040 	-8.3 
 19 	 98.4 	 12.11 	 .17 	-7.006 	 32 	 300 	 279 	 257 	 6036 	-8.3 
 19.5 	 98.4 	 11.97 	 .17 	-7.007 	 32 	 299 	 279 	 257 	 6037 	-8 
 20 	 98.4 	 11.87 	 .17 	-6.998 	 32 	 300 	 279 	 257 	 6037 	-8.5 
 20.5 	 98.3 	 11.81 	 .17 	-7.003 	 32 	 300 	 279 	 257 	 6039 	-8.3 
 21 	 98.6 	 11.68 	 .17 	-7.019 	 32 	 300 	 279 	 257 	 6036 	-8.1 
 21.5 	 98.4 	 11.65 	 .16 	-6.998 	 32 	 300 	 279 	 257 	 6037 	-8.1 
 22 	 98.5 	 11.5 	 .17 	-7.002 	 32 	 300 	 279 	 257 	 6038 	-8.3 
 22.5 	 98.3 	 11.4 	 .16 	-7.012 	 32 	 300 	 279 	 257 	 6039 	-8.6 
 23 	 98.5 	 11.37 	 .16 	-6.998 	 32 	 300 	 279 	 257 	 6038 	-8.3 
 23.5 	 98.4 	 11.22 	 .16 	-7.001 	 32 	 300 	 279 	 257 	 6040 	-8.6 
 24 	 98.3 	 11.3 	 .16 	-7.002 	 32 	 300 	 279 	 258 	 6038 	-8.1 
 24.5 	 98.4 	 11.23 	 .16 	-7.005 	 32 	 300 	 279 	 257 	 6037 	-8 
 25 	 98.4 	 11.14 	 .16 	-7.003 	 32 	 300 	 279 	 257 	 6037 	-8.3 
 25.5 	 98.3 	 11.11 	 .16 	-7.025 	 32 	 300 	 279 	 257 	 6040 	-8 
 26 	 98.3 	 11.04 	 .15 	-7.016 	 31 	 300 	 279 	 257 	 6038 	-8 
 26.5 	 98.4 	 11.1 	 .16 	-7.001 	 32 	 300 	 279 	 257 	 6038 	-8.1 
 27 	 98.4 	 10.99 	 .16 	-7.017 	 32 	 300 	 279 	 257 	 6038 	-8.1 
 27.5 	 98.4 	 10.93 	 .15 	-7.014 	 31 	 300 	 279 	 257 	 6039 	-8.4 
 28 	 98.3 	 10.9 	 .16 	-7.006 	 32 	 300 	 279 	 258 	 6036 	-8.4 
 28.5 	 98.3 	 10.84 	 .15 	-7.004 	 32 	 300 	 279 	 257 	 6036 	-8.3 
 29 	 98.5 	 10.78 	 .15 	-6.998 	 31 	 300 	 279 	 257 	 6039 	-8.6 
 29.5 	 98.3 	 10.85 	 .16 	-7.015 	 32 	 300 	 279 	 258 	 6038 	-8.1 
 30 	 98.4 	 10.87 	 .15 	-7.003 	 32 	 300 	 279 	 257 	 6043 	-8.4 
 30.5 	 98.3 	 10.91 	 .15 	-7.009 	 32 	 300 	 279 	 258 	 6041 	-8.4 
 31 	 98.4 	 10.84 	 .15 	-7.005 	 31 	 300 	 279 	 257 	 6043 	-8 
 31.5 	 98.2 	 10.78 	 .15 	-7.012 	 32 	 300 	 279 	 257 	 6042 	-8 
 32 	 98.3 	 10.76 	 .16 	-7.011 	 32 	 300 	 279 	 257 	 6041 	-8.1 
 32.5 	 98.5 	 10.82 	 .15 	-7.002 	 32 	 300 	 279 	 257 	 6041 	-8.1 
 33 	 98.3 	 10.9 	 .15 	-7.014 	 32 	 300 	 279 	 258 	 6041 	-8.3 
 33.5 	 98.5 	 10.85 	 .16 	-7.003 	 32 	 300 	 279 	 258 	 6041 	-8.3 
 34 	 98.3 	 10.83 	 .16 	-7.01 	 32 	 300 	 280 	 257 	 6041 	-8.3 
 34.5 	 98.3 	 10.88 	 .16 	-7.01 	 32 	 300 	 279 	 257 	 6041 	-8 
 35 	 98.5 	 10.85 	 .15 	-7.001 	 32 	 300 	 279 	 257 	 6041 	-8.3 
 35.5 	 98.3 	 10.92 	 .15 	-7.008 	 32 	 300 	 279 	 257 	 6042 	-8.3 
 36 	 98.5 	 10.87 	 .15 	-6.999 	 32 	 300 	 280 	 258 	 6040 	-8 
 36.5 	 98.3 	 10.84 	 .15 	-7.019 	 32 	 300 	 279 	 257 	 6042 	-8.4 
 37 	 98.3 	 10.85 	 .15 	-7.013 	 32 	 300 	 279 	 258 	 6041 	-8 
 37.5 	 98.4 	 10.91 	 .16 	-7.016 	 32 	 300 	 279 	 258 	 6041 	-8 
 38 	 98.4 	 10.82 	 .15 	-7.01 	 32 	 299 	 258 	 256 	 6040 	-8.5 
 38.5 	 98.4 	 10.94 	 .15 	-7.009 	 32 	 299 	 259 	 252 	 6064 	-8 
 39 	 98.3 	 10.89 	 .16 	-7.027 	 33 	 297 	 256 	 247 	 6088 	-8.1 
 39.5 	 98.4 	 11 	 .15 	-7.021 	 32 	 297 	 254 	 243 	 6113 	-8.4 
 40 	 98.4 	 11.38 	 .16 	-7.004 	 33 	 300 	 254 	 243 	 6130 	-8.1 
 40.5 	 98.3 	 11.44 	 .17 	-7.012 	 33 	 299 	 252 	 239 	 6147 	-8.3 
 41 	 98.3 	 11.51 	 .16 	-7.016 	 33 	 297 	 252 	 237 	 6159 	-8.1 
 41.5 	 98.4 	 12.14 	 .17 	-7.001 	 33 	 303 	 252 	 238 	 6171 	-8.4 
 42 	 98.4 	 12.13 	 .17 	-7.013 	 33 	 302 	 251 	 235 	 6185 	-8.3 
 42.5 	 98.3 	 11.81 	 .17 	-7.015 	 34 	 298 	 250 	 232 	 6193 	-8 
 43 	 98.4 	 12.48 	 .17 	-7.003 	 34 	 302 	 252 	 234 	 6200 	-8 
 43.5 	 98.3 	 12.52 	 .18 	-7.006 	 34 	 302 	 250 	 233 	 6206 	-8.1 
 44 	 98.3 	 12.27 	 .18 	-7.017 	 34 	 299 	 250 	 230 	 6209 	-8.3 
 44.5 	 98.4 	 12.59 	 .17 	-7.012 	 34 	 300 	 250 	 231 	 6212 	-8 
 45 	 98.4 	 12.9 	 .18 	-6.999 	 34 	 303 	 251 	 232 	 6215 	-8.5 
 45.5 	 98.3 	 12.72 	 .18 	-7.017 	 34 	 299 	 250 	 230 	 6214 	-8.3 
 46 	 98.4 	 12.73 	 .18 	-7.007 	 34 	 301 	 251 	 231 	 6217 	-8 
 46.5 	 98.4 	 12.96 	 .18 	-7.01 	 34 	 302 	 251 	 231 	 6218 	-8.1 
 47 	 98.4 	 13 	 .19 	-7.013 	 34 	 301 	 251 	 231 	 6216 	-8.4 
 47.5 	 98.3 	 12.93 	 .19 	-7.012 	 34 	 300 	 251 	 230 	 6217 	-8.1 
 48 	 98.5 	 13.14 	 .18 	-7.021 	 34 	 300 	 251 	 230 	 6219 	-8 
 48.5 	 98.4 	 13.13 	 .19 	-7.005 	 34 	 301 	 251 	 231 	 6218 	-8.3 
 49 	 98.4 	 13.09 	 .19 	-7.012 	 34 	 300 	 251 	 230 	 6217 	-8.1 
 49.5 	 98.3 	 13.15 	 .19 	-7.008 	 34 	 300 	 251 	 230 	 6218 	-7.9 
 50 	 98.4 	 13.3 	 .19 	-7.013 	 34 	 301 	 251 	 231 	 6220 	-8.1 
 50.5 	 98.5 	 13.36 	 .19 	-7.009 	 34 	 301 	 251 	 231 	 6219 	-8.3 
 51 	 98.4 	 13.36 	 .19 	-7.011 	 34 	 300 	 251 	 231 	 6220 	-8.4 
 51.5 	 98.5 	 13.36 	 .19 	-7.019 	 34 	 300 	 251 	 231 	 6221 	-8.3 
 52 	 98.4 	 13.32 	 .19 	-7.006 	 34 	 300 	 251 	 231 	 6223 	-8.4 
 52.5 	 98.4 	 13.45 	 .19 	-7.008 	 34 	 300 	 251 	 231 	 6220 	-8.1 
 53 	 98.3 	 13.42 	 .19 	-7.008 	 34 	 300 	 251 	 231 	 6219 	-8 
 53.5 	 98.4 	 13.44 	 .19 	-7.006 	 34 	 300 	 251 	 231 	 6223 	-8.4 
 54 	 98.3 	 13.39 	 .19 	-7 	 34 	 300 	 251 	 231 	 6220 	-8.3 
 54.5 	 98.4 	 13.44 	 .19 	-7.014 	 34 	 300 	 251 	 230 	 6220 	-8.1 
 55 	 98.4 	 13.42 	 .19 	-7.009 	 34 	 300 	 251 	 231 	 6222 	-8 
 55.5 	 98.4 	 13.55 	 .19 	-7.011 	 34 	 300 	 251 	 231 	 6222 	-8.3 
 56 	 98.5 	 13.46 	 .19 	-7.006 	 34 	 300 	 251 	 231 	 6223 	-8.1 
 56.5 	 98.3 	 13.55 	 .19 	-7.013 	 34 	 300 	 250 	 231 	 6220 	-8 
 57 	 98.4 	 13.61 	 .19 	-7.01 	 34 	 300 	 251 	 231 	 6222 	-8.3 
 57.5 	 98.4 	 13.47 	 .19 	-7.016 	 34 	 300 	 251 	 231 	 6221 	-8 
 58 	 98.5 	 13.58 	 .19 	-7.012 	 34 	 300 	 251 	 231 	 6221 	-8.3 
 58.5 	 98.5 	 13.59 	 .19 	-7.013 	 34 	 300 	 251 	 231 	 6221 	-8.4 
 59 	 98.4 	 13.58 	 .19 	-7.023 	 34 	 300 	 251 	 231 	 6222 	-8.5 
 59.5 	 98.4 	 13.48 	 .19 	-7.011 	 34 	 300 	 251 	 231 	 6220 	-8.4 
 60 	 98.4 	 13.52 	 .19 	-7.011 	 34 	 300 	 251 	 231 	 6221 	-8.1 
 60.5 	 98.4 	 13.6 	 .19 	-7.028 	 34 	 300 	 250 	 230 	 6220 	-8.3 
 61 	 98.4 	 13.58 	 .19 	-7.012 	 34 	 300 	 251 	 231 	 6223 	-8.3 
 61.5 	 98.5 	 13.6 	 .19 	-7.01 	 34 	 300 	 251 	 230 	 6226 	-8.4 
 62 	 98.5 	 13.71 	 .2 	-7.009 	 34 	 300 	 251 	 231 	 6223 	-8.1 
 62.5 	 98.4 	 13.38 	 .19 	-7.013 	 34 	 300 	 251 	 231 	 6223 	-8.3 
 63 	 98.5 	 13.51 	 .19 	-7.008 	 34 	 300 	 251 	 231 	 6223 	-8.4 
 63.5 	 98.4 	 13.5 	 .19 	-7.014 	 34 	 300 	 251 	 231 	 6224 	-8 
 64 	 98.4 	 13.48 	 .19 	-7.007 	 34 	 301 	 251 	 231 	 6224 	-8 
 64.5 	 98.5 	 13.48 	 .19 	-7.01 	 34 	 300 	 251 	 231 	 6224 	-8.1 
 65 	 98.4 	 13.47 	 .19 	-7.021 	 34 	 300 	 251 	 231 	 6224 	-8.1 
 65.5 	 98.5 	 13.43 	 .19 	-7.012 	 34 	 300 	 251 	 230 	 6223 	-8 
 66 	 98.4 	 13.37 	 .19 	-7.015 	 34 	 300 	 251 	 231 	 6224 	-8.4 
 66.5 	 98.5 	 13.36 	 .19 	-7.016 	 34 	 300 	 251 	 231 	 6223 	-8 
 67 	 98.4 	 13.21 	 .19 	-7.024 	 34 	 300 	 251 	 230 	 6223 	-8.3 
 67.5 	 98.4 	 13.15 	 .19 	-7.015 	 34 	 300 	 251 	 231 	 6223 	-8 
 68 	 98.5 	 13.13 	 .18 	-7.01 	 34 	 300 	 251 	 230 	 6225 	-8.3 
 68.5 	 98.4 	 12.95 	 .18 	-7.01 	 35 	 300 	 251 	 231 	 6225 	-8 
 69 	 98.4 	 12.9 	 .18 	-7.016 	 34 	 300 	 251 	 231 	 6227 	-8.1 
 69.5 	 98.4 	 12.73 	 .18 	-7.005 	 34 	 300 	 250 	 231 	 6225 	-8 
 70 	 98.5 	 12.62 	 .18 	-7.017 	 34 	 300 	 251 	 231 	 6225 	-8.3 
 70.5 	 98.3 	 12.46 	 .17 	-7.011 	 34 	 300 	 251 	 230 	 6225 	-8.3 
 71 	 98.4 	 12.34 	 .17 	-7.015 	 34 	 300 	 251 	 231 	 6225 	-8.5 
 71.5 	 98.4 	 12.31 	 .17 	-7.008 	 34 	 300 	 251 	 231 	 6225 	-8.3 
 72 	 98.4 	 12.19 	 .18 	-7.013 	 34 	 300 	 251 	 231 	 6225 	-8 
 72.5 	 98.4 	 12.11 	 .17 	-7.005 	 34 	 300 	 251 	 231 	 6225 	-8.4 
 73 	 98.4 	 12.1 	 .17 	-7.014 	 34 	 300 	 251 	 231 	 6224 	-8.1 
 73.5 	 98.5 	 11.83 	 .17 	-7.009 	 34 	 300 	 251 	 231 	 6225 	-8.1 
 74 	 98.3 	 11.97 	 .17 	-7.02 	 34 	 300 	 251 	 231 	 6225 	-8.1 
 74.5 	 98.4 	 11.84 	 .17 	-7.015 	 34 	 300 	 251 	 231 	 6226 	-8 
 75 	 98.4 	 11.75 	 .16 	-7.013 	 34 	 300 	 251 	 231 	 6224 	-8 
 75.5 	 98.4 	 11.6 	 .16 	-7.013 	 34 	 300 	 251 	 231 	 6225 	-8.1 
 76 	 98.4 	 11.64 	 .16 	-7.003 	 34 	 300 	 251 	 231 	 6225 	-8.1 
 76.5 	 98.4 	 11.51 	 .16 	-7.015 	 34 	 300 	 250 	 231 	 6225 	-8 
 77 	 98.4 	 11.44 	 .16 	-7.01 	 34 	 300 	 250 	 230 	 6227 	-8.1 
 77.5 	 98.4 	 11.37 	 .16 	-7.013 	 34 	 300 	 250 	 230 	 6231 	-8.3 
 78 	 98.4 	 11.28 	 .16 	-7.008 	 34 	 300 	 249 	 229 	 6232 	-8.3 
 78.5 	 98.4 	 11.33 	 .16 	-7.017 	 35 	 300 	 249 	 229 	 6233 	-8.1 
 79 	 98.4 	 11.25 	 .16 	-7.009 	 34 	 300 	 248 	 229 	 6238 	-8.4 
 79.5 	 98.4 	 11.29 	 .16 	-7.008 	 34 	 300 	 247 	 228 	 6242 	-8 
 80 	 98.3 	 11.2 	 .16 	-7.01 	 34 	 300 	 247 	 228 	 6241 	-8 
 80.5 	 98.4 	 11.16 	 .16 	-7.005 	 34 	 300 	 246 	 228 	 6246 	-8.4 
 81 	 98.4 	 11.18 	 .16 	-7.006 	 35 	 300 	 246 	 227 	 6248 	-8.4 
 81.5 	 98.4 	 11.17 	 .15 	-7.013 	 34 	 300 	 245 	 227 	 6251 	-8.5 
 82 	 98.4 	 11.19 	 .16 	-7.012 	 34 	 300 	 245 	 225 	 6254 	-8.3 
 82.5 	 98.3 	 11.12 	 .16 	-7.005 	 34 	 299 	 245 	 225 	 6255 	-8.4 
 83 	 98.4 	 11.29 	 .16 	-7.012 	 34 	 300 	 244 	 225 	 6262 	-8.4 
 83.5 	 98.4 	 11.28 	 .16 	-7.006 	 35 	 300 	 243 	 224 	 6262 	-8.4 
 84 	 98.4 	 11.31 	 .16 	-7.015 	 34 	 300 	 243 	 224 	 6267 	-8.4 
 84.5 	 98.4 	 11.23 	 .16 	-7.004 	 35 	 300 	 242 	 224 	 6274 	-8.1 
 85 	 98.4 	 11.24 	 .16 	-6.994 	 35 	 300 	 241 	 223 	 6276 	-8.4 
 85.5 	 98.3 	 11.24 	 .16 	-7.008 	 34 	 300 	 241 	 222 	 6281 	-8.1 
 86 	 98.4 	 11.32 	 .16 	-7.007 	 35 	 300 	 240 	 221 	 6284 	-8.3 
 86.5 	 98.4 	 11.29 	 .16 	-7.003 	 35 	 300 	 239 	 221 	 6287 	-8.3 
 87 	 98.3 	 11.36 	 .16 	-7.016 	 35 	 300 	 239 	 220 	 6293 	-8 
 87.5 	 98.4 	 11.33 	 .16 	-7.011 	 35 	 300 	 238 	 219 	 6295 	-8.3 
 88 	 98.3 	 11.39 	 .16 	-7.006 	 35 	 300 	 237 	 219 	 6298 	-8.1 
 88.5 	 98.4 	 11.51 	 .16 	-7.008 	 35 	 300 	 237 	 218 	 6300 	-8.3 
 89 	 98.3 	 11.51 	 .16 	-7.013 	 35 	 300 	 237 	 218 	 6306 	-8.4 
 89.5 	 98.4 	 11.55 	 .16 	-7.009 	 35 	 300 	 237 	 218 	 6309 	-7.9 
 90 	 98.4 	 11.62 	 .16 	-7.006 	 35 	 300 	 237 	 218 	 6308 	-8.1 
 90.5 	 98.3 	 11.66 	 .17 	-7.016 	 35 	 300 	 237 	 218 	 6310 	-8.3 
 91 	 98.4 	 11.77 	 .17 	-7.018 	 35 	 301 	 237 	 218 	 6309 	-8.4 
 91.5 	 98.3 	 11.76 	 .16 	-7.008 	 35 	 300 	 237 	 217 	 6312 	-8.3 
 92 	 98.3 	 11.95 	 .17 	-7.014 	 35 	 300 	 237 	 217 	 6313 	-8.5 
 92.5 	 98.3 	 12.06 	 .17 	-7.01 	 35 	 300 	 237 	 218 	 6312 	-8 
 93 	 98.4 	 12.21 	 .17 	-7.006 	 35 	 300 	 237 	 218 	 6313 	-7.9 
 93.5 	 98.5 	 12.29 	 .17 	-7.009 	 35 	 300 	 237 	 218 	 6316 	-8.1 
 94 	 98.3 	 12.3 	 .18 	-7.01 	 35 	 300 	 237 	 218 	 6317 	-8.3 
 94.5 	 98.4 	 12.53 	 .18 	-7.007 	 35 	 300 	 237 	 218 	 6317 	-8.4 
 95 	 98.3 	 12.49 	 .18 	-7.006 	 35 	 300 	 237 	 218 	 6316 	-8.1 
 95.5 	 98.3 	 12.52 	 .18 	-7.008 	 35 	 300 	 237 	 217 	 6317 	-7.9 
 96 	 98.2 	 12.53 	 .18 	-7.009 	 35 	 301 	 237 	 218 	 6317 	-8.1 
 96.5 	 98.4 	 12.62 	 .19 	-7.011 	 35 	 301 	 236 	 218 	 6316 	-8.1 
 97 	 98.4 	 12.76 	 .18 	-7.011 	 35 	 301 	 237 	 218 	 6318 	-8 
 97.5 	 98.4 	 12.72 	 .19 	-7.009 	 35 	 300 	 237 	 218 	 6318 	-8.3 
 98 	 98.3 	 12.77 	 .18 	-7.013 	 35 	 300 	 237 	 217 	 6319 	-8.5 
 98.5 	 98.4 	 12.82 	 .18 	-7.016 	 35 	 301 	 236 	 217 	 6319 	-8 
 99 	 98.4 	 12.84 	 .19 	-7.011 	 35 	 300 	 237 	 217 	 6319 	-8.1 
 99.5 	 98.4 	 12.94 	 .18 	-7.015 	 35 	 300 	 237 	 217 	 6318 	-8.5 
 100 	 98.4 	 12.97 	 .18 	-7.01 	 35 	 300 	 236 	 218 	 6319 	-8.1 
 100.5 	 98.4 	 13.1 	 .18 	-7.008 	 35 	 300 	 236 	 217 	 6318 	-8 
 101 	 98.4 	 13.06 	 .18 	-7.006 	 35 	 300 	 237 	 217 	 6320 	-8.3 
 101.5 	 98.4 	 13.07 	 .19 	-7.009 	 35 	 301 	 236 	 217 	 6323 	-8.3 
 102 	 98.4 	 13.17 	 .18 	-7.007 	 35 	 300 	 236 	 217 	 6322 	-8.3 
 102.5 	 98.4 	 13.16 	 .19 	-7.013 	 34 	 300 	 236 	 217 	 6324 	-8 
 103 	 98.4 	 13.21 	 .19 	-7.013 	 35 	 300 	 236 	 217 	 6320 	-8.3 
 103.5 	 98.4 	 13.27 	 .19 	-7.009 	 34 	 300 	 236 	 217 	 6324 	-8.1 
 104 	 98.4 	 13.23 	 .19 	-7.013 	 35 	 300 	 236 	 217 	 6324 	-8 
 104.5 	 98.5 	 13.26 	 .19 	-7.011 	 35 	 300 	 236 	 217 	 6324 	-8.3 
 105 	 98.4 	 13.24 	 .19 	-7 	 35 	 300 	 236 	 216 	 6321 	-8.4 
 105.5 	 98.5 	 13.23 	 .18 	-6.999 	 35 	 300 	 236 	 217 	 6323 	-8.4 
 106 	 98.4 	 13.28 	 .19 	-7.005 	 34 	 300 	 236 	 216 	 6323 	-8.1 
 106.5 	 98.4 	 13.21 	 .19 	-7.014 	 35 	 300 	 236 	 217 	 6324 	-8.1 
 107 	 98.4 	 13.26 	 .19 	-7.006 	 34 	 301 	 236 	 217 	 6325 	-8.3 
 107.5 	 98.4 	 13.2 	 .19 	-7.004 	 34 	 300 	 236 	 217 	 6324 	-8.1 
 108 	 98.4 	 12.33 	 .17 	-7.002 	 34 	 300 	 236 	 217 	 6326 	-8.1 
 108.5 	 98.4 	 12.2 	 .17 	-7.008 	 34 	 300 	 236 	 217 	 6327 	-8.1 
 109 	 98.4 	 12.26 	 .18 	-7.005 	 34 	 301 	 236 	 217 	 6326 	-8.4 
 109.5 	 98.5 	 12.13 	 .17 	-7.004 	 34 	 300 	 236 	 217 	 6326 	-8.1 
 110 	 98.5 	 12.07 	 .17 	-7.001 	 35 	 300 	 236 	 217 	 6327 	-8.1 
 110.5 	 98.4 	 12.04 	 .17 	-7.003 	 34 	 301 	 236 	 217 	 6329 	-8.3 
 111 	 98.4 	 12.08 	 .17 	-7.008 	 34 	 300 	 236 	 216 	 6326 	-8.1 
 111.5 	 98.4 	 11.95 	 .17 	-7.01 	 34 	 300 	 236 	 217 	 6328 	-8.4 
 112 	 98.5 	 11.95 	 .17 	-7.009 	 34 	 300 	 236 	 217 	 6327 	-8.3 
 112.5 	 98.6 	 11.91 	 .17 	-7.012 	 34 	 300 	 236 	 216 	 6329 	-8 
 113 	 98.4 	 11.9 	 .17 	-7.01 	 34 	 300 	 236 	 216 	 6328 	-8.1 
 113.5 	 98.4 	 11.97 	 .17 	-7.009 	 34 	 300 	 236 	 216 	 6329 	-8.3 
 114 	 98.4 	 11.95 	 .17 	-7.009 	 34 	 300 	 236 	 216 	 6331 	-8.1 
 114.5 	 98.6 	 12.01 	 .17 	-7.007 	 34 	 300 	 236 	 216 	 6330 	-8.5 
 115 	 98.5 	 12.02 	 .17 	-7.014 	 34 	 300 	 236 	 216 	 6327 	-8.3 
 115.5 	 98.4 	 11.95 	 .17 	-7.005 	 34 	 300 	 236 	 216 	 6328 	-8.3 
 116 	 98.4 	 12.2 	 .18 	-7.009 	 35 	 300 	 236 	 216 	 6329 	-8.4 
 116.5 	 98.3 	 12.15 	 .17 	-7.01 	 34 	 300 	 236 	 216 	 6328 	-8.1 
 117 	 98.5 	 12.18 	 .17 	-7.009 	 34 	 300 	 236 	 216 	 6330 	-8.3 
 117.5 	 98.5 	 12.3 	 .17 	-7.004 	 35 	 300 	 235 	 216 	 6331 	-8.4 
 118 	 98.4 	 12.27 	 .17 	-7.009 	 34 	 300 	 236 	 216 	 6331 	-8.1 
 118.5 	 98.4 	 12.38 	 .17 	-7.009 	 35 	 300 	 236 	 216 	 6331 	-8 
 119 	 98.4 	 12.36 	 .18 	-6.997 	 34 	 299 	 235 	 216 	 6331 	-8.5 
 119.5 	 98.4 	 12.37 	 .18 	-7.006 	 35 	 301 	 235 	 216 	 6332 	-8 
 120 	 98.4 	 12.37 	 .18 	-7.006 	 34 	 300 	 236 	 216 	 6329 	-8.1 
 120.5 	 98.5 	 12.5 	 .18 	-7.009 	 34 	 300 	 235 	 216 	 6330 	-8.1 
 121 	 98.4 	 12.52 	 .18 	-7.012 	 35 	 300 	 235 	 216 	 6330 	-8.1 
 121.5 	 98.5 	 12.49 	 .18 	-7 	 34 	 301 	 235 	 216 	 6330 	-8.1 
 122 	 98.4 	 12.54 	 .18 	-7.012 	 34 	 300 	 235 	 216 	 6331 	-8.3 
 122.5 	 98.5 	 12.63 	 .17 	-7.01 	 35 	 300 	 235 	 216 	 6332 	-8 
 123 	 98.5 	 12.54 	 .17 	-7.009 	 35 	 300 	 235 	 216 	 6333 	-8.3 
 123.5 	 98.4 	 12.57 	 .18 	-7.013 	 35 	 300 	 235 	 216 	 6333 	-8 
 124 	 98.5 	 12.64 	 .18 	-7.004 	 35 	 300 	 235 	 216 	 6332 	-8.3 
 124.5 	 98.3 	 12.72 	 .18 	-7.011 	 35 	 300 	 235 	 216 	 6333 	-8.4 
 125 	 98.4 	 12.74 	 .18 	-7.016 	 35 	 300 	 235 	 216 	 6332 	-8 
 125.5 	 98.4 	 12.76 	 .18 	-7.011 	 35 	 300 	 235 	 216 	 6333 	-8.1 
 126 	 98.5 	 12.79 	 .18 	-7.007 	 36 	 300 	 235 	 216 	 6334 	-8.4 
 126.5 	 98.4 	 12.82 	 .18 	-7.007 	 36 	 300 	 235 	 216 	 6332 	-8 
 127 	 98.4 	 12.75 	 .18 	-7.01 	 35 	 300 	 235 	 216 	 6332 	-8 
 127.5 	 98.4 	 12.87 	 .18 	-7.005 	 35 	 300 	 235 	 216 	 6334 	-8 
 128 	 98.4 	 12.92 	 .18 	-7.005 	 36 	 300 	 235 	 215 	 6333 	-8.1 
 128.5 	 98.5 	 12.89 	 .18 	-7.002 	 36 	 300 	 235 	 216 	 6334 	-8 
 129 	 98.4 	 12.94 	 .18 	-7.004 	 36 	 300 	 235 	 216 	 6335 	-8.1 
 129.5 	 98.3 	 12.97 	 .19 	-7.005 	 36 	 301 	 235 	 216 	 6333 	-8 
 130 	 98.4 	 12.97 	 .18 	-7.003 	 35 	 301 	 235 	 216 	 6332 	-8.5 
 130.5 	 98.4 	 13.04 	 .19 	-7.012 	 36 	 300 	 235 	 216 	 6335 	-8.1 
 131 	 98.5 	 13.08 	 .19 	-7.011 	 35 	 300 	 235 	 216 	 6334 	-8 
 131.5 	 98.4 	 13.13 	 .19 	-7.004 	 36 	 300 	 235 	 216 	 6333 	-8.1 
 132 	 98.4 	 13.13 	 .19 	-7.005 	 36 	 300 	 235 	 215 	 6336 	-8.3 
 132.5 	 98.4 	 13.22 	 .18 	-7.02 	 35 	 300 	 235 	 216 	 6335 	-8 
 133 	 98.4 	 13.3 	 .19 	-7.01 	 35 	 300 	 235 	 216 	 6336 	-8.1 
 133.5 	 98.4 	 13.24 	 .19 	-6.997 	 35 	 300 	 235 	 216 	 6334 	-8.5 
 134 	 98.4 	 13.26 	 .19 	-7.013 	 35 	 300 	 235 	 216 	 6336 	-8.4 
 134.5 	 98.4 	 13.35 	 .19 	-7.002 	 35 	 300 	 235 	 216 	 6336 	-8.4 
 135 	 98.5 	 13.49 	 .19 	-7.006 	 35 	 300 	 235 	 215 	 6335 	-8.6 
 135.5 	 98.4 	 13.45 	 .19 	-7.011 	 35 	 300 	 235 	 216 	 6335 	-8 
 136 	 98.5 	 13.53 	 .19 	-7.009 	 34 	 300 	 235 	 216 	 6336 	-8.3 
 136.5 	 98.4 	 13.58 	 .19 	-7.012 	 35 	 300 	 235 	 216 	 6338 	-8 
 137 	 98.5 	 13.57 	 .19 	-6.998 	 35 	 300 	 235 	 216 	 6339 	-8.3 
 137.5 	 98.5 	 13.73 	 .19 	-7.004 	 35 	 300 	 235 	 216 	 6338 	-8.3 
 138 	 98.4 	 13.72 	 .2 	-7.017 	 34 	 300 	 235 	 216 	 6338 	-8.1 
 138.5 	 98.4 	 13.84 	 .2 	-7.014 	 34 	 300 	 235 	 215 	 6336 	-8.1 
 139 	 98.5 	 13.81 	 .2 	-7.01 	 35 	 300 	 235 	 216 	 6338 	-8.3 
 139.5 	 98.5 	 13.81 	 .19 	-7.009 	 34 	 300 	 235 	 216 	 6340 	-8.3 
 140 	 98.5 	 13.85 	 .2 	-7.004 	 35 	 300 	 235 	 215 	 6338 	-8.4 
 140.5 	 98.5 	 13.9 	 .2 	-7.003 	 35 	 300 	 235 	 215 	 6339 	-8.5 
 141 	 98.4 	 14.01 	 .2 	-7.004 	 35 	 300 	 235 	 216 	 6341 	-8.3 
 141.5 	 98.5 	 13.96 	 .2 	-7.007 	 35 	 300 	 235 	 215 	 6339 	-8 
 142 	 98.4 	 14.08 	 .2 	-7.003 	 35 	 300 	 234 	 216 	 6340 	-8 
 142.5 	 98.5 	 14.09 	 .2 	-7 	 35 	 300 	 235 	 216 	 6341 	-8.3 
 143 	 98.5 	 14.19 	 .2 	-7.013 	 35 	 300 	 235 	 215 	 6340 	-8.3 
 143.5 	 98.5 	 14.11 	 .2 	-7.008 	 35 	 300 	 235 	 215 	 6339 	-8.3 
 144 	 98.5 	 14.3 	 .2 	-7.009 	 36 	 300 	 235 	 216 	 6340 	-8.3 
 144.5 	 98.4 	 14.25 	 .2 	-7.003 	 35 	 300 	 235 	 216 	 6340 	-8.1 
 145 	 98.5 	 14.29 	 .2 	-7.008 	 36 	 300 	 236 	 215 	 6341 	-8.1 
 145.5 	 98.4 	 14.4 	 .21 	-7.01 	 35 	 300 	 235 	 216 	 6342 	-8.3 
 146 	 98.5 	 14.45 	 .21 	-7.007 	 36 	 300 	 235 	 216 	 6340 	-8.4 
 146.5 	 98.4 	 14.48 	 .2 	-7.015 	 35 	 300 	 235 	 216 	 6341 	-8.1 
 147 	 98.5 	 14.45 	 .21 	-7.003 	 36 	 300 	 235 	 216 	 6343 	-8 
 147.5 	 98.5 	 14.56 	 .2 	-7.01 	 36 	 300 	 235 	 215 	 6341 	-7.9 
 148 	 98.5 	 14.56 	 .21 	-7.008 	 36 	 300 	 235 	 215 	 6343 	-8 
 148.5 	 98.6 	 14.68 	 .21 	-7.002 	 36 	 300 	 235 	 216 	 6345 	-8.4 
 149 	 98.6 	 14.64 	 .21 	-7.012 	 36 	 300 	 235 	 215 	 6345 	-8.4 
 149.5 	 98.5 	 14.59 	 .21 	-7.009 	 36 	 300 	 235 	 215 	 6343 	-8.1 
 150 	 98.5 	 14.73 	 .2 	-7.01 	 35 	 300 	 235 	 216 	 6345 	-8.1 
 150.5 	 98.5 	 14.77 	 .21 	-7.01 	 35 	 300 	 235 	 216 	 6345 	-8 
 151 	 98.6 	 14.78 	 .21 	-7.001 	 35 	 300 	 235 	 216 	 6343 	-8.1 
 151.5 	 98.5 	 14.73 	 .21 	-7.003 	 35 	 299 	 235 	 215 	 6343 	-8.4 
 152 	 98.5 	 14.86 	 .21 	-7.007 	 35 	 300 	 235 	 215 	 6343 	-8.1 
 152.5 	 98.6 	 14.79 	 .21 	-7.004 	 35 	 300 	 235 	 216 	 6341 	-8.1 
 153 	 98.5 	 14.93 	 .21 	-7.004 	 35 	 300 	 235 	 216 	 6346 	-8.1 
 153.5 	 98.6 	 14.88 	 .21 	-7.015 	 35 	 300 	 235 	 215 	 6347 	-8.1 
 154 	 98.5 	 15.06 	 .22 	-7.012 	 35 	 300 	 235 	 216 	 6348 	-8 
 154.5 	 98.6 	 14.99 	 .21 	-7.01 	 35 	 300 	 235 	 216 	 6346 	-8 
 155 	 98.7 	 15.09 	 .22 	-7 	 34 	 300 	 234 	 215 	 6347 	-8.3 
 155.5 	 98.5 	 15.15 	 .22 	-7.004 	 35 	 300 	 235 	 216 	 6348 	-8.4 
 156 	 98.6 	 15.24 	 .21 	-7.007 	 35 	 300 	 235 	 216 	 6347 	-8.4 
 156.5 	 98.6 	 15.17 	 .22 	-7.005 	 34 	 300 	 235 	 216 	 6346 	-8.1 
 157 	 98.7 	 15.23 	 .22 	-7.015 	 35 	 300 	 235 	 216 	 6347 	-8.5 
 157.5 	 98.6 	 15.33 	 .22 	-7.013 	 35 	 300 	 235 	 215 	 6346 	-8.3 
 158 	 98.6 	 15.3 	 .21 	-7.014 	 35 	 300 	 235 	 215 	 6345 	-8 
 158.5 	 98.6 	 15.4 	 .22 	-7.014 	 35 	 300 	 235 	 216 	 6346 	-8.3 
 159 	 98.6 	 15.49 	 .22 	-7.021 	 35 	 300 	 235 	 215 	 6347 	-8.5 
 159.5 	 98.6 	 15.54 	 .22 	-7.003 	 35 	 300 	 235 	 215 	 6347 	-8.3 
 160 	 98.6 	 15.53 	 .22 	-7.012 	 35 	 300 	 235 	 215 	 6348 	-8.3 
 160.5 	 98.6 	 15.56 	 .22 	-7.007 	 36 	 300 	 235 	 215 	 6347 	-8.4 
 161 	 98.6 	 15.73 	 .22 	-7.019 	 36 	 300 	 235 	 215 	 6348 	-8.1 
 161.5 	 98.6 	 15.87 	 .23 	-7.017 	 36 	 300 	 235 	 216 	 6349 	-8.1 
 162 	 98.6 	 15.99 	 .23 	-7.013 	 36 	 299 	 235 	 216 	 6348 	-8.4 
 162.5 	 98.7 	 16.15 	 .23 	-7.017 	 36 	 300 	 235 	 216 	 6351 	-8 
 163 	 98.6 	 16.4 	 .23 	-7.016 	 36 	 300 	 235 	 216 	 6349 	-8.1 
 163.5 	 98.8 	 16.5 	 .24 	-7.009 	 36 	 300 	 235 	 216 	 6351 	-8 
 164 	 98.6 	 16.69 	 .24 	-7.01 	 36 	 300 	 235 	 216 	 6351 	-8 
 164.5 	 98.7 	 16.91 	 .24 	-7.007 	 36 	 300 	 235 	 216 	 6351 	-8.1 
 165 	 98.7 	 17.11 	 .24 	-7.013 	 35 	 300 	 235 	 216 	 6351 	-8.3 
 165.5 	 98.9 	 17.35 	 .24 	-7.009 	 36 	 299 	 235 	 216 	 6356 	-8 
 166 	 99 	 17.52 	 .25 	-7.01 	 36 	 300 	 235 	 217 	 6354 	-8.1 
 166.5 	 99 	 17.8 	 .25 	-7.011 	 36 	 300 	 236 	 216 	 6354 	-8 
 167 	 98.9 	 17.91 	 .26 	-7.016 	 35 	 300 	 235 	 216 	 6354 	-8.3 
 167.5 	 99 	 18.26 	 .26 	-7.011 	 36 	 300 	 236 	 217 	 6359 	-8.3 
 168 	 99.1 	 18.35 	 .26 	-7.006 	 36 	 300 	 236 	 217 	 6360 	-8.1 
 168.5 	 99.1 	 18.66 	 .27 	-7.01 	 35 	 300 	 236 	 217 	 6362 	-8 
 169 	 99.2 	 18.71 	 .26 	-7.007 	 36 	 300 	 236 	 217 	 6361 	-8.1 
 169.5 	 99.3 	 18.89 	 .27 	-7.012 	 35 	 300 	 236 	 217 	 6362 	-8 
 170 	 99.5 	 19.21 	 .27 	-7.002 	 35 	 299 	 236 	 217 	 6367 	-8.3 
 170.5 	 99.4 	 19.43 	 .27 	-7.008 	 35 	 300 	 237 	 218 	 6367 	-8.3 
 171 	 99.6 	 19.58 	 .28 	-7.01 	 35 	 300 	 236 	 217 	 6370 	-8.4 
 171.5 	 99.6 	 19.78 	 .28 	-7.01 	 36 	 300 	 236 	 217 	 6371 	-8.1 
 172 	 99.8 	 19.88 	 .28 	-7.007 	 35 	 300 	 237 	 217 	 6371 	-8 
 172.5 	 99.9 	 20.2 	 .28 	-7.007 	 35 	 300 	 237 	 218 	 6374 	-8.3 
 173 	 99.8 	 20.3 	 .28 	-7.011 	 36 	 300 	 237 	 218 	 6373 	-8.1 
 173.5 	 99.9 	 20.43 	 .29 	-7.007 	 35 	 300 	 237 	 218 	 6376 	-8.4 
 174 	 100 	 20.42 	 .29 	-7.005 	 36 	 300 	 237 	 218 	 6380 	-8.4 
 174.5 	 100.2 	 20.48 	 .29 	-7.014 	 36 	 300 	 237 	 218 	 6380 	-8 
 175 	 100.1 	 20.67 	 .29 	-7.006 	 35 	 300 	 237 	 218 	 6380 	-8 
 175.5 	 100.1 	 20.68 	 .29 	-7.009 	 36 	 300 	 237 	 218 	 6381 	-8.4 
 176 	 100.2 	 20.7 	 .29 	-7.003 	 37 	 300 	 237 	 218 	 6383 	-8 
 176.5 	 100.3 	 20.78 	 .29 	-7.007 	 36 	 300 	 237 	 217 	 6383 	-8.3 
 177 	 100.2 	 20.87 	 .3 	-7.007 	 37 	 300 	 237 	 218 	 6384 	-8 
 177.5 	 100.4 	 20.94 	 .29 	-7.009 	 36 	 300 	 237 	 218 	 6385 	-8 
 178 	 100.3 	 20.87 	 .3 	-7.005 	 37 	 300 	 237 	 218 	 6385 	-8.4 
 178.5 	 100.4 	 20.94 	 .29 	-7.007 	 37 	 300 	 238 	 218 	 6385 	-8.3 
 179 	 100.5 	 20.99 	 .3 	-7.008 	 36 	 300 	 237 	 218 	 6387 	-8.1 
 179.5 	 100.5 	 21.04 	 .3 	-7.009 	 36 	 300 	 237 	 218 	 6388 	-8.4 
 180 	 100.5 	 21.1 	 .3 	-7.006 	 36 	 300 	 237 	 218 	 6387 	-8.3 
 180.5 	 100.5 	 21.18 	 .3 	-7.007 	 37 	 300 	 237 	 217 	 6388 	-8.1 
 181 	 100.5 	 21.13 	 .3 	-7.011 	 36 	 300 	 237 	 218 	 6388 	-8.4 
 181.5 	 100.5 	 21.09 	 .3 	-7.006 	 37 	 300 	 237 	 218 	 6388 	-8.1 
 182 	 100.6 	 21.24 	 .3 	-7.008 	 37 	 300 	 237 	 218 	 6391 	-8.1 
 182.5 	 100.6 	 21.28 	 .3 	-7.009 	 36 	 300 	 237 	 218 	 6389 	-8 
 183 	 100.7 	 21.34 	 .3 	-7.006 	 37 	 300 	 237 	 218 	 6393 	-8.3 
 183.5 	 100.6 	 21.34 	 .3 	-7.004 	 36 	 300 	 237 	 217 	 6392 	-8.3 
 184 	 100.7 	 21.25 	 .3 	-7.005 	 37 	 300 	 237 	 218 	 6393 	-8.4 
 184.5 	 100.8 	 21.31 	 .3 	-7 	 37 	 300 	 237 	 218 	 6393 	-8 
 185 	 100.8 	 21.36 	 .31 	-7.008 	 36 	 300 	 237 	 217 	 6393 	-8.3 
 185.5 	 100.8 	 21.42 	 .3 	-7.008 	 37 	 300 	 237 	 218 	 6396 	-8.1 
 186 	 100.7 	 21.27 	 .3 	-7.002 	 36 	 300 	 237 	 218 	 6395 	-8.1 
 186.5 	 100.9 	 21.37 	 .3 	-7.003 	 37 	 300 	 237 	 218 	 6396 	-8.4 
 187 	 100.9 	 21.33 	 .3 	-7.005 	 37 	 301 	 237 	 217 	 6395 	-8 
 187.5 	 100.9 	 21.31 	 .3 	-7 	 36 	 300 	 237 	 218 	 6396 	-8 
 188 	 100.8 	 21.39 	 .3 	-7.014 	 37 	 300 	 237 	 218 	 6396 	-8 
 188.5 	 100.8 	 21.42 	 .3 	-7.01 	 36 	 300 	 236 	 217 	 6395 	-8 
 189 	 100.9 	 21.41 	 .3 	-7.007 	 36 	 300 	 237 	 217 	 6397 	-8.1 
 189.5 	 100.8 	 21.42 	 .3 	-7.018 	 36 	 301 	 236 	 217 	 6401 	-8.3 
 190 	 100.9 	 21.38 	 .3 	-7.011 	 36 	 300 	 237 	 217 	 6402 	-8.3 
 190.5 	 101 	 21.44 	 .3 	-7.018 	 36 	 300 	 237 	 218 	 6401 	-8.3 
 191 	 100.8 	 21.29 	 .3 	-7.008 	 37 	 300 	 237 	 218 	 6402 	-8 
 191.5 	 100.9 	 21.37 	 .3 	-7.01 	 37 	 300 	 237 	 218 	 6402 	-8.1 
 192 	 100.8 	 21.38 	 .31 	-7.01 	 37 	 300 	 237 	 218 	 6400 	-8.4 
 192.5 	 100.9 	 21.35 	 .3 	-7.006 	 37 	 301 	 237 	 217 	 6402 	-8.4 
 193 	 101 	 21.3 	 .3 	-7.015 	 37 	 300 	 236 	 217 	 6402 	-8 
 193.5 	 101 	 21.31 	 .3 	-7.001 	 37 	 300 	 237 	 217 	 6401 	-8.4 
 194 	 101 	 21.36 	 .3 	-7.007 	 37 	 300 	 236 	 217 	 6401 	-8.1 
 194.5 	 100.8 	 21.4 	 .3 	-7.014 	 37 	 300 	 237 	 218 	 6402 	-8.3 
 195 	 100.9 	 21.35 	 .3 	-7.005 	 37 	 300 	 237 	 217 	 6404 	-8.3 
 195.5 	 101 	 21.38 	 .3 	-7.008 	 37 	 300 	 237 	 217 	 6402 	-8 
 196 	 101 	 21.32 	 .3 	-6.999 	 37 	 300 	 237 	 217 	 6404 	-8 
 196.5 	 101 	 21.33 	 .3 	-6.996 	 36 	 300 	 237 	 217 	 6403 	-8.4 
 197 	 101 	 21.28 	 .3 	-7.005 	 37 	 300 	 236 	 217 	 6405 	-8.3 
 197.5 	 100.9 	 21.28 	 .3 	-7.005 	 37 	 300 	 237 	 217 	 6404 	-8.1 
 198 	 101.1 	 21.25 	 .3 	-7.003 	 37 	 300 	 236 	 217 	 6403 	-8.5 
 198.5 	 100.9 	 21.33 	 .3 	-7.016 	 36 	 300 	 236 	 217 	 6405 	-8.4 
 199 	 101.1 	 21.34 	 .31 	-7.009 	 36 	 300 	 236 	 217 	 6405 	-8.4 
 199.5 	 101.2 	 21.3 	 .3 	-7.01 	 36 	 300 	 236 	 217 	 6404 	-8 
 200 	 101.1 	 21.3 	 .3 	-7.005 	 36 	 300 	 237 	 217 	 6404 	-8.3 
 200.5 	 101 	 21.32 	 .31 	-7.015 	 36 	 300 	 236 	 217 	 6405 	-8.4 
 201 	 101 	 21.37 	 .3 	-7.004 	 36 	 300 	 236 	 217 	 6404 	-8.4 
 201.5 	 101 	 21.32 	 .3 	-7.019 	 36 	 300 	 236 	 217 	 6405 	-8.3 
 202 	 101.2 	 21.31 	 .3 	-7.004 	 36 	 300 	 236 	 217 	 6405 	-8.3 
 202.5 	 101.2 	 21.28 	 .3 	-7.007 	 36 	 300 	 236 	 217 	 6409 	-8.1 
 203 	 101 	 21.29 	 .31 	-7.011 	 36 	 300 	 236 	 217 	 6408 	-8.1 
 203.5 	 101.1 	 21.31 	 .3 	-7.006 	 37 	 300 	 236 	 217 	 6409 	-8.1 
 204 	 101 	 21.29 	 .3 	-7.013 	 36 	 300 	 236 	 217 	 6407 	-8 
 204.5 	 101.1 	 21.34 	 .3 	-7.007 	 36 	 300 	 236 	 217 	 6409 	-8 
 205 	 100.9 	 21.33 	 .3 	-7.007 	 37 	 300 	 236 	 217 	 6406 	-8 
 205.5 	 101.2 	 21.25 	 .3 	-7 	 37 	 300 	 236 	 217 	 6408 	-8.1 
 206 	 101 	 21.21 	 .3 	-7.005 	 37 	 300 	 236 	 217 	 6408 	-7.9 
 206.5 	 101.1 	 21.33 	 .3 	-7.001 	 37 	 300 	 236 	 217 	 6407 	-8.3 
 207 	 101 	 21.25 	 .3 	-7.003 	 37 	 300 	 236 	 217 	 6408 	-8.1 
 207.5 	 101 	 21.28 	 .3 	-6.999 	 37 	 300 	 236 	 217 	 6408 	-8.1 
 208 	 101.1 	 21.27 	 .3 	-7 	 37 	 300 	 236 	 217 	 6409 	-8.1 
 208.5 	 101.2 	 21.25 	 .3 	-7.015 	 37 	 300 	 236 	 217 	 6409 	-8.3 
 209 	 101.1 	 21.24 	 .3 	-7.007 	 37 	 300 	 236 	 217 	 6411 	-8.4 
 209.5 	 101.1 	 21.17 	 .3 	-7.002 	 37 	 300 	 236 	 217 	 6409 	-8.1 
 210 	 101.1 	 21.24 	 .3 	-7.006 	 37 	 300 	 236 	 217 	 6409 	-8.3 
 210.5 	 101 	 21.26 	 .3 	-7.012 	 36 	 300 	 236 	 217 	 6408 	-8.4 
 211 	 101.2 	 21.29 	 .3 	-7.004 	 37 	 300 	 236 	 217 	 6411 	-8.1 
 211.5 	 101.1 	 21.24 	 .3 	-7.01 	 37 	 300 	 236 	 217 	 6410 	-8.3 
 212 	 101.1 	 21.18 	 .3 	-6.997 	 37 	 300 	 236 	 217 	 6409 	-8.4 
 212.5 	 101.1 	 21.29 	 .3 	-7.001 	 37 	 300 	 236 	 217 	 6411 	-8.1 
 213 	 101.2 	 21.31 	 .3 	-7.007 	 36 	 300 	 236 	 217 	 6408 	-8 
 213.5 	 101.1 	 21.23 	 .3 	-7.017 	 36 	 300 	 237 	 217 	 6411 	-8 
 214 	 101.1 	 21.28 	 .3 	-7.014 	 36 	 300 	 237 	 217 	 6409 	-8 
 214.5 	 101.2 	 21.18 	 .3 	-6.997 	 36 	 300 	 237 	 217 	 6409 	-8.5 
 215 	 101.2 	 21.18 	 .3 	-7.004 	 36 	 300 	 236 	 217 	 6410 	-8.5 
 215.5 	 101.2 	 21.2 	 .29 	-7.002 	 36 	 301 	 236 	 217 	 6409 	-8.1 
 216 	 101.1 	 21.28 	 .3 	-7.008 	 36 	 300 	 236 	 217 	 6410 	-8.1 
 216.5 	 101.2 	 21.27 	 .3 	-7.012 	 36 	 300 	 237 	 217 	 6410 	-8.4 
 217 	 101.2 	 21.25 	 .3 	-7.005 	 36 	 300 	 237 	 217 	 6410 	-8.1 
 217.5 	 101.2 	 21.22 	 .3 	-6.997 	 37 	 300 	 237 	 217 	 6410 	-8.1 
 218 	 101.1 	 21.21 	 .3 	-6.995 	 36 	 300 	 236 	 217 	 6410 	-8 
 218.5 	 101.1 	 21.22 	 .3 	-6.999 	 36 	 300 	 236 	 217 	 6412 	-8.6 
 219 	 101.1 	 21.29 	 .3 	-7.005 	 36 	 300 	 237 	 217 	 6409 	-8 
 219.5 	 101.3 	 21.22 	 .3 	-7.003 	 36 	 300 	 237 	 217 	 6409 	-8.5 
 220 	 101.2 	 21.19 	 .3 	-7.008 	 37 	 300 	 236 	 217 	 6410 	-8.1 
 220.5 	 101.2 	 21.2 	 .3 	-7.01 	 36 	 300 	 236 	 217 	 6410 	-8 
 221 	 101.1 	 21.17 	 .3 	-7.01 	 37 	 300 	 237 	 217 	 6409 	-8 
 221.5 	 101.1 	 21.17 	 .3 	-7.012 	 37 	 300 	 236 	 217 	 6410 	-8.1 
 222 	 101.2 	 21.28 	 .3 	-7.007 	 36 	 300 	 237 	 217 	 6410 	-8.4 
 222.5 	 101.1 	 21.2 	 .3 	-7.002 	 37 	 300 	 236 	 217 	 6408 	-7.8 
 223 	 101.3 	 21.28 	 .3 	-7.006 	 37 	 300 	 236 	 217 	 6411 	-8.5 
 223.5 	 101.1 	 21.25 	 .3 	-7.003 	 37 	 300 	 237 	 218 	 6411 	-8.4 
