时间(S)	振次	轴位移(mm)	力(kN)	应力(kPa)	变形(mm)	侧位移(mm)	围压(kPa)	孔压(kPa)	反压(kPa)	体变(ml)	小体变(ml)
0.00	0.00	 130 	 21.39 	 303 	 21.041 	 38.6 	 299 	 244 	 224 	 6411 	-7.1 
 .2 	 .02 	 130.1 	 21.33 	 30 	 21.042 	 39.2 	 300 	 243 	 224 	 6412 	-7.1 
 .4 	 .04 	 130.1 	 21.63 	 31 	 21.042 	 38.6 	 300 	 243 	 224 	 6411 	-7.1 
 .61 	 .06 	 130 	 22.08 	 32 	 21.055 	 39.1 	 300 	 243 	 224 	 6412 	-7.3 
 .81 	 .08 	 130.1 	 22.89 	 34 	 21.075 	 39 	 300 	 244 	 224 	 6412 	-7.4 
 1.01 	 .1 	 130.1 	 23.65 	 35 	 21.094 	 38.5 	 300 	 243 	 224 	 6412 	-7.4 
 1.21 	 .12 	 130.1 	 25.64 	 37 	 21.15 	 39.4 	 300 	 243 	 224 	 6412 	-7.4 
 1.41 	 .14 	 130.2 	 26.51 	 39 	 21.183 	 38.6 	 300 	 243 	 223 	 6412 	-7.1 
 1.62 	 .16 	 130.3 	 27.36 	 40 	 21.207 	 39.4 	 300 	 242 	 223 	 6414 	-7 
 1.82 	 .18 	 130.2 	 28.84 	 41 	 21.241 	 38.5 	 300 	 242 	 223 	 6414 	-7.4 
 2.02 	 .2 	 130.2 	 29.25 	 42 	 21.264 	 39.4 	 300 	 242 	 222 	 6414 	-7.3 
 2.22 	 .22 	 130.3 	 29.67 	 42 	 21.285 	 38.7 	 301 	 242 	 223 	 6413 	-7.1 
 2.42 	 .24 	 130.3 	 30 	 43 	 21.313 	 39 	 301 	 241 	 222 	 6412 	-7.1 
 2.63 	 .26 	 130.3 	 30.46 	 43 	 21.353 	 38.7 	 301 	 241 	 222 	 6412 	-7.1 
 2.83 	 .28 	 130.3 	 30.64 	 44 	 21.368 	 38.7 	 301 	 241 	 222 	 6412 	-7.4 
 3.03 	 .3 	 130.3 	 30.64 	 44 	 21.384 	 39.4 	 301 	 241 	 222 	 6413 	-7.5 
 3.23 	 .32 	 130.3 	 30.68 	 43 	 21.404 	 38.3 	 301 	 240 	 221 	 6412 	-7 
 3.43 	 .34 	 130.3 	 30.53 	 43 	 21.41 	 39.5 	 301 	 240 	 221 	 6412 	-7.1 
 3.64 	 .36 	 130.4 	 30.43 	 43 	 21.4 	 38.3 	 301 	 240 	 221 	 6413 	-7.1 
 3.84 	 .38 	 130.4 	 30.18 	 42 	 21.419 	 39.4 	 301 	 240 	 221 	 6412 	-7.5 
 4.04 	 .4 	 130.3 	 30.01 	 42 	 21.418 	 38.6 	 301 	 240 	 221 	 6414 	-7.1 
 4.24 	 .42 	 130.3 	 29.78 	 41 	 21.414 	 38.9 	 300 	 240 	 221 	 6413 	-7.3 
 4.44 	 .44 	 130.4 	 29.49 	 39 	 21.421 	 38.9 	 301 	 240 	 221 	 6412 	-7.6 
 4.65 	 .46 	 130.3 	 27.47 	 38 	 21.405 	 38.5 	 300 	 240 	 221 	 6411 	-7.1 
 4.85 	 .48 	 130.3 	 26.69 	 37 	 21.392 	 39.3 	 300 	 240 	 221 	 6413 	-7 
 5.05 	 .5 	 130.3 	 25.79 	 34 	 21.369 	 38.5 	 300 	 240 	 221 	 6412 	-7.1 
 5.25 	 .52 	 130.3 	 23.72 	 33 	 21.317 	 39.3 	 300 	 240 	 221 	 6413 	-7.4 
 5.45 	 .54 	 130.3 	 22.7 	 31 	 21.3 	 38.5 	 300 	 240 	 221 	 6412 	-7.1 
 5.66 	 .56 	 130.3 	 21.54 	 29 	 21.268 	 39.1 	 300 	 240 	 221 	 6412 	-7.1 
 5.86 	 .58 	 130.3 	 20.56 	 28 	 21.236 	 38.5 	 299 	 240 	 221 	 6413 	-7.3 
 6.06 	 .6 	 130.2 	 18.72 	 25 	 21.17 	 38.8 	 299 	 241 	 222 	 6412 	-7.1 
 6.26 	 .62 	 130.2 	 17.81 	 24 	 21.132 	 39.1 	 299 	 241 	 222 	 6414 	-7.3 
 6.46 	 .64 	 130.2 	 16.86 	 23 	 21.1 	 38.5 	 299 	 241 	 222 	 6412 	-7 
 6.67 	 .66 	 130.1 	 15.41 	 21 	 21.016 	 39.1 	 299 	 241 	 223 	 6414 	-7.6 
 6.87 	 .68 	 130.1 	 14.92 	 20 	 20.985 	 38.3 	 299 	 242 	 223 	 6413 	-7.1 
 7.07 	 .7 	 130.1 	 14.07 	 19 	 20.941 	 39.4 	 299 	 243 	 223 	 6412 	-7.6 
 7.27 	 .72 	 130.1 	 13.13 	 18 	 20.848 	 38 	 298 	 243 	 224 	 6412 	-7.5 
 7.47 	 .74 	 130 	 12.63 	 17 	 20.829 	 39.3 	 298 	 244 	 224 	 6412 	-7.6 
 7.68 	 .76 	 130 	 12.41 	 16 	 20.789 	 38.5 	 298 	 244 	 224 	 6412 	-7.5 
 7.88 	 .78 	 130 	 12.17 	 17 	 20.768 	 38.9 	 298 	 244 	 224 	 6413 	-7.3 
 8.08 	 .8 	 130 	 11.94 	 17 	 20.74 	 38.7 	 298 	 244 	 225 	 6411 	-7.3 
 8.28 	 .82 	 130 	 11.9 	 17 	 20.732 	 38.5 	 298 	 244 	 225 	 6411 	-7.5 
 8.48 	 .84 	 130 	 11.99 	 17 	 20.726 	 39.4 	 298 	 244 	 225 	 6412 	-7.6 
 8.69 	 .86 	 130 	 12.03 	 17 	 20.723 	 38.1 	 298 	 245 	 225 	 6414 	-7.3 
 8.89 	 .88 	 129.9 	 12.05 	 17 	 20.715 	 39.3 	 298 	 245 	 225 	 6412 	-7.6 
 9.09 	 .9 	 130 	 12.21 	 18 	 20.714 	 38.4 	 298 	 245 	 225 	 6412 	-7.4 
 9.29 	 .92 	 129.9 	 12.73 	 19 	 20.723 	 39 	 299 	 245 	 225 	 6414 	-7.3 
 9.49 	 .94 	 130 	 14.15 	 21 	 20.767 	 38.9 	 298 	 245 	 225 	 6413 	-7.3 
 9.7 	 .96 	 130 	 14.9 	 22 	 20.795 	 38.7 	 298 	 245 	 226 	 6412 	-7.3 
 9.9 	 .98 	 130 	 15.61 	 23 	 20.832 	 39.4 	 299 	 245 	 226 	 6412 	-7.3 
 10.1 	 1.01 	 130 	 17.73 	 27 	 20.929 	 38.3 	 299 	 245 	 225 	 6414 	-7.5 
 10.3 	 1.03 	 130.1 	 18.87 	 28 	 20.995 	 39.3 	 299 	 245 	 225 	 6412 	-7.4 
 10.5 	 1.05 	 130.1 	 19.97 	 31 	 21.056 	 38.3 	 299 	 244 	 225 	 6413 	-7.3 
 10.71 	 1.07 	 130.2 	 21.19 	 33 	 21.109 	 39.3 	 299 	 244 	 224 	 6412 	-7.1 
 10.91 	 1.09 	 130.2 	 23.44 	 35 	 21.212 	 39 	 300 	 243 	 224 	 6413 	-7.5 
 11.11 	 1.11 	 130.2 	 24.63 	 36 	 21.245 	 38.6 	 300 	 243 	 224 	 6412 	-7.4 
 11.31 	 1.13 	 130.2 	 25.58 	 38 	 21.296 	 39.4 	 300 	 242 	 223 	 6412 	-7.1 
 11.51 	 1.15 	 130.3 	 27.38 	 39 	 21.361 	 38.2 	 301 	 242 	 222 	 6411 	-6.9 
 11.72 	 1.17 	 130.3 	 28.19 	 41 	 21.391 	 39.5 	 301 	 242 	 223 	 6414 	-7.3 
 11.92 	 1.19 	 130.3 	 28.86 	 42 	 21.418 	 38.5 	 301 	 241 	 222 	 6413 	-7.3 
 12.12 	 1.21 	 130.4 	 29.83 	 43 	 21.481 	 39.3 	 301 	 241 	 222 	 6412 	-7.3 
 12.32 	 1.23 	 130.4 	 30.2 	 43 	 21.506 	 39 	 301 	 240 	 221 	 6413 	-7.3 
 12.52 	 1.25 	 130.4 	 30.54 	 43 	 21.52 	 38.5 	 301 	 240 	 221 	 6414 	-7.4 
 12.73 	 1.27 	 130.5 	 30.83 	 44 	 21.549 	 39.3 	 301 	 240 	 221 	 6412 	-7.8 
 12.93 	 1.29 	 130.5 	 30.97 	 44 	 21.585 	 38.5 	 301 	 239 	 220 	 6413 	-7.4 
 13.13 	 1.31 	 130.5 	 31 	 44 	 21.598 	 39.4 	 301 	 239 	 220 	 6412 	-7.1 
 13.33 	 1.33 	 130.5 	 30.88 	 44 	 21.608 	 38.2 	 300 	 239 	 220 	 6411 	-7.4 
 13.53 	 1.35 	 130.6 	 30.6 	 43 	 21.618 	 39.3 	 301 	 239 	 220 	 6412 	-7.5 
 13.74 	 1.37 	 130.6 	 30.46 	 43 	 21.627 	 38.5 	 301 	 238 	 220 	 6412 	-7.3 
 13.94 	 1.39 	 130.5 	 30.22 	 42 	 21.623 	 38.8 	 301 	 239 	 220 	 6412 	-7.4 
 14.14 	 1.41 	 130.5 	 30.02 	 42 	 21.637 	 38.6 	 300 	 239 	 220 	 6412 	-7.4 
 14.34 	 1.43 	 130.6 	 29.58 	 41 	 21.631 	 38.6 	 301 	 239 	 220 	 6413 	-7.1 
 14.54 	 1.45 	 130.6 	 28.62 	 39 	 21.623 	 39.2 	 300 	 238 	 220 	 6413 	-7.3 
 14.75 	 1.47 	 130.5 	 27.56 	 38 	 21.617 	 38.1 	 300 	 239 	 220 	 6415 	-7.1 
 14.95 	 1.49 	 130.5 	 25.83 	 36 	 21.582 	 39.1 	 300 	 239 	 220 	 6411 	-7.1 
 15.15 	 1.51 	 130.5 	 24.84 	 34 	 21.556 	 38.2 	 300 	 239 	 219 	 6411 	-7.1 
 15.35 	 1.53 	 130.6 	 23.89 	 32 	 21.536 	 39.3 	 299 	 239 	 219 	 6412 	-7.5 
 15.55 	 1.55 	 130.5 	 21.6 	 30 	 21.48 	 38.4 	 299 	 239 	 220 	 6411 	-7 
 15.76 	 1.57 	 130.4 	 20.63 	 28 	 21.441 	 38.9 	 299 	 240 	 220 	 6413 	-7.4 
 15.96 	 1.59 	 130.4 	 19.66 	 26 	 21.416 	 38.8 	 299 	 240 	 220 	 6412 	-7.4 
 16.16 	 1.61 	 130.4 	 18.78 	 25 	 21.379 	 38.4 	 299 	 240 	 221 	 6410 	-7.4 
 16.36 	 1.63 	 130.4 	 17.14 	 23 	 21.307 	 39.1 	 298 	 240 	 222 	 6413 	-7.3 
 16.56 	 1.65 	 130.3 	 16.38 	 22 	 21.252 	 38.2 	 299 	 241 	 221 	 6410 	-7.6 
 16.77 	 1.67 	 130.3 	 15.63 	 21 	 21.221 	 39.5 	 299 	 241 	 222 	 6413 	-7.5 
 16.97 	 1.69 	 130.3 	 14.31 	 20 	 21.145 	 38.2 	 299 	 242 	 223 	 6413 	-7.1 
 17.17 	 1.71 	 130.2 	 13.75 	 19 	 21.102 	 39.2 	 298 	 242 	 223 	 6413 	-7.5 
 17.37 	 1.73 	 130.3 	 13.26 	 18 	 21.05 	 38.5 	 298 	 243 	 224 	 6411 	-7.4 
 17.57 	 1.75 	 130.2 	 12.87 	 17 	 21.008 	 38.5 	 298 	 242 	 224 	 6412 	-7.1 
 17.78 	 1.77 	 130.1 	 12.26 	 17 	 20.959 	 39.2 	 297 	 244 	 224 	 6412 	-7 
 17.98 	 1.79 	 130.2 	 12.18 	 18 	 20.949 	 38.4 	 298 	 244 	 224 	 6412 	-7 
 18.18 	 1.81 	 130.1 	 12.05 	 17 	 20.926 	 39.2 	 298 	 244 	 224 	 6413 	-7 
 18.38 	 1.83 	 130.1 	 12.08 	 17 	 20.905 	 38.2 	 298 	 244 	 225 	 6411 	-7.1 
 18.58 	 1.85 	 130.1 	 12.09 	 17 	 20.91 	 39.4 	 298 	 244 	 225 	 6413 	-7.3 
 18.79 	 1.87 	 130.1 	 12.14 	 17 	 20.923 	 38.5 	 298 	 244 	 225 	 6412 	-7 
 18.99 	 1.89 	 130.2 	 12.17 	 18 	 20.911 	 39 	 298 	 245 	 225 	 6412 	-7.5 
 19.19 	 1.91 	 130.1 	 12.78 	 19 	 20.921 	 39 	 298 	 245 	 225 	 6412 	-7.4 
 19.39 	 1.93 	 130.1 	 13.62 	 20 	 20.936 	 38.3 	 299 	 245 	 225 	 6413 	-7.5 
 19.59 	 1.95 	 130.1 	 14.11 	 22 	 20.953 	 39.4 	 298 	 245 	 225 	 6413 	-7.5 
 19.8 	 1.97 	 130.2 	 15.75 	 23 	 21.033 	 38.4 	 299 	 245 	 225 	 6411 	-7.4 
 20 	 2 	 130.2 	 16.63 	 25 	 21.072 	 39.4 	 299 	 245 	 225 	 6414 	-7.4 
 20.2 	 2.02 	 130.2 	 17.59 	 27 	 21.14 	 38.3 	 299 	 244 	 225 	 6412 	-7.3 
 20.4 	 2.04 	 130.2 	 19.91 	 29 	 21.243 	 39 	 299 	 244 	 224 	 6411 	-7.5 
 20.6 	 2.06 	 130.3 	 21.15 	 31 	 21.311 	 38.9 	 300 	 243 	 224 	 6411 	-7.1 
 20.81 	 2.08 	 130.4 	 22.36 	 33 	 21.353 	 38.7 	 300 	 243 	 224 	 6413 	-7.1 
 21.01 	 2.1 	 130.4 	 23.4 	 35 	 21.411 	 39.1 	 300 	 243 	 223 	 6413 	-7.6 
 21.21 	 2.12 	 130.5 	 25.57 	 37 	 21.5 	 38.3 	 301 	 242 	 223 	 6413 	-7.4 
 21.41 	 2.14 	 130.5 	 26.59 	 39 	 21.531 	 39.4 	 301 	 242 	 223 	 6414 	-7.4 
 21.61 	 2.16 	 130.5 	 27.44 	 40 	 21.562 	 38.5 	 301 	 241 	 222 	 6414 	-7.3 
 21.82 	 2.18 	 130.6 	 28.81 	 41 	 21.626 	 39.2 	 301 	 241 	 222 	 6412 	-7.5 
 22.02 	 2.2 	 130.5 	 29.36 	 42 	 21.664 	 38.9 	 301 	 241 	 221 	 6413 	-7.8 
 22.22 	 2.22 	 130.7 	 29.82 	 43 	 21.689 	 38.8 	 301 	 240 	 220 	 6410 	-7.3 
 22.42 	 2.24 	 130.6 	 30.13 	 43 	 21.722 	 39.2 	 301 	 240 	 220 	 6411 	-7.5 
 22.62 	 2.26 	 130.7 	 30.85 	 44 	 21.766 	 38.6 	 301 	 239 	 220 	 6412 	-7.4 
 22.83 	 2.28 	 130.7 	 31.04 	 44 	 21.78 	 39.5 	 301 	 239 	 220 	 6412 	-7.3 
 23.03 	 2.3 	 130.7 	 30.99 	 44 	 21.805 	 38.2 	 301 	 239 	 220 	 6414 	-7.1 
 23.23 	 2.32 	 130.8 	 30.88 	 44 	 21.828 	 39.3 	 301 	 238 	 219 	 6412 	-7.1 
 23.43 	 2.34 	 130.7 	 30.93 	 43 	 21.832 	 38.3 	 301 	 238 	 220 	 6412 	-7.5 
 23.63 	 2.36 	 130.8 	 30.63 	 43 	 21.843 	 39 	 301 	 238 	 219 	 6411 	-7.5 
 23.84 	 2.38 	 130.7 	 30.27 	 43 	 21.854 	 38.7 	 301 	 238 	 219 	 6411 	-7 
 24.04 	 2.4 	 130.7 	 30.17 	 42 	 21.846 	 38.8 	 301 	 238 	 219 	 6411 	-7.4 
 24.24 	 2.42 	 130.7 	 29.98 	 42 	 21.845 	 39 	 301 	 238 	 219 	 6412 	-7.5 
 24.44 	 2.44 	 130.7 	 29.6 	 40 	 21.838 	 38.2 	 300 	 239 	 219 	 6412 	-7.3 
 24.64 	 2.46 	 130.7 	 27.68 	 39 	 21.835 	 39.1 	 300 	 238 	 219 	 6414 	-7.5 
 24.85 	 2.48 	 130.8 	 26.91 	 37 	 21.82 	 38.3 	 300 	 238 	 219 	 6412 	-7.5 
 25.05 	 2.5 	 130.7 	 25.94 	 35 	 21.79 	 39.2 	 300 	 238 	 219 	 6412 	-7.3 
 25.25 	 2.52 	 130.7 	 23.74 	 33 	 21.748 	 38.4 	 300 	 239 	 219 	 6413 	-7.4 
 25.45 	 2.54 	 130.7 	 22.67 	 31 	 21.717 	 38.9 	 300 	 238 	 220 	 6413 	-7.3 
 25.65 	 2.56 	 130.7 	 21.57 	 29 	 21.698 	 38.9 	 300 	 239 	 220 	 6414 	-7.5 
 25.86 	 2.58 	 130.7 	 20.72 	 27 	 21.659 	 38.3 	 299 	 239 	 220 	 6412 	-7.3 
 26.06 	 2.6 	 130.6 	 18.8 	 25 	 21.595 	 39 	 299 	 240 	 220 	 6413 	-7.4 
 26.26 	 2.62 	 130.6 	 17.91 	 24 	 21.548 	 38.4 	 299 	 240 	 221 	 6411 	-6.9 
 26.46 	 2.64 	 130.6 	 17.09 	 23 	 21.519 	 39.2 	 299 	 240 	 221 	 6414 	-7.5 
 26.66 	 2.66 	 130.6 	 15.62 	 22 	 21.444 	 38.1 	 298 	 241 	 221 	 6412 	-7.1 
 26.87 	 2.68 	 130.5 	 14.96 	 21 	 21.393 	 39.1 	 298 	 241 	 222 	 6412 	-7.3 
 27.07 	 2.7 	 130.4 	 14.45 	 19 	 21.351 	 38.5 	 298 	 242 	 222 	 6412 	-7 
 27.27 	 2.72 	 130.4 	 13.28 	 19 	 21.265 	 39.1 	 298 	 242 	 223 	 6411 	-7 
 27.47 	 2.74 	 130.4 	 12.98 	 18 	 21.226 	 38.9 	 298 	 243 	 223 	 6412 	-7.1 
 27.67 	 2.76 	 130.4 	 12.57 	 18 	 21.199 	 38.3 	 298 	 243 	 224 	 6413 	-7 
 27.88 	 2.78 	 130.3 	 12.36 	 17 	 21.175 	 39 	 297 	 243 	 224 	 6411 	-7.5 
 28.08 	 2.8 	 130.4 	 12.12 	 17 	 21.147 	 38.2 	 298 	 243 	 224 	 6412 	-7.1 
 28.28 	 2.82 	 130.3 	 12.05 	 17 	 21.139 	 39.3 	 298 	 244 	 224 	 6414 	-7.3 
 28.48 	 2.84 	 130.3 	 12.09 	 17 	 21.126 	 38.4 	 298 	 244 	 224 	 6415 	-7.6 
 28.68 	 2.86 	 130.3 	 12.17 	 17 	 21.119 	 39.1 	 298 	 244 	 225 	 6413 	-7.6 
 28.89 	 2.88 	 130.3 	 12.17 	 17 	 21.128 	 38.7 	 298 	 244 	 225 	 6413 	-7.1 
 29.09 	 2.9 	 130.3 	 12.31 	 18 	 21.134 	 38.7 	 298 	 244 	 225 	 6411 	-7.3 
 29.29 	 2.92 	 130.3 	 12.77 	 20 	 21.131 	 39.1 	 299 	 244 	 225 	 6412 	-7 
 29.49 	 2.94 	 130.4 	 14.31 	 21 	 21.17 	 38.4 	 299 	 244 	 225 	 6412 	-7.1 
 29.69 	 2.96 	 130.4 	 15.01 	 22 	 21.2 	 39.3 	 299 	 244 	 225 	 6412 	-7 
 29.9 	 2.98 	 130.4 	 15.72 	 24 	 21.237 	 38.1 	 299 	 244 	 225 	 6412 	-7 
 30.1 	 3.01 	 130.4 	 17.74 	 26 	 21.341 	 39.4 	 299 	 244 	 225 	 6412 	-7.1 
 30.3 	 3.03 	 130.4 	 18.78 	 28 	 21.397 	 38.6 	 299 	 244 	 225 	 6413 	-7 
 30.5 	 3.05 	 130.6 	 19.97 	 30 	 21.455 	 38.9 	 300 	 243 	 224 	 6412 	-7 
 30.7 	 3.07 	 130.6 	 22.32 	 32 	 21.571 	 39.1 	 300 	 243 	 224 	 6412 	-7.1 
 30.91 	 3.09 	 130.5 	 23.42 	 34 	 21.615 	 38.5 	 300 	 242 	 223 	 6413 	-7.1 
 31.11 	 3.11 	 130.6 	 24.62 	 36 	 21.663 	 39.5 	 300 	 242 	 223 	 6413 	-6.8 
 31.31 	 3.13 	 130.7 	 25.7 	 38 	 21.71 	 38.5 	 300 	 241 	 222 	 6412 	-7.1 
 31.51 	 3.15 	 130.7 	 27.37 	 40 	 21.788 	 39.5 	 301 	 241 	 222 	 6412 	-7.1 
 31.71 	 3.17 	 130.7 	 28.12 	 41 	 21.814 	 38.4 	 301 	 241 	 221 	 6411 	-7.1 
 31.92 	 3.19 	 130.8 	 28.98 	 41 	 21.841 	 39.6 	 301 	 240 	 222 	 6412 	-7 
 32.12 	 3.21 	 130.8 	 29.89 	 43 	 21.894 	 38.6 	 301 	 240 	 221 	 6413 	-7.4 
 32.32 	 3.23 	 130.8 	 30.32 	 43 	 21.929 	 38.7 	 301 	 239 	 221 	 6412 	-7.6 
 32.52 	 3.25 	 130.9 	 30.54 	 44 	 21.958 	 38.7 	 302 	 239 	 220 	 6413 	-7.3 
 32.72 	 3.27 	 130.9 	 30.82 	 44 	 21.983 	 38.4 	 301 	 238 	 220 	 6411 	-7.1 
 32.93 	 3.29 	 130.9 	 31.11 	 44 	 22.014 	 39.4 	 301 	 238 	 219 	 6412 	-7.4 
 33.13 	 3.31 	 131 	 31.07 	 44 	 22.026 	 38.2 	 301 	 238 	 220 	 6413 	-7.3 
 33.33 	 3.33 	 131 	 30.96 	 44 	 22.039 	 39.4 	 301 	 238 	 219 	 6413 	-7.4 
 33.53 	 3.35 	 131 	 30.73 	 43 	 22.048 	 38.1 	 301 	 238 	 219 	 6413 	-7.3 
 33.73 	 3.37 	 131 	 30.46 	 43 	 22.061 	 39.1 	 301 	 238 	 219 	 6413 	-7.3 
 33.94 	 3.39 	 131 	 30.3 	 43 	 22.049 	 38.7 	 301 	 238 	 219 	 6413 	-7 
 34.14 	 3.41 	 131 	 30.13 	 42 	 22.07 	 38.9 	 300 	 238 	 219 	 6412 	-7.4 
 34.34 	 3.43 	 130.9 	 29.65 	 41 	 22.069 	 39 	 300 	 238 	 219 	 6410 	-7.4 
 34.54 	 3.45 	 131 	 28.58 	 39 	 22.061 	 38.2 	 300 	 238 	 219 	 6412 	-7.3 
 34.74 	 3.47 	 131 	 27.73 	 38 	 22.042 	 39.2 	 300 	 238 	 219 	 6414 	-7.4 
 34.95 	 3.49 	 130.9 	 25.81 	 36 	 22.017 	 38.1 	 300 	 238 	 219 	 6413 	-7.3 
 35.15 	 3.51 	 130.9 	 24.93 	 34 	 21.993 	 39.3 	 300 	 238 	 219 	 6412 	-7.6 
 35.35 	 3.53 	 130.9 	 23.78 	 32 	 21.959 	 38.3 	 299 	 239 	 219 	 6411 	-7.1 
 35.55 	 3.55 	 130.8 	 21.83 	 30 	 21.904 	 38.8 	 300 	 238 	 220 	 6411 	-7.3 
 35.75 	 3.57 	 130.9 	 20.64 	 29 	 21.88 	 38.7 	 299 	 239 	 219 	 6412 	-7.5 
 35.96 	 3.59 	 130.8 	 19.59 	 26 	 21.842 	 38.7 	 299 	 239 	 220 	 6411 	-7.4 
 36.16 	 3.61 	 130.8 	 18.71 	 25 	 21.803 	 39.1 	 299 	 239 	 221 	 6414 	-7.3 
 36.36 	 3.63 	 130.8 	 17.1 	 23 	 21.732 	 38 	 298 	 240 	 221 	 6412 	-7.6 
 36.56 	 3.65 	 130.8 	 16.31 	 22 	 21.69 	 39.1 	 298 	 240 	 221 	 6412 	-7.4 
 36.76 	 3.67 	 130.7 	 15.58 	 21 	 21.66 	 38.1 	 298 	 241 	 221 	 6414 	-7.3 
 36.97 	 3.69 	 130.7 	 14.34 	 20 	 21.568 	 39.1 	 298 	 241 	 222 	 6412 	-7.3 
 37.17 	 3.71 	 130.7 	 13.87 	 19 	 21.515 	 38.2 	 298 	 242 	 223 	 6412 	-7.4 
 37.37 	 3.73 	 130.6 	 13.26 	 18 	 21.484 	 39.1 	 298 	 242 	 222 	 6412 	-7.3 
 37.57 	 3.75 	 130.6 	 12.99 	 17 	 21.437 	 38.7 	 298 	 243 	 223 	 6413 	-7.5 
 37.77 	 3.77 	 130.6 	 12.36 	 18 	 21.379 	 38.4 	 298 	 243 	 224 	 6411 	-7.5 
 37.98 	 3.79 	 130.6 	 12.22 	 17 	 21.369 	 39.2 	 298 	 243 	 224 	 6412 	-7.4 
 38.18 	 3.81 	 130.5 	 12.05 	 17 	 21.347 	 38.4 	 298 	 244 	 224 	 6412 	-7.3 
 38.38 	 3.83 	 130.6 	 12.15 	 17 	 21.339 	 39.5 	 298 	 244 	 224 	 6413 	-7.1 
 38.58 	 3.85 	 130.5 	 12.09 	 17 	 21.343 	 38.3 	 298 	 244 	 225 	 6414 	-7.5 
 38.78 	 3.87 	 130.6 	 12.22 	 17 	 21.332 	 39.3 	 298 	 244 	 224 	 6414 	-7.4 
 38.99 	 3.89 	 130.5 	 12.28 	 17 	 21.336 	 38.7 	 299 	 244 	 224 	 6414 	-7.5 
 39.19 	 3.91 	 130.6 	 12.82 	 19 	 21.346 	 38.8 	 299 	 244 	 224 	 6411 	-7 
 39.39 	 3.93 	 130.6 	 13.64 	 20 	 21.354 	 39.1 	 299 	 244 	 225 	 6412 	-7 
 39.59 	 3.95 	 130.6 	 14.21 	 22 	 21.375 	 38.4 	 298 	 244 	 225 	 6413 	-7.4 
 39.79 	 3.97 	 130.6 	 15.74 	 23 	 21.441 	 39.4 	 299 	 244 	 225 	 6413 	-7 
 40 	 4 	 130.6 	 16.62 	 25 	 21.504 	 38.2 	 299 	 244 	 225 	 6413 	-7.3 
 40.2 	 4.02 	 130.6 	 17.61 	 27 	 21.557 	 39.4 	 299 	 244 	 225 	 6413 	-7 
 40.4 	 4.04 	 130.7 	 19.88 	 29 	 21.673 	 38.8 	 299 	 243 	 224 	 6412 	-7.3 
 40.6 	 4.06 	 130.7 	 21.11 	 31 	 21.718 	 38.9 	 300 	 243 	 224 	 6412 	-7.1 
 40.8 	 4.08 	 130.8 	 22.26 	 33 	 21.784 	 38.9 	 300 	 243 	 223 	 6413 	-7.1 
 41.01 	 4.1 	 130.8 	 23.41 	 35 	 21.838 	 38.5 	 300 	 242 	 222 	 6412 	-7.1 
 41.21 	 4.12 	 130.9 	 25.49 	 37 	 21.926 	 39.3 	 301 	 241 	 222 	 6411 	-7.4 
 41.41 	 4.14 	 130.9 	 26.6 	 39 	 21.963 	 38.4 	 301 	 241 	 222 	 6413 	-7 
 41.61 	 4.16 	 130.9 	 27.57 	 40 	 21.996 	 39.2 	 301 	 241 	 221 	 6413 	-7 
 41.81 	 4.18 	 130.9 	 28.95 	 41 	 22.067 	 38.2 	 301 	 240 	 221 	 6413 	-7.3 
 42.02 	 4.2 	 131 	 29.44 	 42 	 22.095 	 39.4 	 302 	 239 	 221 	 6414 	-7.3 
 42.22 	 4.22 	 131 	 29.87 	 43 	 22.127 	 38.8 	 302 	 240 	 221 	 6413 	-7.3 
 42.42 	 4.24 	 131 	 30.41 	 43 	 22.144 	 38.8 	 301 	 239 	 221 	 6413 	-7.3 
 42.62 	 4.26 	 131.1 	 30.85 	 45 	 22.191 	 39.2 	 302 	 239 	 220 	 6412 	-7.3 
 42.82 	 4.28 	 131.1 	 30.95 	 44 	 22.215 	 38.3 	 301 	 238 	 219 	 6412 	-7.1 
 43.03 	 4.3 	 131.1 	 31.07 	 44 	 22.23 	 39.3 	 301 	 238 	 219 	 6412 	-7 
 43.23 	 4.32 	 131.1 	 31.04 	 44 	 22.271 	 38.2 	 300 	 238 	 219 	 6413 	-7.1 
 43.43 	 4.34 	 131.2 	 30.81 	 44 	 22.263 	 39.3 	 301 	 238 	 219 	 6412 	-7.1 
 43.63 	 4.36 	 131.1 	 30.58 	 43 	 22.271 	 38.2 	 301 	 238 	 219 	 6412 	-7.1 
 43.83 	 4.38 	 131.2 	 30.33 	 43 	 22.271 	 39 	 300 	 238 	 219 	 6412 	-7.1 
 44.04 	 4.4 	 131.1 	 30.09 	 43 	 22.285 	 38.4 	 301 	 238 	 219 	 6413 	-7.6 
 44.24 	 4.42 	 131.2 	 29.93 	 42 	 22.276 	 38.5 	 301 	 238 	 219 	 6412 	-7.5 
 44.44 	 4.44 	 131.1 	 29.49 	 40 	 22.279 	 38.8 	 300 	 238 	 219 	 6413 	-7.4 
 44.64 	 4.46 	 131.2 	 27.66 	 38 	 22.257 	 38.5 	 300 	 238 	 219 	 6414 	-7.8 
 44.84 	 4.48 	 131.2 	 26.96 	 37 	 22.245 	 39 	 300 	 238 	 219 	 6413 	-7.4 
 45.05 	 4.5 	 131.2 	 25.93 	 34 	 22.234 	 37.9 	 300 	 238 	 219 	 6412 	-7.4 
 45.25 	 4.52 	 131.1 	 23.75 	 33 	 22.177 	 39.1 	 300 	 238 	 219 	 6412 	-7.1 
 45.45 	 4.54 	 131.1 	 22.75 	 31 	 22.15 	 38.1 	 300 	 238 	 219 	 6413 	-7 
 45.65 	 4.56 	 131.1 	 21.59 	 29 	 22.13 	 39 	 300 	 239 	 219 	 6414 	-7.4 
 45.85 	 4.58 	 131 	 19.77 	 27 	 22.052 	 38.6 	 299 	 239 	 220 	 6413 	-7.3 
 46.06 	 4.6 	 131 	 18.88 	 25 	 22.012 	 38.6 	 299 	 239 	 220 	 6411 	-7.5 
 46.26 	 4.62 	 131 	 17.91 	 24 	 21.983 	 38.7 	 299 	 240 	 220 	 6411 	-7.5 
 46.46 	 4.64 	 131 	 16.99 	 23 	 21.948 	 38.2 	 299 	 240 	 220 	 6412 	-6.9 
 46.66 	 4.66 	 130.9 	 15.59 	 22 	 21.862 	 39.2 	 298 	 240 	 221 	 6412 	-7.3 
 46.86 	 4.68 	 130.9 	 14.93 	 20 	 21.824 	 37.8 	 298 	 241 	 221 	 6412 	-7.4 
 47.07 	 4.7 	 130.9 	 14.3 	 20 	 21.779 	 39.3 	 298 	 241 	 222 	 6414 	-7.3 
 47.27 	 4.72 	 130.8 	 13.24 	 19 	 21.697 	 38.2 	 298 	 241 	 223 	 6412 	-7.1 
 47.47 	 4.74 	 130.8 	 12.94 	 18 	 21.666 	 38.9 	 298 	 242 	 223 	 6411 	-6.9 
 47.67 	 4.76 	 130.8 	 12.66 	 18 	 21.618 	 38.5 	 298 	 243 	 223 	 6414 	-7.3 
 47.87 	 4.78 	 130.8 	 12.37 	 17 	 21.594 	 38.7 	 297 	 243 	 224 	 6413 	-7.5 
 48.08 	 4.8 	 130.7 	 12.05 	 17 	 21.567 	 38.8 	 298 	 243 	 224 	 6414 	-7.1 
 48.28 	 4.82 	 130.7 	 12.08 	 17 	 21.555 	 38.3 	 298 	 243 	 224 	 6413 	-7.4 
 48.48 	 4.84 	 130.8 	 12.02 	 17 	 21.551 	 39.2 	 298 	 244 	 224 	 6413 	-7.4 
 48.68 	 4.86 	 130.7 	 12.17 	 17 	 21.548 	 38.3 	 298 	 244 	 224 	 6413 	-7.1 
 48.88 	 4.88 	 130.7 	 12.14 	 17 	 21.543 	 39.4 	 298 	 243 	 225 	 6411 	-7.3 
 49.09 	 4.9 	 130.8 	 12.27 	 18 	 21.551 	 38.5 	 298 	 244 	 224 	 6412 	-7.5 
 49.29 	 4.92 	 130.7 	 12.82 	 20 	 21.552 	 39.1 	 298 	 244 	 225 	 6412 	-7.3 
 49.49 	 4.94 	 130.7 	 14.15 	 21 	 21.589 	 38.8 	 298 	 244 	 224 	 6410 	-7.3 
 49.69 	 4.96 	 130.7 	 14.84 	 22 	 21.618 	 38.5 	 299 	 244 	 225 	 6411 	-7.5 
 49.89 	 4.98 	 130.8 	 15.57 	 24 	 21.658 	 39.3 	 298 	 245 	 224 	 6413 	-7.3 
 50.1 	 5.01 	 130.8 	 17.68 	 26 	 21.76 	 38.3 	 299 	 244 	 224 	 6412 	-7.1 
 50.3 	 5.03 	 130.9 	 18.72 	 28 	 21.829 	 39.2 	 299 	 243 	 224 	 6412 	-7.3 
 50.5 	 5.05 	 131 	 19.87 	 31 	 21.879 	 38.3 	 299 	 244 	 224 	 6412 	-7.3 
 50.7 	 5.07 	 130.9 	 22.22 	 32 	 21.997 	 39.3 	 300 	 242 	 223 	 6412 	-7.6 
 50.9 	 5.09 	 131 	 23.36 	 34 	 22.051 	 38.6 	 300 	 242 	 223 	 6412 	-7.1 
 51.11 	 5.11 	 131 	 24.5 	 36 	 22.092 	 39 	 300 	 242 	 222 	 6413 	-7.3 
 51.31 	 5.13 	 131 	 25.63 	 38 	 22.132 	 38.8 	 301 	 241 	 222 	 6412 	-7.8 
 51.51 	 5.15 	 131.1 	 27.44 	 39 	 22.212 	 38.7 	 301 	 241 	 221 	 6411 	-7.1 
 51.71 	 5.17 	 131.1 	 28.17 	 41 	 22.243 	 39.1 	 301 	 240 	 221 	 6413 	-7.3 
 51.91 	 5.19 	 131.1 	 28.89 	 42 	 22.267 	 38.2 	 301 	 240 	 221 	 6410 	-7 
 52.12 	 5.21 	 131.2 	 29.98 	 43 	 22.326 	 39.6 	 301 	 239 	 221 	 6412 	-7.1 
 52.32 	 5.23 	 131.2 	 30.28 	 43 	 22.359 	 38.1 	 301 	 239 	 220 	 6412 	-7.4 
 52.52 	 5.25 	 131.2 	 30.66 	 43 	 22.378 	 39.2 	 301 	 240 	 220 	 6413 	-7.6 
 52.72 	 5.27 	 131.3 	 30.84 	 44 	 22.407 	 38.6 	 302 	 238 	 220 	 6414 	-7.3 
 52.92 	 5.29 	 131.3 	 31.1 	 44 	 22.44 	 38.9 	 301 	 238 	 219 	 6412 	-7.1 
 53.13 	 5.31 	 131.4 	 31.04 	 44 	 22.45 	 38.8 	 301 	 238 	 219 	 6412 	-7.3 
 53.33 	 5.33 	 131.4 	 31.03 	 44 	 22.473 	 38.6 	 301 	 238 	 219 	 6415 	-7.8 
 53.53 	 5.35 	 131.3 	 30.65 	 44 	 22.485 	 39.2 	 301 	 238 	 219 	 6412 	-7.4 
 53.73 	 5.37 	 131.3 	 30.55 	 43 	 22.481 	 38.1 	 300 	 238 	 219 	 6414 	-7.3 
 53.93 	 5.39 	 131.3 	 30.31 	 42 	 22.493 	 39.2 	 301 	 238 	 219 	 6413 	-7.5 
 54.14 	 5.41 	 131.4 	 30.2 	 43 	 22.491 	 38.1 	 301 	 238 	 218 	 6413 	-7.4 
 54.34 	 5.43 	 131.4 	 29.58 	 40 	 22.486 	 39.2 	 300 	 238 	 219 	 6414 	-7.5 
 54.54 	 5.45 	 131.3 	 28.52 	 39 	 22.483 	 38.2 	 300 	 238 	 219 	 6413 	-7 
 54.74 	 5.47 	 131.4 	 27.71 	 38 	 22.47 	 38.7 	 300 	 238 	 219 	 6412 	-7.5 
 54.94 	 5.49 	 131.4 	 25.8 	 36 	 22.431 	 38.6 	 300 	 237 	 219 	 6413 	-7.1 
 55.15 	 5.51 	 131.4 	 24.86 	 34 	 22.423 	 38.4 	 299 	 238 	 219 	 6414 	-7.4 
 55.35 	 5.53 	 131.3 	 23.77 	 32 	 22.39 	 39.1 	 300 	 238 	 219 	 6412 	-7.8 
 55.55 	 5.55 	 131.3 	 21.6 	 30 	 22.334 	 38.3 	 300 	 238 	 219 	 6414 	-7.1 
 55.75 	 5.57 	 131.2 	 20.56 	 28 	 22.292 	 39.3 	 299 	 238 	 219 	 6414 	-7.3 
 55.95 	 5.59 	 131.2 	 19.65 	 26 	 22.265 	 37.9 	 299 	 239 	 219 	 6413 	-7.4 
 56.16 	 5.61 	 131.2 	 18.68 	 25 	 22.237 	 39.3 	 299 	 239 	 220 	 6414 	-7.1 
 56.36 	 5.63 	 131.1 	 16.95 	 23 	 22.156 	 38.4 	 298 	 239 	 220 	 6413 	-7.4 
 56.56 	 5.65 	 131.1 	 16.36 	 22 	 22.112 	 39.1 	 298 	 240 	 221 	 6414 	-7.5 
 56.76 	 5.67 	 131.2 	 15.62 	 21 	 22.076 	 38.9 	 299 	 240 	 221 	 6414 	-7.5 
 56.96 	 5.69 	 131.1 	 14.38 	 20 	 21.98 	 38.4 	 298 	 241 	 222 	 6413 	-7.6 
 57.17 	 5.71 	 131 	 13.76 	 19 	 21.942 	 38.7 	 298 	 241 	 222 	 6413 	-7.4 
 57.37 	 5.73 	 131 	 13.23 	 18 	 21.909 	 38.4 	 298 	 242 	 222 	 6413 	-7.3 
 57.57 	 5.75 	 131 	 12.98 	 18 	 21.867 	 39.3 	 297 	 242 	 223 	 6412 	-7.4 
 57.77 	 5.77 	 130.9 	 12.31 	 17 	 21.806 	 38.1 	 297 	 243 	 224 	 6412 	-7.1 
 57.97 	 5.79 	 131 	 12.2 	 17 	 21.781 	 39.2 	 298 	 243 	 223 	 6413 	-7.5 
 58.18 	 5.81 	 130.9 	 12.06 	 17 	 21.774 	 38.3 	 298 	 243 	 224 	 6412 	-7.1 
 58.38 	 5.83 	 131 	 12.03 	 17 	 21.763 	 39.3 	 298 	 244 	 224 	 6413 	-7.3 
 58.58 	 5.85 	 130.9 	 12.07 	 17 	 21.759 	 38.6 	 298 	 244 	 224 	 6413 	-7.5 
 58.78 	 5.87 	 131 	 12.14 	 17 	 21.758 	 38.7 	 298 	 244 	 224 	 6412 	-7 
 58.98 	 5.89 	 131 	 12.35 	 18 	 21.747 	 39.1 	 299 	 244 	 225 	 6413 	-7.1 
 59.19 	 5.91 	 130.9 	 12.73 	 19 	 21.755 	 38.4 	 299 	 244 	 225 	 6413 	-7.1 
 59.39 	 5.93 	 131 	 13.66 	 20 	 21.777 	 39.4 	 299 	 244 	 225 	 6413 	-7.3 
 59.59 	 5.95 	 130.9 	 14.19 	 22 	 21.794 	 38.1 	 298 	 244 	 224 	 6413 	-7.6 
 59.79 	 5.97 	 131 	 15.73 	 23 	 21.863 	 39.4 	 299 	 244 	 225 	 6412 	-7.1 
 59.99 	 6 	 131 	 16.6 	 25 	 21.921 	 38.6 	 299 	 244 	 225 	 6412 	-7.3 
 60.2 	 6.02 	 131 	 17.63 	 26 	 21.977 	 39 	 299 	 244 	 224 	 6411 	-7 
 60.4 	 6.04 	 131.1 	 19.83 	 29 	 22.088 	 39.2 	 300 	 243 	 223 	 6414 	-7 
 60.6 	 6.06 	 131.1 	 21.08 	 31 	 22.142 	 38.5 	 300 	 243 	 224 	 6412 	-7.1 
 60.8 	 6.08 	 131.2 	 22.31 	 34 	 22.216 	 39.3 	 300 	 242 	 223 	 6412 	-7.5 
 61 	 6.1 	 131.2 	 23.42 	 35 	 22.254 	 38.2 	 300 	 242 	 223 	 6412 	-7.3 
 61.21 	 6.12 	 131.3 	 25.6 	 37 	 22.35 	 39.6 	 301 	 241 	 222 	 6412 	-7.4 
 61.41 	 6.14 	 131.3 	 26.61 	 39 	 22.385 	 38.2 	 301 	 241 	 222 	 6413 	-7.1 
 61.61 	 6.16 	 131.3 	 27.5 	 40 	 22.426 	 39.2 	 301 	 241 	 221 	 6412 	-7.1 
 61.81 	 6.18 	 131.4 	 28.81 	 41 	 22.494 	 38.5 	 302 	 239 	 221 	 6413 	-7.5 
 62.01 	 6.2 	 131.4 	 29.45 	 42 	 22.521 	 39.1 	 301 	 240 	 221 	 6412 	-7.3 
 62.22 	 6.22 	 131.4 	 29.95 	 43 	 22.544 	 38.8 	 301 	 239 	 220 	 6412 	-7.5 
 62.42 	 6.24 	 131.4 	 30.64 	 44 	 22.597 	 38.7 	 301 	 239 	 220 	 6412 	-7.5 
 62.62 	 6.26 	 131.5 	 30.86 	 44 	 22.618 	 39.1 	 301 	 239 	 219 	 6411 	-7.3 
 62.82 	 6.28 	 131.5 	 31.01 	 44 	 22.635 	 38.4 	 301 	 239 	 219 	 6415 	-7.3 
 63.02 	 6.3 	 131.4 	 31.01 	 44 	 22.65 	 39.3 	 301 	 238 	 219 	 6412 	-7.3 
 63.23 	 6.32 	 131.5 	 31.02 	 44 	 22.681 	 38.2 	 301 	 238 	 218 	 6411 	-7 
 63.43 	 6.34 	 131.5 	 30.9 	 44 	 22.7 	 39.3 	 301 	 238 	 219 	 6412 	-7.3 
 63.63 	 6.36 	 131.5 	 30.7 	 43 	 22.694 	 38.3 	 301 	 237 	 219 	 6412 	-7.3 
 63.83 	 6.38 	 131.5 	 30.34 	 43 	 22.698 	 39.1 	 301 	 238 	 218 	 6412 	-7.6 
 64.03 	 6.4 	 131.6 	 30.16 	 43 	 22.703 	 38.3 	 301 	 237 	 219 	 6412 	-7.1 
 64.24 	 6.42 	 131.6 	 29.93 	 42 	 22.706 	 38.4 	 300 	 238 	 218 	 6414 	-7.4 
 64.44 	 6.44 	 131.6 	 29.68 	 39 	 22.696 	 39 	 300 	 238 	 219 	 6414 	-7.5 
 64.64 	 6.46 	 131.6 	 27.69 	 39 	 22.683 	 38.3 	 300 	 237 	 218 	 6411 	-7.4 
 64.84 	 6.48 	 131.5 	 26.95 	 37 	 22.669 	 39.1 	 300 	 238 	 219 	 6412 	-7.4 
 65.04 	 6.5 	 131.5 	 25.89 	 34 	 22.653 	 37.9 	 300 	 238 	 219 	 6413 	-7.4 
 65.25 	 6.52 	 131.5 	 23.72 	 32 	 22.604 	 39.1 	 300 	 238 	 219 	 6410 	-7.1 
 65.45 	 6.54 	 131.5 	 22.77 	 31 	 22.569 	 38.1 	 300 	 238 	 219 	 6412 	-7.5 
 65.65 	 6.56 	 131.5 	 21.64 	 29 	 22.546 	 39.1 	 299 	 238 	 219 	 6413 	-7.3 
 65.85 	 6.58 	 131.5 	 20.64 	 27 	 22.507 	 38.7 	 299 	 238 	 219 	 6412 	-7.6 
 66.05 	 6.6 	 131.4 	 18.78 	 26 	 22.439 	 38.7 	 298 	 239 	 219 	 6413 	-7.1 
 66.26 	 6.62 	 131.4 	 17.9 	 24 	 22.394 	 38.8 	 299 	 240 	 220 	 6411 	-7.3 
 66.46 	 6.64 	 131.4 	 17.1 	 23 	 22.37 	 38.2 	 299 	 239 	 220 	 6413 	-7.8 
 66.66 	 6.66 	 131.3 	 15.62 	 22 	 22.285 	 39 	 298 	 240 	 221 	 6414 	-7.4 
 66.86 	 6.68 	 131.3 	 14.97 	 21 	 22.247 	 38.1 	 298 	 240 	 221 	 6413 	-7.3 
 67.06 	 6.7 	 131.3 	 14.4 	 19 	 22.196 	 39 	 298 	 241 	 222 	 6413 	-7.4 
 67.27 	 6.72 	 131.2 	 13.23 	 19 	 22.115 	 38 	 298 	 241 	 222 	 6413 	-7.8 
 67.47 	 6.74 	 131.2 	 12.97 	 18 	 22.077 	 39.1 	 298 	 242 	 222 	 6412 	-7.4 
 67.67 	 6.76 	 131.3 	 12.56 	 18 	 22.042 	 38.6 	 298 	 243 	 223 	 6412 	-7.4 
 67.87 	 6.78 	 131.2 	 12.32 	 17 	 22.023 	 39 	 297 	 243 	 223 	 6411 	-7.1 
 68.07 	 6.8 	 131.1 	 12.09 	 17 	 21.984 	 39 	 297 	 243 	 224 	 6412 	-7.3 
 68.28 	 6.82 	 131.1 	 12.07 	 17 	 21.981 	 38.4 	 298 	 243 	 224 	 6413 	-7.3 
 68.48 	 6.84 	 131.1 	 12.09 	 17 	 21.964 	 39.3 	 298 	 244 	 224 	 6411 	-7.4 
 68.68 	 6.86 	 131.2 	 12.1 	 18 	 21.964 	 38.2 	 298 	 243 	 224 	 6413 	-7.4 
 68.88 	 6.88 	 131.1 	 12.21 	 17 	 21.965 	 39.3 	 298 	 244 	 224 	 6413 	-7.4 
 69.08 	 6.9 	 131.1 	 12.27 	 18 	 21.961 	 38.2 	 299 	 244 	 224 	 6413 	-7.1 
 69.29 	 6.92 	 131.1 	 12.85 	 20 	 21.969 	 39.3 	 299 	 244 	 224 	 6412 	-7.3 
 69.49 	 6.94 	 131.2 	 14.23 	 21 	 22.004 	 38.5 	 298 	 244 	 224 	 6412 	-7 
 69.69 	 6.96 	 131.2 	 14.92 	 22 	 22.033 	 38.8 	 298 	 244 	 225 	 6412 	-7.1 
 69.89 	 6.99 	 131.2 	 15.69 	 24 	 22.085 	 39.1 	 299 	 244 	 225 	 6412 	-7 
 70.09 	 7.01 	 131.3 	 17.69 	 26 	 22.189 	 38.3 	 299 	 244 	 224 	 6412 	-7.4 
 70.3 	 7.03 	 131.3 	 18.71 	 28 	 22.241 	 39.5 	 299 	 243 	 224 	 6413 	-7.1 
 70.5 	 7.05 	 131.3 	 19.94 	 30 	 22.303 	 38.3 	 299 	 243 	 224 	 6414 	-7 
 70.7 	 7.07 	 131.4 	 22.21 	 32 	 22.415 	 39.4 	 300 	 243 	 223 	 6412 	-7 
 70.9 	 7.09 	 131.4 	 23.34 	 35 	 22.47 	 38.5 	 300 	 242 	 222 	 6411 	-7.6 
 71.1 	 7.11 	 131.4 	 24.52 	 37 	 22.511 	 38.8 	 300 	 241 	 222 	 6413 	-7.1 
 71.31 	 7.13 	 131.5 	 25.56 	 38 	 22.559 	 38.8 	 301 	 241 	 222 	 6412 	-7 
 71.51 	 7.15 	 131.5 	 27.38 	 40 	 22.63 	 38.9 	 301 	 240 	 221 	 6412 	-7 
 71.71 	 7.17 	 131.5 	 28.18 	 41 	 22.675 	 39.2 	 301 	 240 	 221 	 6411 	-7.5 
 71.91 	 7.19 	 131.6 	 28.9 	 42 	 22.703 	 38.1 	 301 	 240 	 221 	 6412 	-7.6 
 72.11 	 7.21 	 131.6 	 29.91 	 43 	 22.76 	 39.5 	 301 	 239 	 220 	 6413 	-7.5 
 72.32 	 7.23 	 131.6 	 30.3 	 43 	 22.785 	 38.2 	 301 	 239 	 220 	 6413 	-7.1 
 72.52 	 7.25 	 131.6 	 30.57 	 44 	 22.811 	 39.4 	 301 	 238 	 219 	 6412 	-7.5 
 72.72 	 7.27 	 131.7 	 30.71 	 44 	 22.828 	 38.2 	 301 	 239 	 219 	 6414 	-7 
 72.92 	 7.29 	 131.7 	 31.06 	 43 	 22.868 	 38.9 	 301 	 238 	 219 	 6412 	-7.5 
 73.12 	 7.31 	 131.7 	 30.95 	 44 	 22.883 	 38.9 	 301 	 238 	 219 	 6412 	-7.5 
 73.33 	 7.33 	 131.7 	 30.97 	 44 	 22.892 	 38.5 	 301 	 238 	 219 	 6411 	-7 
 73.53 	 7.35 	 131.7 	 30.75 	 43 	 22.897 	 39 	 301 	 238 	 219 	 6413 	-7.5 
 73.73 	 7.37 	 131.7 	 30.55 	 43 	 22.905 	 38.1 	 301 	 238 	 219 	 6412 	-7.1 
 73.93 	 7.39 	 131.7 	 30.37 	 43 	 22.907 	 39.4 	 301 	 237 	 218 	 6412 	-7.4 
 74.13 	 7.41 	 131.8 	 30.28 	 42 	 22.916 	 38 	 301 	 237 	 218 	 6411 	-7.3 
 74.34 	 7.43 	 131.8 	 29.59 	 40 	 22.904 	 39.2 	 301 	 237 	 218 	 6411 	-7.4 
 74.54 	 7.45 	 131.7 	 28.51 	 39 	 22.904 	 38.3 	 300 	 237 	 218 	 6413 	-7.1 
 74.74 	 7.47 	 131.7 	 27.62 	 37 	 22.888 	 39.1 	 300 	 238 	 219 	 6412 	-7.1 
 74.94 	 7.49 	 131.7 	 25.86 	 36 	 22.857 	 38.8 	 300 	 238 	 218 	 6414 	-7.4 
 75.14 	 7.51 	 131.7 	 24.8 	 34 	 22.83 	 38.5 	 300 	 237 	 219 	 6413 	-7.1 
 75.35 	 7.53 	 131.7 	 23.73 	 31 	 22.815 	 38.8 	 299 	 237 	 219 	 6411 	-7 
 75.55 	 7.55 	 131.7 	 21.7 	 30 	 22.748 	 38.3 	 299 	 239 	 219 	 6412 	-7.3 
 75.75 	 7.57 	 131.6 	 20.69 	 28 	 22.712 	 39.1 	 299 	 238 	 219 	 6413 	-7.4 
 75.95 	 7.59 	 131.6 	 19.64 	 26 	 22.685 	 38 	 299 	 239 	 219 	 6411 	-7.5 
 76.15 	 7.61 	 131.6 	 18.8 	 24 	 22.645 	 39.2 	 299 	 239 	 220 	 6411 	-7.1 
 76.36 	 7.63 	 131.6 	 17.06 	 23 	 22.573 	 38.2 	 298 	 240 	 220 	 6412 	-7.5 
 76.56 	 7.65 	 131.5 	 16.25 	 21 	 22.531 	 38.8 	 299 	 240 	 221 	 6413 	-7.6 
 76.76 	 7.67 	 131.5 	 15.64 	 21 	 22.487 	 38.5 	 298 	 240 	 221 	 6413 	-7.6 
 76.96 	 7.69 	 131.5 	 14.36 	 20 	 22.404 	 38.7 	 298 	 241 	 221 	 6411 	-7.1 
 77.16 	 7.71 	 131.4 	 13.88 	 19 	 22.359 	 38.8 	 297 	 241 	 222 	 6413 	-7.6 
 77.37 	 7.73 	 131.4 	 13.3 	 18 	 22.325 	 38.4 	 297 	 241 	 223 	 6412 	-7.1 
 77.57 	 7.75 	 131.4 	 12.62 	 18 	 22.246 	 39.2 	 298 	 243 	 223 	 6412 	-7.1 
 77.77 	 7.77 	 131.4 	 12.38 	 17 	 22.214 	 37.9 	 297 	 243 	 224 	 6413 	-7.4 
 77.97 	 7.79 	 131.3 	 12.13 	 17 	 22.2 	 39.3 	 298 	 243 	 223 	 6410 	-7.1 
 78.17 	 7.81 	 131.3 	 12.06 	 17 	 22.182 	 38.3 	 298 	 243 	 224 	 6413 	-7.6 
 78.38 	 7.83 	 131.3 	 12.09 	 17 	 22.183 	 39.1 	 298 	 244 	 224 	 6412 	-7.3 
 78.58 	 7.85 	 131.3 	 12.06 	 17 	 22.177 	 38.6 	 298 	 243 	 225 	 6412 	-7.3 
 78.78 	 7.87 	 131.3 	 12.13 	 17 	 22.18 	 38.9 	 298 	 243 	 224 	 6413 	-7.1 
 78.98 	 7.89 	 131.3 	 12.16 	 18 	 22.172 	 39 	 299 	 244 	 224 	 6413 	-7.3 
 79.18 	 7.91 	 131.3 	 12.81 	 19 	 22.178 	 38.3 	 299 	 244 	 224 	 6412 	-7.3 
 79.39 	 7.93 	 131.3 	 13.73 	 20 	 22.19 	 39.2 	 299 	 244 	 224 	 6413 	-7.6 
 79.59 	 7.95 	 131.3 	 14.18 	 21 	 22.21 	 38.3 	 298 	 244 	 224 	 6412 	-7.4 
 79.79 	 7.98 	 131.4 	 15.64 	 23 	 22.292 	 39.3 	 299 	 244 	 225 	 6410 	-7.4 
 79.99 	 8 	 131.4 	 16.65 	 25 	 22.328 	 38.2 	 299 	 244 	 224 	 6412 	-7 
 80.19 	 8.02 	 131.4 	 17.57 	 27 	 22.389 	 39.2 	 299 	 244 	 224 	 6412 	-7.1 
 80.4 	 8.04 	 131.4 	 19.91 	 29 	 22.501 	 38.7 	 299 	 243 	 224 	 6411 	-7.1 
 80.6 	 8.06 	 131.5 	 21.02 	 31 	 22.569 	 38.6 	 300 	 243 	 223 	 6414 	-7.5 
 80.8 	 8.08 	 131.6 	 22.21 	 33 	 22.616 	 39.1 	 300 	 242 	 223 	 6413 	-7.4 
 81 	 8.1 	 131.6 	 23.37 	 35 	 22.663 	 38.4 	 300 	 242 	 222 	 6412 	-7.6 
 81.2 	 8.12 	 131.6 	 25.55 	 37 	 22.761 	 39.6 	 300 	 241 	 222 	 6413 	-7.4 
 81.41 	 8.14 	 131.7 	 26.52 	 39 	 22.807 	 38.1 	 300 	 240 	 222 	 6413 	-7.1 
 81.61 	 8.16 	 131.7 	 27.47 	 40 	 22.836 	 39.5 	 301 	 241 	 221 	 6412 	-7.4 
 81.81 	 8.18 	 131.7 	 28.88 	 41 	 22.913 	 38.4 	 301 	 240 	 220 	 6412 	-7.4 
 82.01 	 8.2 	 131.8 	 29.45 	 42 	 22.939 	 38.8 	 301 	 240 	 220 	 6411 	-7.4 
 82.21 	 8.22 	 131.8 	 29.96 	 43 	 22.965 	 38.8 	 302 	 239 	 220 	 6413 	-7.4 
 82.42 	 8.24 	 131.8 	 30.59 	 44 	 23.008 	 38.8 	 301 	 238 	 219 	 6414 	-7.5 
 82.62 	 8.26 	 131.9 	 30.94 	 44 	 23.028 	 39.1 	 301 	 239 	 219 	 6412 	-7.5 
 82.82 	 8.28 	 131.9 	 31.02 	 44 	 23.054 	 38.7 	 302 	 238 	 219 	 6413 	-7 
 83.02 	 8.3 	 131.9 	 30.98 	 44 	 23.064 	 39.4 	 301 	 238 	 219 	 6414 	-7.3 
 83.22 	 8.32 	 131.9 	 30.99 	 43 	 23.089 	 38.1 	 301 	 238 	 219 	 6414 	-7.5 
 83.43 	 8.34 	 132 	 30.85 	 43 	 23.101 	 39.4 	 301 	 238 	 218 	 6413 	-7.1 
 83.63 	 8.36 	 131.9 	 30.74 	 43 	 23.105 	 38 	 301 	 237 	 219 	 6413 	-7.3 
 83.83 	 8.38 	 132 	 30.35 	 43 	 23.109 	 39.5 	 301 	 237 	 218 	 6412 	-7.6 
 84.03 	 8.4 	 132 	 30.16 	 43 	 23.11 	 38.4 	 300 	 238 	 219 	 6411 	-7.1 
 84.23 	 8.42 	 131.9 	 30.01 	 42 	 23.109 	 39.1 	 300 	 238 	 218 	 6413 	-7.1 
 84.44 	 8.44 	 131.9 	 29.55 	 40 	 23.109 	 38.7 	 300 	 238 	 218 	 6411 	-7.1 
 84.64 	 8.46 	 132 	 27.67 	 38 	 23.097 	 38.5 	 300 	 237 	 219 	 6412 	-7.4 
 84.84 	 8.48 	 131.9 	 26.91 	 37 	 23.078 	 39.2 	 300 	 237 	 218 	 6412 	-7.3 
 85.04 	 8.5 	 131.9 	 25.76 	 35 	 23.063 	 38.6 	 300 	 238 	 218 	 6412 	-7.3 
 85.24 	 8.52 	 131.9 	 23.7 	 33 	 23.012 	 39 	 300 	 238 	 219 	 6414 	-7.4 
 85.45 	 8.54 	 131.9 	 22.7 	 31 	 22.978 	 37.8 	 300 	 238 	 219 	 6413 	-7.4 
 85.65 	 8.56 	 131.9 	 21.59 	 29 	 22.947 	 39.3 	 299 	 238 	 219 	 6414 	-7.4 
 85.85 	 8.58 	 131.8 	 20.58 	 27 	 22.916 	 37.9 	 299 	 238 	 219 	 6412 	-7 
 86.05 	 8.6 	 131.8 	 18.77 	 25 	 22.85 	 39.1 	 299 	 239 	 220 	 6413 	-7.5 
 86.25 	 8.62 	 131.8 	 17.84 	 24 	 22.813 	 38.4 	 299 	 239 	 219 	 6412 	-7 
 86.46 	 8.64 	 131.7 	 17.11 	 23 	 22.771 	 38.7 	 299 	 240 	 220 	 6412 	-7.1 
 86.66 	 8.66 	 131.7 	 15.48 	 22 	 22.686 	 38.9 	 298 	 240 	 221 	 6413 	-7.3 
 86.86 	 8.68 	 131.7 	 14.94 	 20 	 22.646 	 38.4 	 298 	 240 	 221 	 6412 	-7.1 
 87.06 	 8.7 	 131.6 	 14.34 	 19 	 22.613 	 39.1 	 298 	 241 	 222 	 6413 	-7.6 
 87.26 	 8.72 	 131.6 	 13.29 	 19 	 22.514 	 38.1 	 297 	 242 	 223 	 6413 	-7.4 
 87.47 	 8.74 	 131.5 	 12.89 	 18 	 22.473 	 39.2 	 298 	 242 	 223 	 6413 	-7.4 
 87.67 	 8.76 	 131.5 	 12.54 	 18 	 22.453 	 38.2 	 298 	 242 	 223 	 6413 	-7.5 
 87.87 	 8.78 	 131.5 	 12.36 	 17 	 22.421 	 39.2 	 298 	 243 	 224 	 6415 	-7.1 
 88.07 	 8.8 	 131.5 	 12.13 	 17 	 22.389 	 38.3 	 298 	 243 	 224 	 6413 	-7.1 
 88.27 	 8.82 	 131.5 	 12.23 	 17 	 22.368 	 39.1 	 298 	 243 	 224 	 6413 	-7.4 
 88.48 	 8.84 	 131.5 	 12.12 	 17 	 22.374 	 38.8 	 299 	 243 	 224 	 6412 	-7.3 
 88.68 	 8.86 	 131.5 	 12.08 	 17 	 22.376 	 38.6 	 298 	 244 	 225 	 6412 	-7.1 
 88.88 	 8.88 	 131.5 	 12.24 	 17 	 22.37 	 39.4 	 298 	 244 	 225 	 6413 	-7.6 
 89.08 	 8.9 	 131.5 	 12.26 	 18 	 22.374 	 38.3 	 299 	 244 	 224 	 6411 	-7.4 
 89.28 	 8.92 	 131.5 	 12.9 	 20 	 22.37 	 39.3 	 299 	 244 	 224 	 6412 	-7.1 
 89.49 	 8.95 	 131.5 	 14.18 	 21 	 22.399 	 38.2 	 298 	 244 	 225 	 6412 	-7.3 
 89.69 	 8.97 	 131.5 	 14.87 	 22 	 22.436 	 39.3 	 299 	 244 	 225 	 6413 	-7.3 
 89.89 	 8.99 	 131.5 	 15.67 	 24 	 22.475 	 38.5 	 299 	 244 	 225 	 6411 	-7.4 
 90.09 	 9.01 	 131.6 	 17.65 	 26 	 22.583 	 39 	 299 	 244 	 223 	 6412 	-7.3 
 90.29 	 9.03 	 131.6 	 18.66 	 28 	 22.644 	 38.7 	 299 	 243 	 224 	 6412 	-7.3 
 90.5 	 9.05 	 131.7 	 19.94 	 30 	 22.71 	 38.9 	 299 	 243 	 224 	 6412 	-7.3 
 90.7 	 9.07 	 131.8 	 22.21 	 32 	 22.815 	 39.4 	 300 	 242 	 223 	 6411 	-6.9 
 90.9 	 9.09 	 131.8 	 23.32 	 34 	 22.875 	 38.6 	 300 	 242 	 222 	 6414 	-7 
 91.1 	 9.11 	 131.8 	 24.45 	 36 	 22.92 	 39.4 	 300 	 241 	 222 	 6412 	-7 
 91.3 	 9.13 	 131.8 	 25.62 	 38 	 22.954 	 38.2 	 300 	 241 	 222 	 6411 	-7 
 91.51 	 9.15 	 131.9 	 27.37 	 40 	 23.048 	 39.5 	 301 	 241 	 221 	 6413 	-7.3 
 91.71 	 9.17 	 131.9 	 28.25 	 41 	 23.067 	 38.3 	 301 	 240 	 221 	 6411 	-7.1 
 91.91 	 9.19 	 131.9 	 28.89 	 42 	 23.105 	 39 	 301 	 239 	 221 	 6412 	-7.3 
 92.11 	 9.21 	 132 	 30.03 	 42 	 23.158 	 38.7 	 301 	 239 	 220 	 6412 	-7.1 
 92.31 	 9.23 	 132.1 	 30.33 	 43 	 23.19 	 38.8 	 301 	 239 	 219 	 6410 	-7.1 
 92.52 	 9.25 	 132 	 30.65 	 44 	 23.208 	 39 	 301 	 239 	 220 	 6411 	-7 
 92.72 	 9.27 	 132.1 	 30.87 	 44 	 23.235 	 38.4 	 301 	 238 	 219 	 6411 	-7.3 
 92.92 	 9.29 	 132.1 	 30.99 	 44 	 23.268 	 39.4 	 301 	 238 	 219 	 6412 	-7.4 
 93.12 	 9.31 	 132.1 	 31.04 	 44 	 23.279 	 38.1 	 301 	 238 	 218 	 6413 	-7.4 
 93.32 	 9.33 	 132.1 	 31.04 	 43 	 23.292 	 39.2 	 301 	 238 	 219 	 6412 	-7.3 
 93.53 	 9.35 	 132.1 	 30.78 	 43 	 23.304 	 37.9 	 300 	 238 	 218 	 6412 	-7.3 
 93.73 	 9.37 	 132.2 	 30.56 	 43 	 23.303 	 39.3 	 301 	 238 	 218 	 6413 	-7.5 
 93.93 	 9.39 	 132.1 	 30.43 	 43 	 23.306 	 38.3 	 301 	 237 	 218 	 6412 	-7.1 
 94.13 	 9.41 	 132.1 	 30.04 	 42 	 23.303 	 38.9 	 300 	 238 	 219 	 6414 	-7.3 
 94.33 	 9.43 	 132.1 	 29.5 	 40 	 23.303 	 38.7 	 300 	 237 	 219 	 6412 	-7.1 
 94.54 	 9.45 	 132.1 	 28.52 	 39 	 23.292 	 38.8 	 300 	 237 	 218 	 6412 	-7.1 
 94.74 	 9.47 	 132.1 	 27.61 	 38 	 23.288 	 38.8 	 300 	 238 	 218 	 6413 	-7.3 
 94.94 	 9.49 	 132 	 25.93 	 36 	 23.25 	 38.4 	 300 	 238 	 218 	 6412 	-7.3 
 95.14 	 9.51 	 132.1 	 24.7 	 33 	 23.237 	 39 	 299 	 238 	 219 	 6413 	-7.1 
 95.34 	 9.53 	 132 	 23.73 	 32 	 23.203 	 38.1 	 299 	 238 	 219 	 6412 	-7.5 
 95.55 	 9.55 	 132 	 21.76 	 30 	 23.15 	 39.1 	 299 	 238 	 219 	 6413 	-7.5 
 95.75 	 9.57 	 132 	 20.55 	 28 	 23.106 	 38.2 	 299 	 238 	 219 	 6414 	-7.6 
 95.95 	 9.59 	 132 	 19.53 	 26 	 23.093 	 39.3 	 299 	 238 	 219 	 6412 	-7.1 
 96.15 	 9.61 	 131.9 	 18.78 	 25 	 23.05 	 38.5 	 299 	 239 	 220 	 6413 	-7 
 96.35 	 9.63 	 132 	 17.09 	 23 	 22.965 	 38.9 	 299 	 239 	 221 	 6414 	-7.5 
 96.56 	 9.65 	 131.9 	 16.28 	 22 	 22.929 	 38.6 	 298 	 240 	 220 	 6413 	-7.3 
 96.76 	 9.67 	 131.9 	 15.7 	 21 	 22.892 	 38.5 	 298 	 240 	 221 	 6413 	-7.6 
 96.96 	 9.69 	 131.8 	 14.39 	 20 	 22.801 	 38.7 	 298 	 241 	 222 	 6415 	-7.1 
 97.16 	 9.71 	 131.8 	 13.68 	 18 	 22.76 	 38 	 298 	 241 	 222 	 6413 	-7.1 
 97.36 	 9.73 	 131.8 	 13.3 	 18 	 22.721 	 39 	 298 	 242 	 222 	 6411 	-7 
 97.57 	 9.75 	 131.8 	 12.93 	 18 	 22.678 	 37.9 	 298 	 242 	 223 	 6413 	-7.3 
 97.77 	 9.77 	 131.7 	 12.36 	 17 	 22.617 	 39.4 	 297 	 243 	 223 	 6412 	-7.4 
 97.97 	 9.79 	 131.7 	 12.2 	 17 	 22.593 	 38.2 	 298 	 243 	 224 	 6413 	-7.1 
 98.17 	 9.81 	 131.7 	 12.19 	 18 	 22.583 	 39.4 	 298 	 243 	 224 	 6412 	-7.4 
 98.37 	 9.83 	 131.7 	 12.1 	 17 	 22.571 	 38.6 	 298 	 244 	 224 	 6413 	-7.3 
 98.58 	 9.85 	 131.7 	 12.12 	 17 	 22.561 	 38.8 	 299 	 243 	 224 	 6411 	-7.5 
 98.78 	 9.87 	 131.7 	 12.08 	 17 	 22.565 	 38.8 	 298 	 243 	 224 	 6412 	-7.1 
 98.98 	 9.89 	 131.7 	 12.27 	 18 	 22.562 	 38.7 	 298 	 244 	 224 	 6410 	-7.5 
 99.18 	 9.91 	 131.7 	 12.69 	 20 	 22.571 	 39.4 	 299 	 244 	 224 	 6413 	-7.3 
 99.38 	 9.93 	 131.7 	 13.74 	 20 	 22.588 	 38.2 	 299 	 244 	 225 	 6412 	-7.5 
 99.59 	 9.96 	 131.7 	 14.24 	 21 	 22.604 	 39.3 	 299 	 244 	 225 	 6412 	-7.3 
 99.79 	 9.98 	 131.7 	 15.6 	 23 	 22.672 	 38.3 	 299 	 244 	 225 	 6411 	-7.1 
 99.99 	 10 	 131.7 	 16.61 	 25 	 22.721 	 39.3 	 299 	 244 	 224 	 6413 	-7.5 
 100.19 	 10.02 	 131.8 	 17.67 	 27 	 22.794 	 38.2 	 299 	 244 	 224 	 6411 	-7.4 
 100.39 	 10.04 	 131.9 	 19.86 	 29 	 22.903 	 39 	 299 	 243 	 224 	 6412 	-7.3 
 100.6 	 10.06 	 131.8 	 21.03 	 31 	 22.964 	 38.8 	 300 	 243 	 223 	 6414 	-7.8 
 100.8 	 10.08 	 132 	 22.19 	 33 	 23.018 	 38.6 	 300 	 242 	 223 	 6411 	-7 
 101 	 10.1 	 132 	 23.43 	 35 	 23.067 	 39.4 	 300 	 242 	 223 	 6413 	-7.3 
 101.2 	 10.12 	 132.1 	 25.57 	 37 	 23.16 	 38.3 	 301 	 241 	 221 	 6413 	-7 
 101.4 	 10.14 	 132.1 	 26.47 	 39 	 23.201 	 39.3 	 301 	 240 	 222 	 6414 	-7.3 
 101.61 	 10.16 	 132.1 	 27.37 	 40 	 23.243 	 38.4 	 300 	 240 	 221 	 6413 	-7.1 
 101.81 	 10.18 	 132.1 	 28.77 	 41 	 23.305 	 39.2 	 301 	 240 	 221 	 6411 	-7.5 
 102.01 	 10.2 	 132.2 	 29.52 	 42 	 23.325 	 38.3 	 302 	 239 	 220 	 6413 	-7.4 
 102.21 	 10.22 	 132.2 	 29.92 	 43 	 23.358 	 39 	 302 	 239 	 220 	 6413 	-7.4 
 102.41 	 10.24 	 132.2 	 30.69 	 44 	 23.407 	 38.6 	 301 	 239 	 219 	 6412 	-7.3 
 102.62 	 10.26 	 132.2 	 30.8 	 44 	 23.425 	 38.8 	 301 	 238 	 219 	 6413 	-7.4 
 102.82 	 10.28 	 132.3 	 30.95 	 44 	 23.458 	 39 	 301 	 238 	 219 	 6412 	-7.1 
 103.02 	 10.3 	 132.3 	 31.06 	 44 	 23.467 	 38.5 	 301 	 238 	 219 	 6411 	-7 
 103.22 	 10.32 	 132.3 	 30.96 	 43 	 23.487 	 39.2 	 301 	 238 	 218 	 6411 	-7 
 103.42 	 10.34 	 132.3 	 30.91 	 44 	 23.496 	 38.2 	 301 	 238 	 218 	 6412 	-7.4 
 103.63 	 10.36 	 132.3 	 30.77 	 43 	 23.499 	 39.2 	 301 	 238 	 218 	 6412 	-7.1 
 103.83 	 10.38 	 132.3 	 30.33 	 43 	 23.503 	 38.3 	 301 	 238 	 218 	 6412 	-7.3 
 104.03 	 10.4 	 132.3 	 30.14 	 43 	 23.507 	 39.2 	 300 	 238 	 218 	 6413 	-7.3 
 104.23 	 10.42 	 132.3 	 29.95 	 42 	 23.501 	 38.1 	 300 	 237 	 219 	 6412 	-7.6 
 104.43 	 10.44 	 132.3 	 29.46 	 39 	 23.513 	 38.9 	 300 	 237 	 218 	 6412 	-7.3 
 104.64 	 10.46 	 132.3 	 27.74 	 38 	 23.488 	 38.5 	 300 	 237 	 219 	 6411 	-7 
 104.84 	 10.48 	 132.3 	 26.91 	 37 	 23.472 	 38.8 	 300 	 237 	 219 	 6413 	-7.4 
 105.04 	 10.5 	 132.3 	 25.86 	 35 	 23.451 	 38.7 	 300 	 237 	 218 	 6413 	-7.4 
 105.24 	 10.52 	 132.3 	 23.77 	 33 	 23.396 	 38.6 	 300 	 238 	 218 	 6412 	-7.1 
 105.44 	 10.54 	 132.3 	 22.71 	 31 	 23.369 	 39.1 	 299 	 238 	 219 	 6411 	-7.6 
 105.65 	 10.56 	 132.3 	 21.66 	 29 	 23.354 	 38.2 	 299 	 238 	 219 	 6412 	-7 
 105.85 	 10.58 	 132.2 	 20.59 	 27 	 23.31 	 39.4 	 299 	 238 	 219 	 6413 	-7.4 
 106.05 	 10.6 	 132.1 	 18.66 	 26 	 23.243 	 38.2 	 299 	 239 	 220 	 6413 	-6.9 
 106.25 	 10.62 	 132.2 	 17.9 	 24 	 23.206 	 39.1 	 299 	 239 	 220 	 6411 	-7.1 
 106.45 	 10.64 	 132.1 	 17.07 	 23 	 23.169 	 38.1 	 298 	 239 	 220 	 6412 	-7.6 
 106.66 	 10.66 	 132.1 	 15.62 	 22 	 23.088 	 39.1 	 298 	 240 	 221 	 6411 	-7.6 
 106.86 	 10.68 	 132.1 	 15.01 	 21 	 23.042 	 38.1 	 298 	 240 	 221 	 6411 	-7.1 
 107.06 	 10.7 	 132 	 14.47 	 19 	 23.001 	 38.7 	 298 	 241 	 221 	 6411 	-7.4 
 107.26 	 10.72 	 132 	 13.36 	 19 	 22.906 	 38.5 	 298 	 242 	 222 	 6413 	-7.4 
 107.46 	 10.74 	 131.9 	 12.81 	 18 	 22.869 	 38.6 	 297 	 242 	 223 	 6412 	-7.1 
 107.67 	 10.76 	 132 	 12.57 	 17 	 22.838 	 39.1 	 298 	 243 	 223 	 6412 	-7.1 
 107.87 	 10.78 	 131.9 	 12.41 	 17 	 22.818 	 38.3 	 297 	 243 	 223 	 6413 	-7.3 
 108.07 	 10.8 	 131.8 	 12.07 	 17 	 22.782 	 39.4 	 298 	 243 	 224 	 6412 	-6.9 
 108.27 	 10.82 	 131.9 	 12.07 	 17 	 22.768 	 38.5 	 298 	 244 	 224 	 6413 	-7.3 
 108.47 	 10.84 	 131.9 	 12.23 	 17 	 22.769 	 39.2 	 298 	 244 	 224 	 6412 	-7.4 
 108.68 	 10.86 	 131.8 	 12.18 	 17 	 22.762 	 38.5 	 298 	 244 	 224 	 6412 	-7.1 
 108.88 	 10.88 	 131.9 	 12.26 	 17 	 22.758 	 39.2 	 298 	 243 	 224 	 6410 	-7.1 
 109.08 	 10.9 	 131.8 	 12.31 	 19 	 22.762 	 38.3 	 299 	 244 	 224 	 6413 	-7.4 
 109.28 	 10.92 	 131.9 	 12.85 	 19 	 22.763 	 38.8 	 299 	 244 	 225 	 6412 	-7.4 
 109.48 	 10.95 	 131.9 	 14.22 	 21 	 22.799 	 39.1 	 299 	 244 	 224 	 6412 	-7.1 
 109.69 	 10.97 	 131.9 	 14.83 	 22 	 22.826 	 38.3 	 299 	 244 	 225 	 6412 	-7.1 
 109.89 	 10.99 	 131.9 	 15.67 	 24 	 22.869 	 39.3 	 299 	 244 	 225 	 6414 	-7.9 
 110.09 	 11.01 	 131.9 	 17.59 	 26 	 22.978 	 38.3 	 299 	 244 	 224 	 6413 	-7.1 
 110.29 	 11.03 	 132.1 	 18.69 	 28 	 23.04 	 39.3 	 299 	 243 	 224 	 6412 	-7.5 
 110.49 	 11.05 	 132.1 	 19.94 	 30 	 23.099 	 38.4 	 300 	 243 	 224 	 6410 	-7.1 
 110.7 	 11.07 	 132.1 	 22.12 	 33 	 23.205 	 39.4 	 300 	 242 	 223 	 6414 	-7.3 
 110.9 	 11.09 	 132.1 	 23.33 	 34 	 23.265 	 38.5 	 300 	 241 	 222 	 6413 	-7.1 
 111.1 	 11.11 	 132.1 	 24.55 	 37 	 23.318 	 39.3 	 300 	 241 	 222 	 6411 	-7.3 
 111.3 	 11.13 	 132.2 	 25.48 	 38 	 23.361 	 39 	 301 	 241 	 221 	 6413 	-7.1 
 111.5 	 11.15 	 132.3 	 27.44 	 39 	 23.431 	 38.9 	 301 	 240 	 221 	 6412 	-7.3 
 111.71 	 11.17 	 132.3 	 28.28 	 41 	 23.464 	 39.1 	 301 	 240 	 221 	 6412 	-7.1 
 111.91 	 11.19 	 132.3 	 28.92 	 42 	 23.504 	 38.8 	 301 	 240 	 221 	 6411 	-7.3 
 112.11 	 11.21 	 132.3 	 29.96 	 43 	 23.556 	 39.4 	 301 	 239 	 220 	 6412 	-7.4 
 112.31 	 11.23 	 132.4 	 30.35 	 43 	 23.581 	 38.4 	 301 	 239 	 220 	 6413 	-7.3 
 112.51 	 11.25 	 132.4 	 30.64 	 43 	 23.601 	 39.5 	 301 	 239 	 219 	 6414 	-7.3 
 112.72 	 11.27 	 132.4 	 30.9 	 44 	 23.619 	 38.4 	 301 	 238 	 220 	 6413 	-7 
 112.92 	 11.29 	 132.5 	 31.09 	 44 	 23.656 	 39.4 	 301 	 238 	 219 	 6412 	-7 
 113.12 	 11.31 	 132.5 	 31.12 	 44 	 23.673 	 38.3 	 301 	 238 	 218 	 6413 	-7.4 
 113.32 	 11.33 	 132.5 	 31 	 43 	 23.687 	 39.2 	 301 	 238 	 219 	 6413 	-7 
 113.52 	 11.35 	 132.5 	 30.75 	 44 	 23.699 	 38.3 	 301 	 238 	 218 	 6412 	-7.1 
 113.73 	 11.37 	 132.5 	 30.6 	 43 	 23.702 	 38.9 	 301 	 238 	 218 	 6414 	-7.4 
 113.93 	 11.39 	 132.4 	 30.28 	 43 	 23.709 	 38.9 	 301 	 238 	 218 	 6413 	-7.4 
 114.13 	 11.41 	 132.5 	 30.12 	 42 	 23.697 	 38.5 	 300 	 238 	 218 	 6412 	-7.5 
 114.33 	 11.43 	 132.5 	 29.53 	 41 	 23.692 	 38.9 	 301 	 238 	 218 	 6412 	-7.1 
 114.53 	 11.45 	 132.5 	 28.48 	 39 	 23.69 	 38.2 	 300 	 238 	 218 	 6413 	-7.3 
 114.74 	 11.47 	 132.5 	 27.75 	 37 	 23.679 	 39.1 	 300 	 237 	 219 	 6412 	-7.1 
 114.94 	 11.49 	 132.5 	 25.81 	 35 	 23.634 	 38.1 	 300 	 238 	 218 	 6414 	-7.6 
 115.14 	 11.51 	 132.5 	 24.77 	 34 	 23.625 	 39.1 	 299 	 237 	 219 	 6412 	-7.4 
 115.34 	 11.53 	 132.4 	 23.66 	 32 	 23.594 	 38.3 	 300 	 237 	 219 	 6414 	-7.1 
 115.54 	 11.55 	 132.4 	 21.68 	 30 	 23.537 	 39.2 	 300 	 238 	 219 	 6414 	-7.8 
 115.75 	 11.57 	 132.4 	 20.58 	 28 	 23.508 	 38 	 299 	 238 	 219 	 6412 	-7.4 
 115.95 	 11.59 	 132.3 	 19.6 	 26 	 23.471 	 39.1 	 299 	 239 	 219 	 6412 	-7.1 
 116.15 	 11.61 	 132.3 	 18.74 	 24 	 23.433 	 38.3 	 299 	 239 	 219 	 6414 	-7.3 
 116.35 	 11.63 	 132.4 	 17.13 	 23 	 23.356 	 39.1 	 298 	 239 	 220 	 6413 	-7.5 
 116.55 	 11.65 	 132.3 	 16.22 	 22 	 23.322 	 38.9 	 298 	 240 	 220 	 6412 	-7.3 
 116.76 	 11.67 	 132.3 	 15.57 	 21 	 23.269 	 38.6 	 299 	 240 	 221 	 6413 	-7.3 
 116.96 	 11.69 	 132.2 	 14.35 	 20 	 23.194 	 38.9 	 298 	 241 	 222 	 6412 	-7.3 
 117.16 	 11.71 	 132.2 	 13.78 	 19 	 23.139 	 38.3 	 298 	 241 	 222 	 6413 	-7.1 
 117.36 	 11.73 	 132.2 	 13.21 	 18 	 23.097 	 39.2 	 297 	 242 	 222 	 6413 	-7.1 
 117.56 	 11.75 	 132.1 	 12.49 	 17 	 23.031 	 38.2 	 298 	 242 	 223 	 6412 	-7.1 
 117.77 	 11.77 	 132.1 	 12.35 	 17 	 23.005 	 39.2 	 298 	 243 	 224 	 6414 	-7.1 
 117.97 	 11.79 	 132 	 12.11 	 17 	 22.985 	 38.3 	 298 	 243 	 223 	 6412 	-7.8 
 118.17 	 11.81 	 132.1 	 12.16 	 17 	 22.969 	 39.3 	 298 	 243 	 224 	 6413 	-7.3 
 118.37 	 11.83 	 132.1 	 12.13 	 17 	 22.961 	 38.3 	 298 	 243 	 224 	 6412 	-7.3 
 118.57 	 11.85 	 132 	 12.11 	 17 	 22.958 	 39.1 	 298 	 244 	 224 	 6412 	-7.3 
 118.78 	 11.87 	 132 	 12.14 	 17 	 22.961 	 38.7 	 299 	 244 	 224 	 6413 	-8 
 118.98 	 11.89 	 132 	 12.22 	 17 	 22.956 	 39 	 298 	 244 	 224 	 6414 	-7.6 
 119.18 	 11.91 	 132 	 12.9 	 19 	 22.96 	 39.4 	 299 	 244 	 224 	 6412 	-7.1 
 119.38 	 11.94 	 132 	 13.62 	 20 	 22.979 	 38.3 	 299 	 244 	 224 	 6413 	-7.5 
 119.58 	 11.96 	 132.1 	 14.22 	 21 	 22.998 	 39.2 	 299 	 244 	 224 	 6412 	-7 
 119.79 	 11.98 	 132.1 	 15.68 	 23 	 23.071 	 38.4 	 299 	 244 	 225 	 6412 	-7.3 
 119.99 	 12 	 132.1 	 16.57 	 24 	 23.111 	 39.4 	 299 	 244 	 224 	 6413 	-7.5 
 120.19 	 12.02 	 132.2 	 17.63 	 27 	 23.176 	 38.3 	 299 	 243 	 224 	 6414 	-7.4 
 120.39 	 12.04 	 132.2 	 19.9 	 29 	 23.29 	 39.3 	 299 	 243 	 224 	 6412 	-7.1 
 120.59 	 12.06 	 132.3 	 21.07 	 31 	 23.337 	 38.5 	 300 	 243 	 223 	 6413 	-7.1 
 120.8 	 12.08 	 132.3 	 22.14 	 33 	 23.415 	 39 	 300 	 242 	 223 	 6411 	-7.5 
 121 	 12.1 	 132.3 	 23.46 	 35 	 23.448 	 39 	 300 	 242 	 223 	 6412 	-7.3 
 121.2 	 12.12 	 132.4 	 25.55 	 37 	 23.547 	 38.6 	 301 	 241 	 222 	 6413 	-7.4 
 121.4 	 12.14 	 132.4 	 26.56 	 39 	 23.585 	 39.1 	 301 	 241 	 222 	 6414 	-7.4 
 121.6 	 12.16 	 132.4 	 27.45 	 40 	 23.629 	 38.2 	 301 	 240 	 221 	 6412 	-7.5 
 121.81 	 12.18 	 132.5 	 28.87 	 41 	 23.693 	 39.2 	 301 	 240 	 221 	 6412 	-7.3 
 122.01 	 12.2 	 132.5 	 29.42 	 42 	 23.724 	 38.4 	 301 	 239 	 220 	 6411 	-7 
 122.21 	 12.22 	 132.6 	 29.94 	 43 	 23.747 	 39.4 	 301 	 239 	 220 	 6414 	-7.6 
 122.41 	 12.24 	 132.6 	 30.66 	 44 	 23.8 	 38.3 	 301 	 239 	 219 	 6413 	-7.4 
 122.61 	 12.26 	 132.6 	 30.89 	 44 	 23.816 	 39.3 	 301 	 239 	 219 	 6414 	-7.1 
 122.82 	 12.28 	 132.6 	 30.96 	 44 	 23.838 	 38.8 	 301 	 239 	 219 	 6413 	-7.1 
 123.02 	 12.3 	 132.6 	 31.08 	 44 	 23.85 	 39.1 	 301 	 238 	 219 	 6414 	-7.6 
 123.22 	 12.32 	 132.6 	 31.04 	 44 	 23.872 	 39 	 301 	 238 	 219 	 6411 	-7.4 
 123.42 	 12.34 	 132.6 	 30.86 	 44 	 23.881 	 38.7 	 301 	 238 	 218 	 6410 	-7 
 123.62 	 12.36 	 132.7 	 30.75 	 43 	 23.881 	 39 	 301 	 237 	 219 	 6412 	-7.3 
 123.83 	 12.38 	 132.7 	 30.44 	 43 	 23.889 	 38.5 	 301 	 238 	 219 	 6412 	-7.3 
 124.03 	 12.4 	 132.7 	 30.26 	 43 	 23.882 	 39.3 	 301 	 238 	 218 	 6411 	-7.4 
 124.23 	 12.42 	 132.7 	 30.14 	 42 	 23.894 	 38.2 	 300 	 238 	 218 	 6413 	-7.1 
 124.43 	 12.44 	 132.7 	 29.52 	 40 	 23.884 	 39.1 	 300 	 238 	 218 	 6413 	-7.3 
 124.63 	 12.46 	 132.7 	 27.7 	 39 	 23.865 	 38 	 300 	 238 	 218 	 6412 	-7 
 124.84 	 12.48 	 132.7 	 26.91 	 36 	 23.848 	 39.4 	 300 	 238 	 219 	 6413 	-7.4 
 125.04 	 12.5 	 132.7 	 25.87 	 35 	 23.833 	 38.2 	 300 	 237 	 218 	 6411 	-7.3 
 125.24 	 12.52 	 132.7 	 23.77 	 33 	 23.788 	 39.2 	 300 	 237 	 218 	 6411 	-7.6 
 125.44 	 12.54 	 132.6 	 22.72 	 31 	 23.753 	 38 	 300 	 238 	 219 	 6412 	-7.4 
 125.64 	 12.56 	 132.6 	 21.47 	 29 	 23.729 	 39.3 	 299 	 238 	 218 	 6414 	-7.1 
 125.85 	 12.58 	 132.5 	 19.63 	 27 	 23.667 	 38.6 	 299 	 239 	 219 	 6414 	-7.6 
 126.05 	 12.6 	 132.5 	 18.78 	 25 	 23.624 	 38.7 	 299 	 239 	 220 	 6412 	-7.1 
 126.25 	 12.62 	 132.5 	 17.8 	 24 	 23.596 	 38.7 	 299 	 239 	 220 	 6414 	-7.1 
 126.45 	 12.64 	 132.5 	 17.02 	 22 	 23.552 	 38.4 	 299 	 239 	 220 	 6412 	-7.3 
 126.65 	 12.66 	 132.5 	 15.52 	 22 	 23.465 	 39.1 	 298 	 240 	 221 	 6412 	-7.1 
 126.86 	 12.68 	 132.3 	 14.93 	 20 	 23.431 	 38.3 	 298 	 240 	 221 	 6412 	-7.3 
 127.06 	 12.7 	 132.4 	 14.35 	 19 	 23.384 	 38.9 	 298 	 241 	 221 	 6412 	-7.1 
 127.26 	 12.72 	 132.3 	 13.28 	 18 	 23.288 	 38 	 298 	 242 	 222 	 6413 	-7.1 
 127.46 	 12.74 	 132.3 	 12.93 	 18 	 23.254 	 39.1 	 298 	 243 	 223 	 6412 	-7 
 127.66 	 12.76 	 132.3 	 12.55 	 17 	 23.219 	 38.2 	 298 	 243 	 223 	 6412 	-7.4 
 127.87 	 12.78 	 132.3 	 12.41 	 17 	 23.195 	 39.2 	 298 	 243 	 223 	 6412 	-7.4 
 128.07 	 12.8 	 132.2 	 12.1 	 17 	 23.164 	 38.4 	 298 	 243 	 224 	 6413 	-7.3 
 128.27 	 12.82 	 132.2 	 12.13 	 17 	 23.153 	 39.2 	 298 	 243 	 224 	 6413 	-7.4 
 128.47 	 12.84 	 132.3 	 12.03 	 17 	 23.15 	 38.9 	 298 	 244 	 224 	 6413 	-7.4 
 128.67 	 12.86 	 132.2 	 12.14 	 17 	 23.145 	 38.8 	 298 	 244 	 224 	 6412 	-7.5 
 128.88 	 12.88 	 132.2 	 12.21 	 17 	 23.143 	 38.9 	 298 	 244 	 224 	 6413 	-7.1 
 129.08 	 12.9 	 132.3 	 12.37 	 18 	 23.147 	 38.6 	 299 	 244 	 224 	 6413 	-7.3 
 129.28 	 12.93 	 132.2 	 12.82 	 19 	 23.151 	 39.3 	 299 	 244 	 225 	 6412 	-7.1 
 129.48 	 12.95 	 132.2 	 14.16 	 21 	 23.186 	 38.2 	 298 	 244 	 224 	 6412 	-7.4 
 129.68 	 12.97 	 132.3 	 14.85 	 22 	 23.216 	 39.3 	 299 	 244 	 225 	 6412 	-7.6 
 129.89 	 12.99 	 132.3 	 15.7 	 23 	 23.248 	 38.4 	 299 	 244 	 225 	 6413 	-7.4 
 130.09 	 13.01 	 132.3 	 17.6 	 26 	 23.366 	 39.5 	 299 	 243 	 224 	 6412 	-7.3 
 130.29 	 13.03 	 132.4 	 18.75 	 28 	 23.421 	 38.5 	 299 	 243 	 224 	 6412 	-7.3 
 130.49 	 13.05 	 132.4 	 19.82 	 30 	 23.488 	 39.1 	 299 	 243 	 224 	 6412 	-7.8 
 130.69 	 13.07 	 132.5 	 22.14 	 32 	 23.595 	 38.7 	 300 	 242 	 223 	 6413 	-7.4 
 130.9 	 13.09 	 132.5 	 23.41 	 35 	 23.646 	 38.8 	 300 	 242 	 223 	 6413 	-7.3 
 131.1 	 13.11 	 132.6 	 24.45 	 36 	 23.696 	 39 	 300 	 241 	 222 	 6414 	-7.4 
 131.3 	 13.13 	 132.5 	 25.51 	 38 	 23.735 	 38.4 	 301 	 241 	 222 	 6413 	-7.3 
 131.5 	 13.15 	 132.7 	 27.34 	 40 	 23.819 	 39.4 	 301 	 240 	 221 	 6413 	-7.6 
 131.7 	 13.17 	 132.7 	 28.1 	 41 	 23.856 	 38.5 	 301 	 240 	 221 	 6412 	-7.1 
 131.91 	 13.19 	 132.7 	 28.96 	 42 	 23.874 	 39.5 	 301 	 240 	 221 	 6414 	-7.4 
 132.11 	 13.21 	 132.7 	 29.92 	 43 	 23.936 	 38.3 	 301 	 239 	 220 	 6414 	-7 
 132.31 	 13.23 	 132.7 	 30.35 	 44 	 23.965 	 39.6 	 301 	 239 	 220 	 6412 	-7.1 
 132.51 	 13.25 	 132.8 	 30.68 	 44 	 23.984 	 38.4 	 301 	 238 	 219 	 6413 	-7.3 
 132.71 	 13.27 	 132.8 	 30.95 	 44 	 23.994 	 39.2 	 301 	 238 	 220 	 6412 	-7.4 
 132.92 	 13.29 	 132.8 	 31.07 	 44 	 24.048 	 38.4 	 301 	 238 	 219 	 6414 	-7.3 
 133.12 	 13.31 	 132.8 	 31.09 	 44 	 24.055 	 38.9 	 301 	 238 	 219 	 6412 	-7.5 
 133.32 	 13.33 	 132.8 	 31.01 	 44 	 24.061 	 38.6 	 301 	 238 	 218 	 6411 	-7.3 
 133.52 	 13.35 	 132.8 	 30.86 	 43 	 24.069 	 38.7 	 301 	 238 	 218 	 6412 	-7.3 
 133.72 	 13.37 	 132.8 	 30.54 	 43 	 24.072 	 38.8 	 301 	 237 	 219 	 6414 	-7.3 
 133.93 	 13.39 	 132.8 	 30.47 	 43 	 24.067 	 38.4 	 301 	 237 	 218 	 6411 	-7 
 134.13 	 13.41 	 132.8 	 30.12 	 42 	 24.073 	 39 	 301 	 237 	 218 	 6414 	-7.3 
 134.33 	 13.43 	 132.8 	 29.49 	 41 	 24.072 	 38 	 300 	 238 	 219 	 6413 	-7.1 
 134.53 	 13.45 	 132.8 	 28.49 	 39 	 24.07 	 39.3 	 300 	 237 	 218 	 6411 	-7.4 
 134.73 	 13.47 	 132.8 	 27.61 	 37 	 24.065 	 38.1 	 300 	 237 	 218 	 6411 	-7 
 134.94 	 13.49 	 132.8 	 25.81 	 36 	 24.025 	 39.2 	 300 	 238 	 218 	 6411 	-7.1 
 135.14 	 13.51 	 132.8 	 24.78 	 33 	 24.005 	 38 	 299 	 238 	 218 	 6412 	-7.3 
 135.34 	 13.53 	 132.8 	 23.73 	 32 	 23.971 	 39.3 	 300 	 238 	 219 	 6412 	-7.1 
 135.54 	 13.55 	 132.8 	 21.69 	 30 	 23.915 	 38.4 	 300 	 238 	 219 	 6412 	-7.6 
 135.74 	 13.57 	 132.7 	 20.61 	 28 	 23.88 	 39 	 299 	 238 	 219 	 6414 	-7.1 
 135.95 	 13.59 	 132.8 	 19.74 	 26 	 23.851 	 38.3 	 299 	 238 	 219 	 6414 	-7.5 
 136.15 	 13.61 	 132.7 	 18.86 	 25 	 23.815 	 39 	 299 	 238 	 220 	 6411 	-7.3 
 136.35 	 13.63 	 132.6 	 17.07 	 23 	 23.724 	 38.4 	 299 	 239 	 220 	 6414 	-7 
 136.55 	 13.65 	 132.7 	 16.28 	 22 	 23.699 	 38.6 	 298 	 240 	 221 	 6411 	-7.6 
 136.75 	 13.67 	 132.7 	 15.63 	 21 	 23.658 	 38.8 	 298 	 240 	 221 	 6411 	-7.3 
 136.96 	 13.69 	 132.6 	 14.38 	 20 	 23.561 	 38.3 	 298 	 241 	 222 	 6411 	-7.1 
 137.16 	 13.71 	 132.5 	 13.78 	 19 	 23.526 	 39.2 	 298 	 241 	 222 	 6413 	-7.5 
 137.36 	 13.73 	 132.5 	 13.35 	 18 	 23.48 	 38.4 	 297 	 242 	 222 	 6412 	-7.3 
 137.56 	 13.75 	 132.4 	 12.58 	 17 	 23.41 	 39.1 	 298 	 242 	 223 	 6413 	-7.1 
 137.76 	 13.77 	 132.4 	 12.25 	 16 	 23.382 	 38 	 298 	 243 	 223 	 6412 	-7.6 
 137.97 	 13.79 	 132.4 	 12.13 	 17 	 23.363 	 39.1 	 298 	 243 	 223 	 6411 	-7 
 138.17 	 13.81 	 132.4 	 12.11 	 17 	 23.348 	 38.5 	 298 	 243 	 224 	 6412 	-7.1 
 138.37 	 13.83 	 132.4 	 12.11 	 17 	 23.328 	 39.2 	 298 	 243 	 224 	 6414 	-7.4 
 138.57 	 13.85 	 132.4 	 12.1 	 17 	 23.335 	 38.4 	 298 	 243 	 224 	 6412 	-7.1 
 138.77 	 13.87 	 132.4 	 12.14 	 18 	 23.328 	 39 	 298 	 243 	 224 	 6412 	-7.3 
 138.98 	 13.89 	 132.4 	 12.29 	 18 	 23.321 	 38.8 	 298 	 244 	 224 	 6414 	-7.5 
 139.18 	 13.92 	 132.4 	 12.82 	 19 	 23.333 	 38.5 	 299 	 244 	 225 	 6412 	-7.1 
 139.38 	 13.94 	 132.4 	 13.57 	 20 	 23.354 	 39.2 	 299 	 244 	 225 	 6411 	-7.3 
 139.58 	 13.96 	 132.4 	 14.22 	 22 	 23.361 	 38.4 	 299 	 243 	 225 	 6411 	-7.5 
 139.78 	 13.98 	 132.4 	 15.66 	 23 	 23.436 	 39.3 	 299 	 244 	 225 	 6412 	-7.1 
 139.99 	 14 	 132.5 	 16.66 	 25 	 23.498 	 38.3 	 300 	 243 	 224 	 6412 	-7.3 
 140.19 	 14.02 	 132.5 	 17.65 	 27 	 23.539 	 39.6 	 299 	 243 	 225 	 6412 	-7.3 
 140.39 	 14.04 	 132.5 	 19.89 	 29 	 23.669 	 38.3 	 299 	 243 	 223 	 6412 	-7 
 140.59 	 14.06 	 132.6 	 21.02 	 31 	 23.734 	 39.3 	 300 	 242 	 223 	 6413 	-7.4 
 140.79 	 14.08 	 132.7 	 22.25 	 33 	 23.78 	 38.7 	 300 	 242 	 223 	 6411 	-7.3 
 141 	 14.1 	 132.8 	 24.52 	 36 	 23.891 	 39 	 301 	 241 	 222 	 6414 	-7.4 
 141.2 	 14.12 	 132.8 	 25.62 	 37 	 23.919 	 39.1 	 301 	 241 	 222 	 6412 	-7.4 
 141.4 	 14.14 	 132.8 	 26.6 	 39 	 23.968 	 38.9 	 301 	 240 	 221 	 6411 	-7.4 
 141.6 	 14.16 	 132.8 	 27.41 	 40 	 24.001 	 38.9 	 301 	 240 	 221 	 6414 	-7.4 
 141.8 	 14.18 	 132.8 	 28.83 	 41 	 24.071 	 38.7 	 301 	 240 	 221 	 6412 	-7 
 142.01 	 14.2 	 132.9 	 29.52 	 42 	 24.094 	 39.2 	 301 	 239 	 220 	 6413 	-7.5 
 142.21 	 14.22 	 132.9 	 29.94 	 43 	 24.128 	 38.6 	 301 	 239 	 219 	 6414 	-7 
 142.41 	 14.24 	 132.9 	 30.64 	 43 	 24.178 	 39.3 	 301 	 239 	 219 	 6412 	-7 
 142.61 	 14.26 	 133 	 30.87 	 44 	 24.196 	 38.3 	 301 	 238 	 219 	 6412 	-7.4 
 142.81 	 14.28 	 133 	 31.07 	 44 	 24.212 	 39.3 	 302 	 238 	 219 	 6414 	-7.6 
 143.02 	 14.3 	 133 	 31.01 	 44 	 24.23 	 38.3 	 301 	 238 	 219 	 6413 	-7.4 
 143.22 	 14.32 	 132.9 	 31.06 	 44 	 24.25 	 39.6 	 301 	 238 	 218 	 6412 	-6.9 
 143.42 	 14.34 	 133 	 30.91 	 44 	 24.253 	 38.2 	 301 	 237 	 218 	 6411 	-7 
 143.62 	 14.36 	 133 	 30.82 	 43 	 24.261 	 39 	 301 	 238 	 219 	 6413 	-7.4 
 143.82 	 14.38 	 133 	 30.35 	 43 	 24.264 	 38.2 	 301 	 238 	 218 	 6413 	-7 
 144.03 	 14.4 	 133 	 30.33 	 43 	 24.266 	 39 	 300 	 237 	 219 	 6413 	-7.4 
 144.23 	 14.42 	 133.1 	 30.21 	 42 	 24.254 	 38.4 	 300 	 237 	 219 	 6412 	-7.4 
 144.43 	 14.44 	 133 	 28.4 	 40 	 24.258 	 38.8 	 300 	 237 	 218 	 6412 	-7.1 
 144.63 	 14.46 	 133 	 27.66 	 38 	 24.248 	 38.7 	 300 	 237 	 219 	 6412 	-7.4 
 144.83 	 14.48 	 133 	 26.93 	 37 	 24.226 	 38.7 	 300 	 238 	 218 	 6413 	-7.4 
 145.04 	 14.5 	 133 	 25.87 	 35 	 24.217 	 39 	 300 	 238 	 218 	 6412 	-7.3 
 145.24 	 14.52 	 133 	 23.66 	 33 	 24.158 	 38.6 	 299 	 237 	 218 	 6412 	-7.3 
 145.44 	 14.54 	 132.9 	 22.78 	 30 	 24.127 	 38.9 	 300 	 238 	 218 	 6413 	-7.3 
 145.64 	 14.56 	 133 	 21.57 	 29 	 24.104 	 38.4 	 300 	 238 	 219 	 6414 	-7.6 
 145.84 	 14.58 	 132.9 	 19.7 	 28 	 24.032 	 39 	 299 	 238 	 219 	 6411 	-7.6 
 146.05 	 14.6 	 132.9 	 18.79 	 25 	 23.995 	 38.2 	 299 	 238 	 220 	 6412 	-7.4 
 146.25 	 14.62 	 132.9 	 17.89 	 24 	 23.962 	 39 	 299 	 239 	 220 	 6413 	-7.1 
 146.45 	 14.64 	 132.9 	 17.02 	 23 	 23.919 	 38.1 	 298 	 239 	 220 	 6414 	-7.4 
 146.65 	 14.66 	 132.8 	 15.57 	 21 	 23.837 	 39.3 	 298 	 240 	 221 	 6413 	-7.3 
 146.85 	 14.68 	 132.8 	 14.93 	 21 	 23.801 	 38.2 	 298 	 240 	 222 	 6413 	-7.8 
 147.06 	 14.7 	 132.7 	 14.35 	 20 	 23.746 	 39.2 	 298 	 241 	 222 	 6412 	-7 
 147.26 	 14.72 	 132.7 	 13.29 	 18 	 23.665 	 38.1 	 298 	 242 	 222 	 6413 	-6.9 
 147.46 	 14.74 	 132.6 	 12.91 	 18 	 23.623 	 39.1 	 298 	 242 	 223 	 6412 	-6.9 
 147.66 	 14.76 	 132.7 	 12.55 	 17 	 23.595 	 38.5 	 298 	 242 	 223 	 6413 	-7 
 147.86 	 14.78 	 132.6 	 12.35 	 17 	 23.575 	 38.8 	 298 	 243 	 223 	 6412 	-7.6 
 148.07 	 14.8 	 132.6 	 12.01 	 17 	 23.527 	 38.7 	 298 	 243 	 223 	 6413 	-7.6 
 148.27 	 14.82 	 132.6 	 11.98 	 17 	 23.524 	 38.8 	 298 	 243 	 224 	 6411 	-7 
 148.47 	 14.84 	 132.5 	 12.04 	 18 	 23.521 	 39.1 	 298 	 243 	 224 	 6413 	-7.1 
 148.67 	 14.86 	 132.6 	 12.06 	 17 	 23.523 	 38.6 	 298 	 243 	 224 	 6413 	-7.5 
 148.87 	 14.88 	 132.6 	 12.2 	 18 	 23.519 	 39.4 	 298 	 244 	 224 	 6413 	-7.3 
 149.08 	 14.91 	 132.6 	 12.3 	 18 	 23.515 	 38.3 	 299 	 244 	 224 	 6412 	-7.5 
 149.28 	 14.93 	 132.6 	 12.77 	 20 	 23.527 	 39.3 	 299 	 244 	 224 	 6414 	-7.5 
 149.48 	 14.95 	 132.6 	 14.16 	 21 	 23.556 	 38.3 	 299 	 244 	 225 	 6414 	-7.4 
 149.68 	 14.97 	 132.7 	 14.82 	 22 	 23.589 	 39.4 	 299 	 244 	 225 	 6413 	-7.1 
 149.88 	 14.99 	 132.6 	 15.59 	 24 	 23.624 	 38.4 	 299 	 244 	 224 	 6411 	-7.6 
 150.09 	 15.01 	 132.7 	 17.64 	 26 	 23.736 	 39.4 	 299 	 243 	 224 	 6413 	-7.3 
 150.29 	 15.03 	 132.8 	 18.69 	 28 	 23.79 	 38.6 	 299 	 243 	 224 	 6411 	-7.4 
 150.49 	 15.05 	 132.8 	 19.83 	 30 	 23.864 	 38.6 	 299 	 243 	 224 	 6415 	-7 
 150.69 	 15.07 	 132.8 	 22.13 	 33 	 23.966 	 39 	 300 	 242 	 223 	 6410 	-7.4 
 150.89 	 15.09 	 132.8 	 23.47 	 35 	 24.025 	 38.9 	 300 	 241 	 222 	 6412 	-7.3 
 151.1 	 15.11 	 132.9 	 24.48 	 36 	 24.072 	 39.1 	 300 	 241 	 222 	 6414 	-7 
 151.3 	 15.13 	 133 	 25.61 	 38 	 24.114 	 38.6 	 301 	 241 	 221 	 6412 	-7 
 151.5 	 15.15 	 133 	 27.39 	 40 	 24.19 	 39.2 	 301 	 240 	 221 	 6413 	-7.6 
 151.7 	 15.17 	 133.1 	 28.26 	 41 	 24.226 	 38 	 301 	 240 	 221 	 6415 	-7.3 
 151.9 	 15.19 	 133 	 28.92 	 42 	 24.257 	 39.5 	 301 	 240 	 221 	 6413 	-7.3 
 152.11 	 15.21 	 133.1 	 30 	 43 	 24.309 	 38.1 	 301 	 239 	 219 	 6411 	-7.1 
 152.31 	 15.23 	 133.1 	 30.36 	 43 	 24.33 	 39.3 	 301 	 239 	 220 	 6411 	-7.3 
 152.51 	 15.25 	 133.2 	 30.68 	 44 	 24.361 	 38.3 	 302 	 238 	 219 	 6412 	-7 
 152.71 	 15.27 	 133.2 	 30.82 	 43 	 24.381 	 39.4 	 301 	 238 	 219 	 6415 	-7.3 
 152.91 	 15.29 	 133.2 	 31.16 	 44 	 24.41 	 38.4 	 301 	 238 	 219 	 6414 	-7.6 
 153.12 	 15.31 	 133.2 	 31.05 	 43 	 24.418 	 39.1 	 301 	 238 	 219 	 6412 	-7.3 
 153.32 	 15.33 	 133.1 	 30.93 	 44 	 24.432 	 38.4 	 301 	 237 	 219 	 6412 	-7.3 
 153.52 	 15.35 	 133.2 	 30.88 	 44 	 24.447 	 39 	 301 	 238 	 218 	 6412 	-7.4 
 153.72 	 15.37 	 133.2 	 30.56 	 43 	 24.442 	 38.3 	 301 	 238 	 218 	 6413 	-7.4 
 153.92 	 15.39 	 133.1 	 30.51 	 43 	 24.446 	 38.6 	 301 	 238 	 219 	 6413 	-7.3 
 154.13 	 15.41 	 133.2 	 30.02 	 43 	 24.449 	 38.6 	 300 	 238 	 218 	 6412 	-7 
 154.33 	 15.43 	 133.2 	 29.53 	 41 	 24.448 	 38.7 	 300 	 238 	 218 	 6414 	-7.8 
 154.53 	 15.45 	 133.2 	 28.45 	 39 	 24.441 	 38.9 	 300 	 237 	 218 	 6413 	-7.1 
 154.73 	 15.47 	 133.1 	 27.69 	 38 	 24.427 	 38.4 	 300 	 237 	 218 	 6413 	-7.5 
 154.93 	 15.49 	 133.2 	 25.83 	 36 	 24.393 	 38.8 	 300 	 238 	 218 	 6413 	-7.3 
 155.14 	 15.51 	 133.1 	 24.67 	 34 	 24.376 	 38.3 	 300 	 238 	 218 	 6413 	-7.5 
 155.34 	 15.53 	 133.1 	 23.71 	 31 	 24.341 	 39.2 	 299 	 238 	 218 	 6413 	-7 
 155.54 	 15.55 	 133.1 	 21.54 	 30 	 24.293 	 38.2 	 299 	 238 	 219 	 6413 	-7.3 
 155.74 	 15.57 	 133.1 	 20.52 	 28 	 24.26 	 39.5 	 299 	 238 	 219 	 6412 	-7.1 
 155.94 	 15.59 	 133.1 	 19.64 	 26 	 24.22 	 38.2 	 299 	 239 	 219 	 6411 	-7.8 
 156.15 	 15.61 	 133 	 18.69 	 25 	 24.187 	 39.3 	 299 	 239 	 220 	 6412 	-7.3 
 156.35 	 15.63 	 133 	 17 	 23 	 24.099 	 38 	 299 	 239 	 220 	 6412 	-7 
 156.55 	 15.65 	 133 	 16.2 	 22 	 24.066 	 39.4 	 298 	 239 	 220 	 6413 	-7.3 
 156.75 	 15.67 	 133 	 15.54 	 21 	 24.019 	 38.3 	 298 	 240 	 221 	 6414 	-7.4 
 156.95 	 15.69 	 132.9 	 14.33 	 20 	 23.942 	 38.8 	 298 	 241 	 222 	 6412 	-7.4 
 157.16 	 15.71 	 132.9 	 13.8 	 19 	 23.886 	 38.3 	 297 	 241 	 222 	 6413 	-7.3 
 157.36 	 15.73 	 132.9 	 13.28 	 18 	 23.848 	 38.8 	 297 	 242 	 223 	 6414 	-7.1 
 157.56 	 15.75 	 132.8 	 12.52 	 18 	 23.78 	 38.6 	 298 	 243 	 223 	 6411 	-7.1 
 157.76 	 15.77 	 132.8 	 12.27 	 17 	 23.751 	 38.6 	 298 	 243 	 223 	 6413 	-7.1 
 157.96 	 15.79 	 132.7 	 12.12 	 18 	 23.733 	 38.9 	 298 	 243 	 223 	 6411 	-7.1 
 158.17 	 15.81 	 132.8 	 12.18 	 17 	 23.714 	 38.5 	 297 	 243 	 224 	 6412 	-7.3 
 158.37 	 15.83 	 132.8 	 12.04 	 17 	 23.706 	 38.9 	 298 	 243 	 224 	 6412 	-7 
 158.57 	 15.85 	 132.8 	 12.05 	 17 	 23.698 	 38.1 	 298 	 244 	 224 	 6412 	-7.4 
 158.77 	 15.87 	 132.7 	 12.17 	 17 	 23.694 	 39.3 	 298 	 244 	 224 	 6412 	-7.4 
 158.97 	 15.9 	 132.8 	 12.29 	 18 	 23.696 	 38.3 	 298 	 244 	 224 	 6412 	-7.3 
 159.18 	 15.92 	 132.7 	 12.76 	 19 	 23.708 	 39.6 	 299 	 244 	 224 	 6412 	-7.1 
 159.38 	 15.94 	 132.8 	 13.71 	 20 	 23.714 	 38.3 	 298 	 244 	 225 	 6412 	-7.3 
 159.58 	 15.96 	 132.8 	 14.18 	 22 	 23.739 	 39.5 	 299 	 244 	 224 	 6413 	-7.4 
 159.78 	 15.98 	 132.8 	 15.64 	 23 	 23.805 	 38.4 	 299 	 244 	 225 	 6413 	-7 
 159.98 	 16 	 132.9 	 16.59 	 24 	 23.861 	 39.3 	 299 	 244 	 225 	 6412 	-7.4 
 160.19 	 16.02 	 132.9 	 17.6 	 27 	 23.924 	 38.6 	 299 	 244 	 224 	 6412 	-7.3 
 160.39 	 16.04 	 132.9 	 19.85 	 29 	 24.044 	 39.1 	 300 	 243 	 224 	 6411 	-7.3 
 160.59 	 16.06 	 133 	 21.02 	 31 	 24.094 	 38.8 	 300 	 243 	 223 	 6412 	-7.1 
 160.79 	 16.08 	 133 	 22.14 	 33 	 24.153 	 39 	 300 	 242 	 223 	 6413 	-7.4 
 160.99 	 16.1 	 133 	 23.3 	 35 	 24.211 	 39 	 300 	 241 	 222 	 6412 	-7.3 
 161.2 	 16.12 	 133.1 	 25.62 	 37 	 24.299 	 38.6 	 300 	 241 	 222 	 6412 	-7.4 
 161.4 	 16.14 	 133.1 	 26.55 	 39 	 24.345 	 39.3 	 300 	 240 	 221 	 6411 	-7.3 
 161.6 	 16.16 	 133.1 	 27.45 	 40 	 24.366 	 38.3 	 301 	 240 	 221 	 6413 	-7.3 
 161.8 	 16.18 	 133.2 	 28.78 	 42 	 24.436 	 39.2 	 301 	 240 	 220 	 6412 	-7.4 
 162 	 16.2 	 133.2 	 29.52 	 42 	 24.462 	 38.4 	 301 	 239 	 221 	 6412 	-7.1 
 162.21 	 16.22 	 133.2 	 29.99 	 43 	 24.492 	 39.5 	 301 	 239 	 220 	 6412 	-7.4 
 162.41 	 16.24 	 133.3 	 30.71 	 44 	 24.539 	 38.2 	 301 	 239 	 220 	 6412 	-7.3 
 162.61 	 16.26 	 133.3 	 30.87 	 44 	 24.551 	 39.2 	 301 	 238 	 220 	 6413 	-7.3 
 162.81 	 16.28 	 133.3 	 31.06 	 44 	 24.585 	 38.1 	 301 	 238 	 219 	 6412 	-7.4 
 163.01 	 16.3 	 133.3 	 31.11 	 44 	 24.591 	 39.3 	 301 	 238 	 219 	 6412 	-7.4 
 163.22 	 16.32 	 133.3 	 31.06 	 44 	 24.611 	 38.2 	 301 	 237 	 218 	 6413 	-7.6 
 163.42 	 16.34 	 133.3 	 30.89 	 44 	 24.612 	 39.2 	 301 	 237 	 219 	 6413 	-7.3 
 163.62 	 16.36 	 133.4 	 30.75 	 43 	 24.623 	 38.2 	 301 	 238 	 218 	 6411 	-7.1 
 163.82 	 16.38 	 133.3 	 30.38 	 43 	 24.629 	 39.3 	 301 	 237 	 218 	 6411 	-7.4 
 164.02 	 16.4 	 133.3 	 30.32 	 43 	 24.631 	 38.4 	 301 	 238 	 218 	 6411 	-7.5 
 164.23 	 16.42 	 133.4 	 30.12 	 42 	 24.635 	 39.1 	 300 	 237 	 218 	 6413 	-7.1 
 164.43 	 16.44 	 133.4 	 29.46 	 39 	 24.626 	 38.5 	 300 	 238 	 218 	 6413 	-7.3 
 164.63 	 16.46 	 133.3 	 27.67 	 38 	 24.608 	 38.6 	 300 	 238 	 218 	 6412 	-7.1 
 164.83 	 16.48 	 133.3 	 26.82 	 37 	 24.593 	 38.4 	 300 	 238 	 218 	 6412 	-6.8 
 165.03 	 16.5 	 133.3 	 25.77 	 35 	 24.566 	 38 	 300 	 238 	 218 	 6412 	-7 
 165.24 	 16.52 	 133.3 	 23.67 	 33 	 24.529 	 38.9 	 300 	 237 	 219 	 6410 	-7.3 
 165.44 	 16.54 	 133.2 	 22.74 	 31 	 24.491 	 38.4 	 300 	 238 	 219 	 6412 	-7.1 
 165.64 	 16.56 	 133.3 	 21.63 	 29 	 24.471 	 39 	 299 	 238 	 219 	 6413 	-7.1 
 165.84 	 16.58 	 133.2 	 19.71 	 27 	 24.398 	 38.3 	 299 	 239 	 220 	 6411 	-7.3 
 166.04 	 16.6 	 133.2 	 18.72 	 26 	 24.358 	 39.3 	 299 	 239 	 220 	 6414 	-7.3 
 166.25 	 16.62 	 133.1 	 17.87 	 24 	 24.322 	 38.1 	 299 	 239 	 220 	 6411 	-7.4 
 166.45 	 16.64 	 133.2 	 16.9 	 23 	 24.293 	 38.9 	 298 	 239 	 220 	 6411 	-7.4 
 166.65 	 16.66 	 133.2 	 15.63 	 21 	 24.2 	 38.1 	 299 	 240 	 221 	 6412 	-7.4 
 166.85 	 16.68 	 133.1 	 15.02 	 21 	 24.157 	 39.2 	 298 	 241 	 221 	 6413 	-7.3 
 167.05 	 16.7 	 133.1 	 14.34 	 19 	 24.118 	 37.9 	 298 	 241 	 221 	 6412 	-7.4 
 167.26 	 16.72 	 133 	 13.29 	 19 	 24.036 	 39 	 297 	 241 	 223 	 6411 	-7 
 167.46 	 16.74 	 133 	 12.85 	 18 	 24.001 	 38.2 	 298 	 242 	 222 	 6412 	-7.3 
 167.66 	 16.76 	 132.9 	 12.55 	 17 	 23.961 	 39.3 	 298 	 243 	 223 	 6412 	-7.3 
 167.86 	 16.78 	 133 	 12.29 	 17 	 23.936 	 38.5 	 298 	 242 	 223 	 6412 	-7.5 
 168.06 	 16.8 	 132.9 	 12.06 	 17 	 23.907 	 39.2 	 297 	 243 	 224 	 6411 	-7.1 
 168.27 	 16.82 	 132.9 	 12.15 	 17 	 23.89 	 38.3 	 298 	 243 	 224 	 6413 	-7.4 
 168.47 	 16.84 	 133 	 12.06 	 17 	 23.878 	 39 	 298 	 243 	 224 	 6410 	-7 
 168.67 	 16.86 	 132.9 	 12.18 	 17 	 23.883 	 38.8 	 298 	 244 	 224 	 6413 	-7.6 
 168.87 	 16.88 	 132.9 	 12.19 	 18 	 23.886 	 38.6 	 298 	 244 	 225 	 6412 	-7.4 
 169.07 	 16.91 	 132.9 	 12.37 	 18 	 23.877 	 39.1 	 298 	 244 	 224 	 6412 	-7.5 
 169.28 	 16.93 	 132.8 	 13.56 	 20 	 23.912 	 38.5 	 299 	 244 	 224 	 6413 	-7.5 
 169.48 	 16.95 	 133 	 14.13 	 21 	 23.923 	 39.2 	 298 	 244 	 225 	 6413 	-7.3 
 169.68 	 16.97 	 133 	 14.85 	 22 	 23.952 	 38.4 	 299 	 244 	 225 	 6412 	-7.3 
 169.88 	 16.99 	 133 	 15.74 	 24 	 23.986 	 39.7 	 299 	 244 	 225 	 6412 	-7.3 
 170.08 	 17.01 	 133 	 17.74 	 26 	 24.093 	 38.5 	 299 	 244 	 224 	 6412 	-7 
 170.29 	 17.03 	 133.1 	 18.73 	 27 	 24.145 	 39.3 	 299 	 243 	 224 	 6412 	-7 
 170.49 	 17.05 	 133.1 	 19.92 	 30 	 24.221 	 38.3 	 300 	 243 	 223 	 6415 	-7.4 
 170.69 	 17.07 	 133.1 	 22.14 	 33 	 24.327 	 39.6 	 300 	 242 	 223 	 6413 	-7.1 
 170.89 	 17.09 	 133.2 	 23.38 	 34 	 24.38 	 38.1 	 300 	 242 	 222 	 6412 	-7 
 171.09 	 17.11 	 133.2 	 24.44 	 37 	 24.439 	 39.2 	 300 	 241 	 222 	 6413 	-7.3 
 171.3 	 17.13 	 133.2 	 25.57 	 38 	 24.472 	 38.4 	 300 	 241 	 222 	 6412 	-7.3 
 171.5 	 17.15 	 133.3 	 27.46 	 40 	 24.554 	 39.2 	 301 	 240 	 220 	 6412 	-7.1 
 171.7 	 17.17 	 133.3 	 28.23 	 41 	 24.586 	 38.9 	 301 	 239 	 221 	 6412 	-7.3 
 171.9 	 17.19 	 133.4 	 28.97 	 42 	 24.616 	 39 	 301 	 239 	 220 	 6413 	-7.1 
 172.1 	 17.21 	 133.4 	 29.98 	 43 	 24.676 	 38.7 	 301 	 239 	 220 	 6413 	-7.8 
 172.31 	 17.23 	 133.4 	 30.34 	 43 	 24.691 	 38.8 	 301 	 238 	 220 	 6413 	-7 
 172.51 	 17.25 	 133.4 	 30.64 	 44 	 24.726 	 38.9 	 301 	 239 	 219 	 6412 	-7.8 
 172.71 	 17.27 	 133.4 	 31.09 	 43 	 24.767 	 38.8 	 301 	 238 	 219 	 6411 	-7 
 172.91 	 17.29 	 133.5 	 31.17 	 44 	 24.773 	 39.2 	 301 	 238 	 219 	 6411 	-7 
 173.11 	 17.31 	 133.5 	 31.11 	 44 	 24.782 	 38.3 	 301 	 238 	 218 	 6412 	-7.4 
 173.32 	 17.33 	 133.5 	 31.02 	 43 	 24.794 	 39.1 	 301 	 238 	 218 	 6411 	-7.4 
 173.52 	 17.35 	 133.5 	 30.91 	 44 	 24.805 	 38.3 	 301 	 238 	 219 	 6412 	-7.3 
 173.72 	 17.37 	 133.5 	 30.64 	 43 	 24.805 	 39.1 	 301 	 238 	 218 	 6412 	-7.5 
 173.92 	 17.39 	 133.5 	 30.46 	 43 	 24.808 	 38.3 	 301 	 237 	 218 	 6412 	-7.3 
 174.12 	 17.41 	 133.5 	 30.16 	 43 	 24.811 	 39.2 	 300 	 238 	 218 	 6412 	-7 
 174.33 	 17.43 	 133.5 	 29.43 	 40 	 24.806 	 37.9 	 300 	 237 	 218 	 6412 	-7.1 
 174.53 	 17.45 	 133.6 	 28.46 	 40 	 24.802 	 39.3 	 300 	 237 	 218 	 6412 	-7.3 
 174.73 	 17.47 	 133.5 	 27.72 	 37 	 24.792 	 38.1 	 300 	 238 	 218 	 6415 	-7.4 
 174.93 	 17.49 	 133.5 	 25.8 	 35 	 24.76 	 39.1 	 300 	 237 	 219 	 6414 	-7.4 
 175.13 	 17.51 	 133.5 	 24.79 	 34 	 24.735 	 37.9 	 300 	 237 	 218 	 6411 	-7.4 
 175.34 	 17.53 	 133.5 	 23.67 	 32 	 24.711 	 39.2 	 300 	 238 	 219 	 6412 	-7.1 
 175.54 	 17.55 	 133.4 	 21.51 	 30 	 24.649 	 38 	 299 	 238 	 219 	 6412 	-7 
 175.74 	 17.57 	 133.4 	 20.59 	 28 	 24.615 	 39.1 	 299 	 238 	 219 	 6412 	-7.1 
 175.94 	 17.59 	 133.4 	 19.58 	 26 	 24.586 	 38.4 	 299 	 239 	 219 	 6413 	-7.4 
 176.14 	 17.61 	 133.4 	 17.78 	 24 	 24.503 	 39.1 	 299 	 239 	 220 	 6412 	-7.6 
 176.35 	 17.63 	 133.3 	 17.02 	 23 	 24.473 	 38.5 	 298 	 239 	 220 	 6413 	-7 
 176.55 	 17.65 	 133.3 	 16.21 	 22 	 24.428 	 38.9 	 298 	 240 	 221 	 6413 	-7.1 
 176.75 	 17.67 	 133.3 	 15.56 	 20 	 24.372 	 38.4 	 298 	 240 	 221 	 6413 	-7.1 
 176.95 	 17.69 	 133.2 	 14.32 	 20 	 24.3 	 38.9 	 298 	 241 	 222 	 6414 	-7.1 
 177.15 	 17.71 	 133.2 	 13.71 	 19 	 24.257 	 38.6 	 298 	 242 	 222 	 6413 	-7.4 
 177.36 	 17.73 	 133.2 	 13.27 	 18 	 24.215 	 38.7 	 298 	 242 	 222 	 6413 	-7.4 
 177.56 	 17.75 	 133.2 	 12.64 	 18 	 24.138 	 38.5 	 298 	 243 	 223 	 6413 	-7.3 
 177.76 	 17.77 	 133.1 	 12.38 	 17 	 24.107 	 38.6 	 298 	 242 	 223 	 6412 	-7 
 177.96 	 17.79 	 133.1 	 12.13 	 17 	 24.093 	 38.7 	 298 	 243 	 223 	 6413 	-7.3 
 178.16 	 17.81 	 133.1 	 12.06 	 17 	 24.079 	 38.6 	 298 	 243 	 224 	 6412 	-7.4 
 178.37 	 17.83 	 133.1 	 12.08 	 18 	 24.065 	 39.4 	 299 	 243 	 224 	 6412 	-7.4 
 178.57 	 17.85 	 133.1 	 12.02 	 17 	 24.066 	 38.3 	 298 	 244 	 224 	 6414 	-7.6 
 178.77 	 17.87 	 133.1 	 12.13 	 17 	 24.067 	 39 	 298 	 243 	 224 	 6410 	-7.1 
 178.97 	 17.9 	 133.1 	 12.33 	 18 	 24.058 	 38.3 	 298 	 244 	 224 	 6411 	-7.1 
 179.17 	 17.92 	 133.1 	 12.82 	 19 	 24.07 	 39.4 	 299 	 244 	 225 	 6413 	-7.4 
 179.38 	 17.94 	 133.1 	 13.63 	 20 	 24.084 	 38.4 	 299 	 244 	 224 	 6412 	-7.3 
 179.58 	 17.96 	 133.1 	 14.18 	 22 	 24.095 	 39.3 	 299 	 243 	 224 	 6415 	-7.3 
 179.78 	 17.98 	 133.1 	 15.71 	 23 	 24.172 	 38 	 299 	 244 	 225 	 6412 	-7.5 
 179.98 	 18 	 133.1 	 16.48 	 25 	 24.219 	 39.5 	 299 	 243 	 224 	 6413 	-7.4 
 180.18 	 18.02 	 133.1 	 17.62 	 27 	 24.281 	 37.9 	 299 	 244 	 224 	 6414 	-7.5 
 180.39 	 18.04 	 133.2 	 19.85 	 29 	 24.401 	 39.5 	 300 	 243 	 224 	 6413 	-7.5 
 180.59 	 18.06 	 133.3 	 21.04 	 31 	 24.458 	 38.2 	 300 	 243 	 223 	 6412 	-7.3 
 180.79 	 18.08 	 133.4 	 22.26 	 33 	 24.515 	 39.3 	 300 	 243 	 223 	 6412 	-7 
 180.99 	 18.1 	 133.4 	 24.51 	 36 	 24.616 	 38.5 	 300 	 241 	 222 	 6413 	-7.1 
 181.19 	 18.12 	 133.4 	 25.64 	 38 	 24.656 	 39.2 	 300 	 241 	 222 	 6412 	-7.5 
 181.4 	 18.14 	 133.4 	 26.51 	 38 	 24.702 	 38.5 	 300 	 241 	 221 	 6412 	-7.3 
 181.6 	 18.16 	 133.5 	 27.4 	 40 	 24.741 	 39 	 301 	 240 	 221 	 6412 	-7.3 
 181.8 	 18.18 	 133.5 	 28.91 	 41 	 24.798 	 38.9 	 302 	 240 	 220 	 6412 	-7 
 182 	 18.2 	 133.5 	 29.5 	 43 	 24.831 	 38.9 	 301 	 240 	 220 	 6411 	-7.4 
 182.2 	 18.22 	 133.6 	 29.94 	 43 	 24.857 	 38.9 	 301 	 239 	 220 	 6414 	-7.3 
 182.41 	 18.24 	 133.6 	 30.71 	 44 	 24.904 	 38.6 	 301 	 239 	 219 	 6413 	-7.3 
 182.61 	 18.26 	 133.6 	 30.93 	 44 	 24.921 	 39 	 301 	 238 	 219 	 6412 	-7.4 
 182.81 	 18.28 	 133.7 	 30.96 	 44 	 24.939 	 38.9 	 301 	 238 	 219 	 6412 	-7.4 
 183.01 	 18.3 	 133.7 	 31.13 	 44 	 24.949 	 39 	 302 	 238 	 219 	 6414 	-7.4 
 183.21 	 18.32 	 133.7 	 31.02 	 44 	 24.975 	 38.7 	 301 	 238 	 219 	 6414 	-7.4 
 183.42 	 18.34 	 133.7 	 31.04 	 44 	 24.98 	 39 	 301 	 237 	 219 	 6414 	-7.3 
 183.62 	 18.36 	 133.6 	 30.73 	 43 	 24.984 	 38.3 	 301 	 238 	 218 	 6413 	-7.4 
 183.82 	 18.38 	 133.7 	 30.47 	 42 	 24.982 	 39.3 	 301 	 238 	 218 	 6413 	-7.8 
 184.02 	 18.4 	 133.7 	 30.25 	 43 	 24.994 	 38.2 	 301 	 238 	 218 	 6410 	-7.5 
 184.22 	 18.42 	 133.7 	 30.16 	 41 	 24.987 	 39 	 300 	 238 	 218 	 6411 	-7.4 
 184.43 	 18.44 	 133.7 	 29.44 	 39 	 24.98 	 38.2 	 300 	 238 	 218 	 6413 	-7.4 
 184.63 	 18.46 	 133.7 	 27.69 	 38 	 24.971 	 39.1 	 299 	 237 	 218 	 6414 	-7.3 
 184.83 	 18.48 	 133.7 	 26.81 	 36 	 24.953 	 38.3 	 300 	 237 	 218 	 6414 	-7.4 
 185.03 	 18.5 	 133.7 	 25.85 	 34 	 24.928 	 39.2 	 299 	 238 	 218 	 6412 	-7.1 
 185.23 	 18.52 	 133.6 	 23.64 	 33 	 24.887 	 38 	 300 	 238 	 219 	 6413 	-7 
 185.44 	 18.54 	 133.7 	 22.51 	 31 	 24.85 	 39.2 	 299 	 238 	 219 	 6415 	-7.3 
 185.64 	 18.56 	 133.6 	 21.64 	 29 	 24.827 	 38.1 	 300 	 238 	 219 	 6413 	-7.5 
 185.84 	 18.58 	 133.6 	 19.63 	 27 	 24.766 	 39.3 	 299 	 239 	 219 	 6413 	-6.9 
 186.04 	 18.6 	 133.6 	 18.74 	 25 	 24.727 	 38.2 	 298 	 239 	 220 	 6413 	-7.4 
 186.24 	 18.62 	 133.5 	 17.85 	 23 	 24.684 	 39.1 	 299 	 239 	 220 	 6413 	-7 
 186.45 	 18.64 	 133.5 	 16.99 	 23 	 24.64 	 38 	 299 	 239 	 220 	 6414 	-7.3 
 186.65 	 18.66 	 133.5 	 15.6 	 22 	 24.565 	 39.3 	 298 	 240 	 221 	 6414 	-7.5 
 186.85 	 18.68 	 133.4 	 14.96 	 20 	 24.512 	 38.5 	 298 	 240 	 221 	 6411 	-8 
 187.05 	 18.7 	 133.4 	 14.36 	 20 	 24.479 	 39.1 	 298 	 241 	 222 	 6414 	-7.4 
 187.25 	 18.72 	 133.4 	 13.24 	 18 	 24.387 	 38.3 	 298 	 241 	 223 	 6412 	-7.1 
 187.46 	 18.74 	 133.3 	 12.85 	 18 	 24.347 	 39 	 298 	 242 	 223 	 6412 	-7.3 
 187.66 	 18.76 	 133.3 	 12.57 	 17 	 24.32 	 37.9 	 298 	 242 	 223 	 6412 	-7.5 
 187.86 	 18.78 	 133.3 	 12.38 	 17 	 24.286 	 39 	 297 	 243 	 224 	 6413 	-7.4 
 188.06 	 18.8 	 133.2 	 12.2 	 17 	 24.254 	 38.6 	 298 	 243 	 224 	 6413 	-7.4 
 188.26 	 18.82 	 133.3 	 12.08 	 17 	 24.25 	 38.9 	 298 	 244 	 224 	 6412 	-7 
 188.47 	 18.84 	 133.2 	 12.12 	 17 	 24.247 	 38.8 	 298 	 243 	 224 	 6411 	-7.4 
 188.67 	 18.86 	 133.3 	 12.12 	 18 	 24.241 	 38.7 	 298 	 244 	 224 	 6412 	-7.3 
 188.87 	 18.89 	 133.3 	 12.12 	 17 	 24.238 	 39 	 298 	 244 	 225 	 6412 	-7.1 
 189.07 	 18.91 	 133.3 	 12.23 	 18 	 24.245 	 38.5 	 299 	 244 	 224 	 6412 	-7.3 
 189.27 	 18.93 	 133.2 	 13.59 	 20 	 24.256 	 39.2 	 299 	 244 	 224 	 6412 	-7.4 
 189.48 	 18.95 	 133.2 	 14.18 	 22 	 24.279 	 38.5 	 299 	 244 	 224 	 6413 	-7.3 
 189.68 	 18.97 	 133.3 	 14.88 	 22 	 24.315 	 39.2 	 299 	 244 	 224 	 6412 	-7.5 
 189.88 	 18.99 	 133.3 	 15.7 	 24 	 24.336 	 38.5 	 299 	 244 	 225 	 6413 	-7.4 
 190.08 	 19.01 	 133.4 	 17.61 	 26 	 24.454 	 39.3 	 299 	 244 	 224 	 6414 	-7.6 
 190.28 	 19.03 	 133.4 	 18.67 	 28 	 24.52 	 38.2 	 300 	 243 	 224 	 6413 	-7.4 
 190.49 	 19.05 	 133.4 	 19.81 	 30 	 24.575 	 39.4 	 300 	 243 	 224 	 6412 	-7.4 
 190.69 	 19.07 	 133.5 	 22.25 	 32 	 24.691 	 38.2 	 300 	 242 	 223 	 6414 	-7.4 
 190.89 	 19.09 	 133.5 	 23.44 	 34 	 24.74 	 39.3 	 299 	 242 	 222 	 6413 	-7.5 
 191.09 	 19.11 	 133.6 	 24.5 	 37 	 24.803 	 38.4 	 300 	 241 	 222 	 6412 	-7 
 191.29 	 19.13 	 133.6 	 25.71 	 38 	 24.827 	 39.5 	 301 	 241 	 222 	 6413 	-7.1 
 191.5 	 19.15 	 133.7 	 27.38 	 39 	 24.916 	 38.7 	 300 	 240 	 221 	 6413 	-7 
 191.7 	 19.17 	 133.7 	 28.12 	 41 	 24.943 	 39.2 	 301 	 240 	 221 	 6412 	-7.4 
 191.9 	 19.19 	 133.7 	 28.88 	 42 	 24.969 	 38.3 	 301 	 240 	 221 	 6412 	-7.4 
 192.1 	 19.21 	 133.8 	 29.89 	 43 	 25.032 	 39.2 	 301 	 239 	 220 	 6411 	-7.3 
 192.3 	 19.23 	 133.7 	 30.32 	 43 	 25.063 	 38.6 	 301 	 239 	 219 	 6413 	-7.1 
 192.51 	 19.25 	 133.8 	 30.68 	 43 	 25.078 	 39.2 	 301 	 238 	 220 	 6413 	-7.1 
 192.71 	 19.27 	 133.8 	 30.97 	 44 	 25.097 	 38.8 	 301 	 238 	 219 	 6411 	-7.3 
 192.91 	 19.29 	 133.8 	 31.2 	 44 	 25.122 	 39 	 301 	 237 	 219 	 6413 	-7.3 
 193.11 	 19.31 	 133.9 	 31.18 	 44 	 25.137 	 38.5 	 301 	 238 	 219 	 6414 	-7.4 
 193.31 	 19.33 	 133.8 	 31.06 	 43 	 25.154 	 38.8 	 301 	 237 	 219 	 6412 	-7.5 
 193.52 	 19.35 	 133.8 	 30.72 	 43 	 25.159 	 38.7 	 301 	 237 	 219 	 6412 	-7.1 
 193.72 	 19.37 	 133.9 	 30.6 	 43 	 25.164 	 38.9 	 301 	 237 	 218 	 6412 	-7.1 
 193.92 	 19.39 	 133.8 	 30.44 	 43 	 25.168 	 38.8 	 300 	 237 	 218 	 6414 	-7.5 
 194.12 	 19.41 	 133.8 	 30.15 	 42 	 25.165 	 38.6 	 300 	 238 	 219 	 6413 	-7 
 194.32 	 19.43 	 133.9 	 29.48 	 40 	 25.16 	 38.9 	 300 	 237 	 218 	 6411 	-7.3 
 194.53 	 19.45 	 133.8 	 28.47 	 39 	 25.15 	 38.4 	 300 	 237 	 218 	 6414 	-6.9 
 194.73 	 19.47 	 133.9 	 27.79 	 38 	 25.144 	 39 	 300 	 237 	 219 	 6414 	-7.1 
 194.93 	 19.49 	 133.8 	 25.87 	 36 	 25.102 	 38.8 	 300 	 237 	 218 	 6412 	-7.4 
 195.13 	 19.51 	 133.8 	 24.8 	 34 	 25.081 	 38.9 	 299 	 238 	 219 	 6415 	-7.3 
 195.33 	 19.53 	 133.8 	 23.78 	 32 	 25.06 	 38.3 	 299 	 238 	 219 	 6413 	-7.6 
 195.54 	 19.55 	 133.7 	 21.67 	 30 	 24.998 	 38.9 	 299 	 238 	 219 	 6414 	-7.5 
 195.74 	 19.57 	 133.7 	 20.56 	 28 	 24.968 	 38.3 	 300 	 238 	 219 	 6412 	-7.1 
 195.94 	 19.59 	 133.8 	 19.7 	 26 	 24.937 	 39.3 	 298 	 238 	 219 	 6414 	-7.1 
 196.14 	 19.61 	 133.7 	 18.76 	 25 	 24.904 	 38.2 	 299 	 239 	 220 	 6413 	-7.6 
 196.34 	 19.63 	 133.7 	 17.02 	 23 	 24.825 	 39 	 298 	 239 	 220 	 6412 	-7.6 
 196.55 	 19.65 	 133.6 	 16.19 	 22 	 24.778 	 38.2 	 298 	 239 	 221 	 6414 	-7.5 
 196.75 	 19.67 	 133.6 	 15.57 	 21 	 24.735 	 39.2 	 298 	 240 	 220 	 6412 	-7.3 
 196.95 	 19.69 	 133.6 	 14.34 	 20 	 24.653 	 38.1 	 298 	 241 	 221 	 6412 	-7 
 197.15 	 19.71 	 133.6 	 13.79 	 19 	 24.602 	 39.2 	 298 	 241 	 222 	 6412 	-7 
 197.35 	 19.73 	 133.5 	 13.23 	 18 	 24.575 	 38.3 	 298 	 242 	 222 	 6412 	-7.4 
 197.56 	 19.75 	 133.5 	 12.59 	 18 	 24.488 	 39.1 	 298 	 242 	 223 	 6413 	-7.3 
 197.76 	 19.77 	 133.5 	 12.35 	 17 	 24.468 	 38.1 	 298 	 243 	 223 	 6412 	-7.4 
 197.96 	 19.79 	 133.4 	 12.24 	 17 	 24.434 	 39.3 	 298 	 243 	 224 	 6412 	-7.3 
 198.16 	 19.81 	 133.5 	 12.07 	 17 	 24.434 	 38 	 298 	 243 	 224 	 6413 	-7.4 
