时间(S)	振次	轴位移(mm)	力(kN)	应力(kPa)	变形(mm)	侧位移(mm)	围压(kPa)	孔压(kPa)	反压(kPa)	体变(ml)	小体变(ml)
0.00	0.00	 122 	 20.61 	 292 	 3.907 	 196.6 	 299 	 222 	 191 	 4267 	-6.4 
 .2 	 .02 	 122.1 	 20.71 	 29 	 3.908 	 196.6 	 300 	 222 	 191 	 4263 	-6.8 
 .4 	 .04 	 122.1 	 20.69 	 29 	 3.924 	 196.7 	 300 	 223 	 191 	 4268 	-6.9 
 .61 	 .06 	 122.1 	 20.58 	 30 	 3.923 	 196.3 	 300 	 222 	 191 	 4266 	-6.6 
 .81 	 .08 	 122.1 	 20.99 	 30 	 3.922 	 196.7 	 300 	 223 	 191 	 4269 	-6.8 
 1.01 	 .1 	 122 	 20.91 	 30 	 3.925 	 196.5 	 299 	 223 	 190 	 4267 	-7 
 1.21 	 .12 	 122.1 	 21.21 	 30 	 3.932 	 196.9 	 300 	 223 	 191 	 4267 	-6.8 
 1.41 	 .14 	 122.2 	 21.49 	 31 	 3.945 	 196.9 	 299 	 223 	 191 	 4266 	-6.9 
 1.62 	 .16 	 122.1 	 21.67 	 31 	 3.936 	 196.8 	 300 	 222 	 191 	 4263 	-6.8 
 1.82 	 .18 	 122.2 	 22.04 	 31 	 3.955 	 196.7 	 299 	 223 	 191 	 4266 	-7 
 2.02 	 .2 	 122.1 	 22.25 	 32 	 3.951 	 197 	 299 	 223 	 191 	 4266 	-6.8 
 2.22 	 .22 	 122.1 	 22.29 	 32 	 3.964 	 196.8 	 300 	 223 	 191 	 4265 	-6.5 
 2.42 	 .24 	 122.1 	 22.56 	 32 	 3.969 	 196.8 	 300 	 223 	 191 	 4267 	-6.8 
 2.63 	 .26 	 122.1 	 22.82 	 33 	 3.974 	 196.9 	 299 	 223 	 191 	 4264 	-6.8 
 2.83 	 .28 	 122.1 	 22.96 	 33 	 3.976 	 196.6 	 300 	 223 	 191 	 4264 	-6.6 
 3.03 	 .3 	 122.2 	 23.07 	 33 	 3.99 	 196.8 	 300 	 223 	 191 	 4267 	-6.5 
 3.23 	 .32 	 122.1 	 23.13 	 33 	 4.006 	 197 	 299 	 223 	 191 	 4265 	-6.8 
 3.43 	 .34 	 122.2 	 23 	 32 	 4.006 	 196.8 	 300 	 223 	 191 	 4268 	-6.8 
 3.64 	 .36 	 122.2 	 23.1 	 33 	 3.99 	 196.7 	 299 	 222 	 191 	 4265 	-6.6 
 3.84 	 .38 	 122.2 	 23.1 	 33 	 4.004 	 196.6 	 300 	 223 	 191 	 4266 	-6.8 
 4.04 	 .4 	 122.2 	 23.04 	 33 	 4.016 	 196.8 	 299 	 223 	 191 	 4269 	-6.9 
 4.24 	 .42 	 122.1 	 23.04 	 33 	 4.001 	 196.8 	 300 	 223 	 191 	 4267 	-6.5 
 4.44 	 .44 	 122.1 	 23.16 	 33 	 3.991 	 196.8 	 300 	 223 	 190 	 4266 	-7 
 4.65 	 .46 	 122.2 	 23.05 	 32 	 4.01 	 196.8 	 299 	 223 	 191 	 4265 	-6.9 
 4.85 	 .48 	 122.1 	 22.88 	 32 	 4.017 	 196.8 	 299 	 223 	 191 	 4266 	-7 
 5.05 	 .5 	 122.1 	 22.65 	 32 	 4.016 	 196.8 	 300 	 223 	 191 	 4265 	-6.8 
 5.25 	 .52 	 122.1 	 22.3 	 32 	 3.999 	 196.6 	 300 	 223 	 191 	 4265 	-6.5 
 5.45 	 .54 	 122.1 	 22.15 	 30 	 3.993 	 196.9 	 300 	 223 	 191 	 4267 	-6.8 
 5.66 	 .56 	 122.1 	 21.67 	 30 	 3.989 	 196.6 	 300 	 223 	 191 	 4265 	-6.9 
 5.86 	 .58 	 122.1 	 21.58 	 30 	 3.953 	 196.9 	 300 	 223 	 191 	 4265 	-6.8 
 6.06 	 .6 	 122.1 	 20.79 	 29 	 3.921 	 196.7 	 300 	 222 	 191 	 4266 	-6.9 
 6.26 	 .62 	 122.1 	 20.57 	 28 	 3.916 	 196.7 	 299 	 222 	 191 	 4268 	-6.8 
 6.46 	 .64 	 122 	 20.29 	 28 	 3.908 	 196.7 	 299 	 222 	 191 	 4267 	-6.8 
 6.67 	 .66 	 122.1 	 19.56 	 28 	 3.904 	 196.7 	 300 	 223 	 191 	 4266 	-6.9 
 6.87 	 .68 	 122.1 	 19.36 	 27 	 3.894 	 196.8 	 300 	 222 	 191 	 4266 	-6.6 
 7.07 	 .7 	 122.1 	 19.26 	 27 	 3.891 	 196.5 	 300 	 223 	 191 	 4266 	-6.8 
 7.27 	 .72 	 122.1 	 19.06 	 26 	 3.874 	 196.7 	 300 	 223 	 191 	 4267 	-6.8 
 7.47 	 .74 	 122.1 	 18.71 	 26 	 3.87 	 196.9 	 300 	 222 	 191 	 4263 	-6.6 
 7.68 	 .76 	 122.1 	 18.61 	 26 	 3.858 	 196.9 	 300 	 222 	 191 	 4266 	-6.5 
 7.88 	 .78 	 122 	 18.49 	 27 	 3.86 	 196.5 	 299 	 223 	 191 	 4264 	-6.6 
 8.08 	 .8 	 122.1 	 18.29 	 25 	 3.846 	 196.6 	 300 	 222 	 191 	 4266 	-7 
 8.28 	 .82 	 122.1 	 18.3 	 26 	 3.833 	 196.6 	 299 	 223 	 191 	 4268 	-7.1 
 8.48 	 .84 	 122.1 	 18.19 	 25 	 3.839 	 196.8 	 300 	 222 	 191 	 4267 	-6.8 
 8.69 	 .86 	 122 	 18.29 	 26 	 3.85 	 196.6 	 300 	 223 	 191 	 4267 	-7 
 8.89 	 .88 	 122.1 	 18.23 	 26 	 3.832 	 196.6 	 300 	 223 	 191 	 4267 	-6.8 
 9.09 	 .9 	 122.1 	 18.17 	 25 	 3.841 	 197 	 300 	 222 	 191 	 4269 	-6.6 
 9.29 	 .92 	 122 	 18.18 	 26 	 3.842 	 196.9 	 299 	 222 	 191 	 4266 	-7 
 9.49 	 .94 	 121.9 	 18.25 	 26 	 3.826 	 196.8 	 300 	 223 	 191 	 4266 	-6.5 
 9.7 	 .96 	 122 	 18.32 	 27 	 3.791 	 196.6 	 300 	 223 	 191 	 4265 	-6.6 
 9.9 	 .99 	 122 	 18.49 	 27 	 3.8 	 196.6 	 299 	 222 	 191 	 4265 	-6.9 
 10.1 	 1.01 	 121.9 	 18.99 	 27 	 3.803 	 196.8 	 300 	 222 	 191 	 4266 	-6.9 
 10.3 	 1.03 	 122 	 19.04 	 27 	 3.807 	 196.6 	 300 	 222 	 190 	 4266 	-6.8 
 10.5 	 1.05 	 121.9 	 19.43 	 28 	 3.832 	 196.5 	 299 	 223 	 191 	 4267 	-6.8 
 10.71 	 1.07 	 122 	 19.58 	 28 	 3.845 	 196.4 	 300 	 223 	 191 	 4265 	-6.9 
 10.91 	 1.09 	 122 	 20.3 	 29 	 3.867 	 196.6 	 300 	 223 	 191 	 4266 	-6.8 
 11.11 	 1.11 	 122 	 20.51 	 29 	 3.876 	 197 	 300 	 223 	 192 	 4269 	-7.1 
 11.31 	 1.13 	 122.1 	 20.92 	 29 	 3.889 	 196.7 	 300 	 223 	 191 	 4268 	-6.8 
 11.51 	 1.15 	 122 	 21.34 	 30 	 3.914 	 196.6 	 299 	 223 	 191 	 4267 	-6.9 
 11.72 	 1.17 	 122 	 21.73 	 31 	 3.926 	 196.6 	 300 	 223 	 191 	 4266 	-6.9 
 11.92 	 1.19 	 122.1 	 22.06 	 32 	 3.951 	 197 	 300 	 223 	 192 	 4266 	-6.8 
 12.12 	 1.21 	 122.1 	 22.39 	 32 	 3.965 	 196.7 	 299 	 223 	 192 	 4267 	-6.9 
 12.32 	 1.23 	 122.1 	 22.7 	 33 	 3.974 	 196.8 	 299 	 223 	 191 	 4264 	-7 
 12.52 	 1.25 	 122.1 	 22.9 	 32 	 3.977 	 196.6 	 300 	 223 	 191 	 4266 	-6.6 
 12.73 	 1.27 	 122 	 22.87 	 33 	 3.995 	 196.9 	 300 	 223 	 192 	 4266 	-6.6 
 12.93 	 1.29 	 122.2 	 23.21 	 33 	 4.005 	 196.7 	 299 	 223 	 191 	 4267 	-6.9 
 13.13 	 1.31 	 122.1 	 23.26 	 33 	 4.011 	 196.7 	 300 	 223 	 191 	 4266 	-6.5 
 13.33 	 1.33 	 122.1 	 23.18 	 33 	 4.01 	 196.8 	 300 	 223 	 191 	 4265 	-6.6 
 13.53 	 1.35 	 122.2 	 23.51 	 33 	 4.011 	 196.6 	 300 	 223 	 191 	 4267 	-7 
 13.74 	 1.37 	 122.2 	 23.35 	 33 	 4.02 	 196.7 	 299 	 223 	 191 	 4267 	-7 
 13.94 	 1.39 	 122.2 	 23.32 	 33 	 4.019 	 196.6 	 299 	 224 	 192 	 4265 	-6.6 
 14.14 	 1.41 	 122.2 	 23.4 	 33 	 4.024 	 196.7 	 299 	 223 	 191 	 4266 	-6.6 
 14.34 	 1.43 	 122.2 	 23.32 	 33 	 4.03 	 196.8 	 300 	 223 	 191 	 4264 	-6.5 
 14.54 	 1.45 	 122.2 	 23.18 	 32 	 4.024 	 196.3 	 299 	 223 	 191 	 4265 	-6.6 
 14.75 	 1.47 	 122.1 	 23.17 	 33 	 4.032 	 196.7 	 300 	 223 	 191 	 4266 	-6.9 
 14.95 	 1.49 	 122.2 	 22.68 	 32 	 4.016 	 196.8 	 300 	 223 	 191 	 4266 	-6.6 
 15.15 	 1.51 	 122.2 	 22.51 	 32 	 4.026 	 196.8 	 300 	 223 	 192 	 4268 	-6.6 
 15.35 	 1.53 	 122.2 	 22.39 	 32 	 4.01 	 196.7 	 300 	 223 	 191 	 4267 	-6.5 
 15.55 	 1.55 	 122.2 	 21.98 	 31 	 4.022 	 196.6 	 300 	 223 	 191 	 4268 	-6.8 
 15.76 	 1.57 	 122.1 	 21.43 	 30 	 3.995 	 196.8 	 299 	 223 	 192 	 4268 	-7 
 15.96 	 1.59 	 122.1 	 21.25 	 30 	 3.963 	 196.7 	 300 	 223 	 191 	 4266 	-6.9 
 16.16 	 1.61 	 122.2 	 20.89 	 29 	 3.959 	 196.8 	 299 	 223 	 191 	 4265 	-6.6 
 16.36 	 1.63 	 122.1 	 20.25 	 28 	 3.932 	 196.6 	 299 	 222 	 191 	 4267 	-6.9 
 16.56 	 1.65 	 122.1 	 20.13 	 28 	 3.946 	 196.7 	 299 	 223 	 191 	 4265 	-6.6 
 16.77 	 1.67 	 122.2 	 19.79 	 28 	 3.913 	 196.6 	 300 	 223 	 191 	 4266 	-6.9 
 16.97 	 1.69 	 122.1 	 19.3 	 27 	 3.889 	 196.8 	 300 	 222 	 191 	 4264 	-6.9 
 17.17 	 1.71 	 122 	 18.95 	 27 	 3.887 	 196.7 	 300 	 223 	 191 	 4267 	-7.1 
 17.37 	 1.73 	 122 	 18.97 	 26 	 3.88 	 196.7 	 300 	 223 	 191 	 4269 	-6.8 
 17.57 	 1.75 	 122.1 	 18.66 	 26 	 3.874 	 196.6 	 299 	 223 	 191 	 4265 	-6.9 
 17.78 	 1.77 	 122.1 	 18.35 	 26 	 3.857 	 196.7 	 300 	 223 	 191 	 4267 	-7 
 17.98 	 1.79 	 122 	 18.39 	 26 	 3.861 	 196.7 	 300 	 223 	 191 	 4266 	-6.5 
 18.18 	 1.81 	 122 	 18.27 	 26 	 3.846 	 196.5 	 300 	 222 	 191 	 4265 	-6.6 
 18.38 	 1.83 	 122.1 	 18.29 	 26 	 3.846 	 196.9 	 300 	 223 	 191 	 4266 	-6.6 
 18.58 	 1.85 	 122 	 18.2 	 26 	 3.852 	 196.9 	 299 	 222 	 191 	 4266 	-6.9 
 18.79 	 1.87 	 122 	 18.2 	 26 	 3.825 	 196.8 	 300 	 222 	 191 	 4266 	-6.8 
 18.99 	 1.89 	 122.1 	 18.27 	 26 	 3.851 	 196.7 	 299 	 223 	 191 	 4268 	-6.9 
 19.19 	 1.91 	 122 	 18.19 	 26 	 3.84 	 196.7 	 299 	 223 	 191 	 4264 	-6.5 
 19.39 	 1.93 	 122 	 18.2 	 26 	 3.86 	 196.8 	 300 	 223 	 190 	 4267 	-6.4 
 19.59 	 1.95 	 122 	 18.26 	 26 	 3.851 	 197.1 	 299 	 222 	 191 	 4266 	-6.6 
 19.8 	 1.97 	 122.1 	 18.61 	 26 	 3.858 	 196.9 	 299 	 222 	 191 	 4266 	-6.6 
 20 	 2 	 122 	 18.84 	 27 	 3.856 	 196.6 	 299 	 222 	 191 	 4265 	-6.4 
 20.2 	 2.02 	 122 	 18.93 	 27 	 3.863 	 196.6 	 300 	 223 	 191 	 4265 	-6.5 
 20.4 	 2.04 	 122.1 	 19.33 	 27 	 3.88 	 196.8 	 299 	 223 	 191 	 4268 	-6.8 
 20.6 	 2.06 	 122.1 	 19.59 	 28 	 3.886 	 196.9 	 300 	 222 	 191 	 4265 	-6.8 
 20.81 	 2.08 	 122 	 19.91 	 29 	 3.901 	 196.5 	 300 	 223 	 191 	 4267 	-7 
 21.01 	 2.1 	 122.1 	 20.29 	 30 	 3.887 	 196.8 	 299 	 223 	 192 	 4263 	-6.4 
 21.21 	 2.12 	 122.1 	 20.9 	 30 	 3.921 	 196.9 	 299 	 223 	 192 	 4267 	-6.8 
 21.41 	 2.14 	 122.1 	 21.16 	 30 	 3.937 	 196.7 	 299 	 223 	 191 	 4266 	-6.8 
 21.61 	 2.16 	 122.1 	 21.53 	 30 	 3.951 	 196.4 	 300 	 222 	 191 	 4264 	-7 
 21.82 	 2.18 	 122.2 	 22.07 	 31 	 3.98 	 196.8 	 300 	 223 	 191 	 4266 	-7 
 22.02 	 2.2 	 122.2 	 22.23 	 32 	 3.985 	 196.7 	 299 	 223 	 192 	 4266 	-6.8 
 22.22 	 2.22 	 122.2 	 22.47 	 32 	 3.993 	 196.9 	 299 	 223 	 191 	 4266 	-6.8 
 22.42 	 2.24 	 122 	 22.6 	 32 	 4.007 	 196.7 	 299 	 223 	 192 	 4267 	-6.8 
 22.62 	 2.26 	 122.2 	 23.03 	 32 	 4.009 	 196.4 	 299 	 223 	 192 	 4265 	-6.8 
 22.83 	 2.28 	 122.2 	 23.04 	 33 	 4.032 	 196.6 	 299 	 223 	 191 	 4266 	-6.5 
 23.03 	 2.3 	 122.1 	 23.15 	 33 	 4.005 	 196.8 	 300 	 223 	 191 	 4268 	-6.6 
 23.23 	 2.32 	 122.2 	 23.25 	 33 	 4.042 	 196.8 	 299 	 223 	 191 	 4266 	-6.5 
 23.43 	 2.34 	 122.2 	 23.25 	 33 	 4.036 	 196.9 	 300 	 223 	 191 	 4266 	-6.6 
 23.63 	 2.36 	 122.2 	 23.34 	 32 	 4.037 	 196.8 	 300 	 223 	 192 	 4266 	-6.6 
 23.84 	 2.38 	 122.1 	 23.27 	 33 	 4.044 	 197 	 299 	 223 	 191 	 4264 	-6.8 
 24.04 	 2.4 	 122.2 	 23.42 	 33 	 4.045 	 196.7 	 299 	 223 	 191 	 4266 	-6.9 
 24.24 	 2.42 	 122.2 	 23.2 	 33 	 4.044 	 196.7 	 299 	 223 	 192 	 4265 	-6.3 
 24.44 	 2.44 	 122.2 	 23.3 	 33 	 4.057 	 196.7 	 300 	 223 	 191 	 4268 	-6.6 
 24.64 	 2.46 	 122 	 23.19 	 33 	 4.041 	 196.5 	 299 	 224 	 192 	 4266 	-6.6 
 24.85 	 2.48 	 122.3 	 23 	 32 	 4.048 	 196.8 	 299 	 224 	 192 	 4266 	-6.5 
 25.05 	 2.5 	 122.2 	 22.84 	 32 	 4.053 	 196.9 	 300 	 223 	 191 	 4265 	-6.9 
 25.25 	 2.52 	 122.2 	 22.32 	 31 	 4.012 	 196.7 	 300 	 223 	 191 	 4267 	-6.8 
 25.45 	 2.54 	 122.2 	 22.01 	 31 	 4.005 	 196.7 	 299 	 223 	 191 	 4265 	-7 
 25.65 	 2.56 	 122.1 	 21.84 	 30 	 3.992 	 196.4 	 299 	 223 	 191 	 4267 	-6.6 
 25.86 	 2.58 	 122.2 	 21.51 	 30 	 3.98 	 197 	 299 	 224 	 191 	 4265 	-6.5 
 26.06 	 2.6 	 122.1 	 20.97 	 29 	 3.941 	 196.7 	 300 	 223 	 191 	 4267 	-6.8 
 26.26 	 2.62 	 122.1 	 20.62 	 29 	 3.948 	 196.8 	 300 	 222 	 191 	 4266 	-6.5 
 26.46 	 2.64 	 122.1 	 20.33 	 28 	 3.932 	 196.7 	 300 	 223 	 191 	 4265 	-6.8 
 26.66 	 2.66 	 122.1 	 19.75 	 28 	 3.918 	 197 	 300 	 223 	 191 	 4265 	-7 
 26.87 	 2.68 	 122 	 19.54 	 28 	 3.91 	 196.7 	 300 	 223 	 191 	 4266 	-7 
 27.07 	 2.7 	 122.1 	 19.18 	 27 	 3.9 	 196.7 	 299 	 223 	 191 	 4265 	-6.6 
 27.27 	 2.72 	 122 	 19.07 	 26 	 3.896 	 196.7 	 299 	 223 	 191 	 4267 	-6.8 
 27.47 	 2.74 	 122 	 18.86 	 26 	 3.878 	 196.8 	 300 	 223 	 191 	 4266 	-6.4 
 27.67 	 2.76 	 122 	 18.62 	 26 	 3.87 	 197.2 	 300 	 223 	 191 	 4266 	-6.5 
 27.88 	 2.78 	 122.1 	 18.44 	 26 	 3.882 	 197 	 299 	 222 	 191 	 4266 	-6.6 
 28.08 	 2.8 	 121.9 	 18.31 	 26 	 3.863 	 196.9 	 300 	 223 	 191 	 4266 	-6.9 
 28.28 	 2.82 	 122 	 18.3 	 26 	 3.86 	 196.9 	 300 	 223 	 191 	 4265 	-6.8 
 28.48 	 2.84 	 122 	 18.23 	 26 	 3.852 	 196.7 	 300 	 223 	 191 	 4266 	-6.6 
 28.68 	 2.86 	 122 	 18.3 	 26 	 3.863 	 196.9 	 300 	 223 	 191 	 4266 	-6.8 
 28.89 	 2.88 	 122 	 18.27 	 26 	 3.857 	 197.1 	 300 	 223 	 191 	 4265 	-6.6 
 29.09 	 2.9 	 122 	 18.21 	 26 	 3.855 	 197 	 300 	 223 	 191 	 4266 	-6.6 
 29.29 	 2.92 	 122 	 18.27 	 26 	 3.861 	 196.6 	 300 	 223 	 191 	 4268 	-7 
 29.49 	 2.94 	 122.1 	 18.3 	 26 	 3.856 	 196.8 	 300 	 223 	 191 	 4265 	-6.6 
 29.69 	 2.96 	 122 	 18.43 	 26 	 3.873 	 196.8 	 300 	 223 	 191 	 4268 	-6.6 
 29.9 	 2.99 	 122 	 18.62 	 27 	 3.867 	 196.6 	 300 	 223 	 191 	 4268 	-6.8 
 30.1 	 3.01 	 122.1 	 18.9 	 27 	 3.87 	 196.7 	 300 	 223 	 191 	 4268 	-6.3 
 30.3 	 3.03 	 122 	 19.11 	 27 	 3.879 	 196.6 	 299 	 223 	 191 	 4265 	-6.3 
 30.5 	 3.05 	 122 	 19.35 	 28 	 3.873 	 196.7 	 299 	 223 	 191 	 4267 	-6.8 
 30.7 	 3.07 	 122.2 	 19.64 	 28 	 3.883 	 196.8 	 299 	 222 	 191 	 4264 	-6.6 
 30.91 	 3.09 	 122.1 	 20.3 	 29 	 3.917 	 196.8 	 300 	 223 	 191 	 4266 	-6.6 
 31.11 	 3.11 	 122.1 	 20.51 	 30 	 3.937 	 196.9 	 299 	 223 	 192 	 4266 	-6.1 
 31.31 	 3.13 	 122.1 	 20.62 	 30 	 3.932 	 196.7 	 299 	 223 	 191 	 4266 	-6.5 
 31.51 	 3.15 	 122.1 	 21.44 	 30 	 3.982 	 196.5 	 299 	 223 	 191 	 4266 	-6.5 
 31.71 	 3.17 	 122.1 	 21.69 	 31 	 3.992 	 196.6 	 299 	 223 	 192 	 4266 	-6.5 
 31.92 	 3.19 	 122.2 	 21.94 	 31 	 4.001 	 196.5 	 300 	 223 	 192 	 4265 	-6.6 
 32.12 	 3.21 	 122.1 	 22.51 	 31 	 4 	 196.7 	 300 	 223 	 192 	 4266 	-6.4 
 32.32 	 3.23 	 122.2 	 22.56 	 32 	 4.016 	 196.9 	 300 	 223 	 191 	 4266 	-6.8 
 32.52 	 3.25 	 122.1 	 22.75 	 32 	 4.034 	 197 	 299 	 223 	 192 	 4266 	-6.5 
 32.72 	 3.27 	 122.2 	 22.87 	 33 	 4.026 	 196.6 	 299 	 223 	 191 	 4267 	-6.5 
 32.93 	 3.29 	 122.2 	 23.08 	 32 	 4.04 	 196.7 	 299 	 223 	 192 	 4265 	-6.5 
 33.13 	 3.31 	 122.2 	 23.28 	 33 	 4.05 	 196.8 	 299 	 223 	 192 	 4264 	-6.6 
 33.33 	 3.33 	 122.2 	 23.33 	 33 	 4.058 	 196.7 	 300 	 223 	 192 	 4266 	-6.6 
 33.53 	 3.35 	 122.3 	 23.35 	 33 	 4.052 	 196.6 	 300 	 223 	 191 	 4265 	-6.8 
 33.73 	 3.37 	 122.2 	 23.33 	 33 	 4.052 	 196.9 	 299 	 224 	 191 	 4266 	-6.8 
 33.94 	 3.39 	 122.1 	 23.39 	 33 	 4.053 	 196.9 	 300 	 224 	 192 	 4265 	-6.6 
 34.14 	 3.41 	 122.2 	 23.36 	 33 	 4.063 	 196.7 	 299 	 223 	 192 	 4266 	-6.5 
 34.34 	 3.43 	 122.2 	 23.28 	 33 	 4.072 	 196.9 	 299 	 223 	 192 	 4266 	-6.5 
 34.54 	 3.45 	 122.2 	 23.27 	 33 	 4.064 	 196.6 	 300 	 224 	 192 	 4267 	-6.9 
 34.74 	 3.47 	 122.2 	 23.14 	 32 	 4.069 	 196.7 	 299 	 224 	 192 	 4268 	-6.6 
 34.95 	 3.49 	 122.3 	 22.69 	 32 	 4.067 	 196.8 	 300 	 223 	 191 	 4266 	-6.9 
 35.15 	 3.51 	 122.2 	 22.52 	 32 	 4.045 	 196.7 	 299 	 223 	 191 	 4265 	-6.6 
 35.35 	 3.53 	 122.2 	 22.38 	 31 	 4.052 	 196.9 	 299 	 223 	 192 	 4266 	-6.9 
 35.55 	 3.55 	 122.2 	 22.12 	 31 	 4.05 	 196.9 	 299 	 224 	 191 	 4265 	-6.5 
 35.75 	 3.57 	 122.3 	 21.61 	 30 	 4.017 	 196.8 	 300 	 223 	 191 	 4267 	-7 
 35.96 	 3.59 	 122.1 	 21.22 	 29 	 4.015 	 196.7 	 299 	 223 	 191 	 4266 	-6.5 
 36.16 	 3.61 	 122.1 	 20.92 	 29 	 4.003 	 197.1 	 300 	 223 	 191 	 4266 	-6.8 
 36.36 	 3.63 	 122.2 	 20.32 	 28 	 3.986 	 196.9 	 300 	 223 	 191 	 4266 	-6.9 
 36.56 	 3.65 	 122.1 	 20 	 28 	 3.95 	 196.6 	 299 	 223 	 191 	 4264 	-6.6 
 36.76 	 3.67 	 122 	 19.83 	 28 	 3.908 	 196.8 	 300 	 223 	 191 	 4265 	-6.8 
 36.97 	 3.69 	 122.1 	 19.22 	 27 	 3.905 	 196.6 	 299 	 223 	 191 	 4267 	-6.8 
 37.17 	 3.71 	 122.1 	 19.07 	 27 	 3.882 	 196.6 	 300 	 223 	 191 	 4265 	-6.9 
 37.37 	 3.73 	 122.1 	 18.85 	 27 	 3.877 	 196.8 	 300 	 223 	 191 	 4265 	-6.8 
 37.57 	 3.75 	 122.1 	 18.77 	 26 	 3.865 	 196.7 	 300 	 223 	 191 	 4267 	-7.1 
 37.77 	 3.77 	 122 	 18.51 	 26 	 3.862 	 196.7 	 300 	 223 	 191 	 4266 	-6.5 
 37.98 	 3.79 	 122.1 	 18.46 	 26 	 3.858 	 196.8 	 300 	 223 	 191 	 4265 	-6.9 
 38.18 	 3.81 	 122 	 18.31 	 26 	 3.867 	 196.8 	 300 	 223 	 191 	 4266 	-7.1 
 38.38 	 3.83 	 122.1 	 18.22 	 25 	 3.853 	 196.9 	 299 	 223 	 191 	 4266 	-6.6 
 38.58 	 3.85 	 122 	 18.31 	 26 	 3.842 	 196.9 	 300 	 223 	 191 	 4266 	-6.9 
 38.78 	 3.87 	 122 	 18.21 	 26 	 3.85 	 197 	 299 	 223 	 192 	 4265 	-6.6 
 38.99 	 3.89 	 122 	 18.22 	 26 	 3.847 	 196.7 	 300 	 223 	 191 	 4265 	-6.9 
 39.19 	 3.91 	 122 	 18.28 	 26 	 3.827 	 196.9 	 300 	 223 	 191 	 4265 	-7 
 39.39 	 3.93 	 122.1 	 18.24 	 26 	 3.858 	 196.7 	 300 	 223 	 191 	 4267 	-6.8 
 39.59 	 3.95 	 122 	 18.34 	 26 	 3.852 	 196.8 	 300 	 223 	 191 	 4267 	-6.9 
 39.79 	 3.98 	 122 	 18.57 	 26 	 3.853 	 196.7 	 299 	 223 	 191 	 4265 	-6.8 
 40 	 4 	 122.1 	 18.68 	 27 	 3.866 	 196.9 	 300 	 223 	 191 	 4266 	-6.6 
 40.2 	 4.02 	 122.1 	 19 	 27 	 3.868 	 196.7 	 300 	 223 	 191 	 4263 	-6.9 
 40.4 	 4.04 	 122 	 19.33 	 28 	 3.884 	 196.7 	 300 	 223 	 191 	 4267 	-7 
 40.6 	 4.06 	 122.1 	 19.51 	 28 	 3.895 	 197 	 300 	 223 	 191 	 4267 	-7 
 40.8 	 4.08 	 122.1 	 19.94 	 29 	 3.906 	 196.9 	 299 	 223 	 192 	 4268 	-6.8 
 41.01 	 4.1 	 122 	 20.22 	 30 	 3.888 	 196.9 	 299 	 223 	 191 	 4267 	-6.6 
 41.21 	 4.12 	 122.1 	 20.93 	 30 	 3.947 	 196.8 	 300 	 223 	 192 	 4266 	-6.9 
 41.41 	 4.14 	 122.2 	 21.21 	 31 	 3.951 	 196.5 	 299 	 223 	 192 	 4265 	-6.5 
 41.61 	 4.16 	 122.1 	 21.43 	 31 	 3.956 	 196.8 	 299 	 223 	 192 	 4267 	-6.6 
 41.81 	 4.18 	 122.2 	 22.06 	 31 	 3.989 	 196.9 	 299 	 223 	 192 	 4265 	-6.9 
 42.02 	 4.2 	 122.1 	 22.32 	 32 	 3.977 	 196.8 	 299 	 223 	 191 	 4268 	-6.6 
 42.22 	 4.22 	 122.2 	 22.6 	 32 	 3.99 	 197 	 299 	 223 	 191 	 4265 	-7 
 42.42 	 4.24 	 122.2 	 22.62 	 32 	 4.025 	 196.8 	 300 	 224 	 192 	 4265 	-6.1 
 42.62 	 4.26 	 122.1 	 22.97 	 33 	 4.038 	 196.8 	 299 	 224 	 191 	 4268 	-6.6 
 42.82 	 4.28 	 122.2 	 23.06 	 33 	 4.045 	 196.7 	 300 	 224 	 192 	 4264 	-7 
 43.03 	 4.3 	 122.2 	 23.2 	 33 	 4.05 	 196.8 	 299 	 223 	 192 	 4266 	-6.6 
 43.23 	 4.32 	 122.1 	 23.33 	 33 	 4.058 	 196.8 	 300 	 223 	 191 	 4266 	-6.6 
 43.43 	 4.34 	 122.2 	 23.31 	 33 	 4.066 	 196.7 	 300 	 224 	 192 	 4266 	-6.9 
 43.63 	 4.36 	 122.2 	 23.27 	 33 	 4.054 	 196.9 	 300 	 223 	 192 	 4265 	-6.9 
 43.83 	 4.38 	 122.2 	 23.37 	 33 	 4.077 	 196.7 	 299 	 224 	 192 	 4266 	-6.4 
 44.04 	 4.4 	 122.2 	 23.32 	 33 	 4.077 	 196.9 	 299 	 223 	 192 	 4268 	-6.8 
 44.24 	 4.42 	 122.2 	 23.4 	 34 	 4.073 	 197.1 	 300 	 224 	 192 	 4265 	-6.8 
 44.44 	 4.44 	 122.2 	 23.38 	 33 	 4.065 	 196.7 	 299 	 224 	 192 	 4266 	-6.8 
 44.64 	 4.46 	 122.2 	 23.27 	 33 	 4.022 	 196.6 	 300 	 223 	 191 	 4263 	-6.5 
 44.84 	 4.48 	 122.2 	 23.07 	 32 	 4.029 	 196.5 	 300 	 224 	 192 	 4267 	-6.8 
 45.05 	 4.5 	 122.1 	 22.7 	 32 	 4.018 	 196.8 	 300 	 224 	 192 	 4266 	-6.9 
 45.25 	 4.52 	 122.1 	 22.42 	 31 	 3.997 	 197 	 300 	 224 	 192 	 4264 	-6.5 
 45.45 	 4.54 	 122 	 22.09 	 31 	 3.995 	 196.5 	 299 	 223 	 192 	 4268 	-6.8 
 45.65 	 4.56 	 122.1 	 21.84 	 30 	 3.986 	 196.7 	 300 	 223 	 191 	 4268 	-7.1 
 45.85 	 4.58 	 122.2 	 21.46 	 30 	 3.984 	 196.9 	 299 	 223 	 191 	 4265 	-6.9 
 46.06 	 4.6 	 122.1 	 20.9 	 29 	 3.965 	 196.9 	 300 	 224 	 191 	 4266 	-6.5 
 46.26 	 4.62 	 122.1 	 20.56 	 29 	 3.943 	 197 	 300 	 223 	 192 	 4266 	-6.9 
 46.46 	 4.64 	 122.1 	 20.23 	 28 	 3.927 	 196.7 	 300 	 223 	 192 	 4264 	-6.8 
 46.66 	 4.66 	 122 	 19.73 	 28 	 3.911 	 196.7 	 300 	 222 	 191 	 4266 	-6.9 
 46.86 	 4.68 	 122.1 	 19.54 	 27 	 3.916 	 197.1 	 300 	 223 	 191 	 4268 	-6.6 
 47.07 	 4.7 	 122.1 	 19.37 	 27 	 3.896 	 197 	 300 	 223 	 192 	 4265 	-6.9 
 47.27 	 4.72 	 122 	 18.96 	 26 	 3.884 	 196.6 	 299 	 223 	 191 	 4265 	-6.9 
 47.47 	 4.74 	 122.1 	 18.74 	 26 	 3.873 	 196.8 	 300 	 223 	 192 	 4264 	-7 
 47.67 	 4.76 	 122 	 18.64 	 26 	 3.862 	 196.8 	 300 	 223 	 192 	 4266 	-6.5 
 47.87 	 4.78 	 122.1 	 18.41 	 26 	 3.861 	 197.1 	 300 	 223 	 191 	 4267 	-7 
 48.08 	 4.8 	 122 	 18.35 	 26 	 3.86 	 197 	 300 	 223 	 191 	 4266 	-7 
 48.28 	 4.82 	 122 	 18.31 	 26 	 3.861 	 196.8 	 299 	 223 	 191 	 4264 	-6.8 
 48.48 	 4.84 	 122 	 18.35 	 26 	 3.851 	 196.8 	 300 	 223 	 192 	 4269 	-6.8 
 48.68 	 4.86 	 122.1 	 18.22 	 26 	 3.852 	 196.8 	 300 	 223 	 191 	 4266 	-7 
 48.88 	 4.88 	 122 	 18.26 	 26 	 3.857 	 197 	 299 	 223 	 192 	 4268 	-6.5 
 49.09 	 4.9 	 122.1 	 18.26 	 26 	 3.852 	 197 	 300 	 223 	 191 	 4266 	-7 
 49.29 	 4.92 	 122.1 	 18.3 	 26 	 3.852 	 197 	 300 	 224 	 191 	 4267 	-6.9 
 49.49 	 4.94 	 121.9 	 18.32 	 26 	 3.844 	 196.8 	 299 	 223 	 191 	 4266 	-6.9 
 49.69 	 4.97 	 122 	 18.43 	 26 	 3.842 	 196.7 	 300 	 224 	 191 	 4267 	-6.8 
 49.89 	 4.99 	 122.1 	 18.46 	 27 	 3.857 	 196.7 	 299 	 223 	 191 	 4265 	-7 
 50.1 	 5.01 	 122.1 	 18.79 	 27 	 3.876 	 196.8 	 299 	 223 	 192 	 4266 	-6.3 
 50.3 	 5.03 	 122 	 19.08 	 27 	 3.869 	 197 	 300 	 223 	 192 	 4267 	-6.6 
 50.5 	 5.05 	 122 	 19.32 	 28 	 3.883 	 196.8 	 300 	 223 	 191 	 4268 	-6.8 
 50.7 	 5.07 	 122.1 	 19.62 	 28 	 3.883 	 196.8 	 300 	 224 	 192 	 4267 	-6.8 
 50.9 	 5.09 	 122.1 	 20.14 	 29 	 3.922 	 196.7 	 299 	 223 	 192 	 4267 	-6.5 
 51.11 	 5.11 	 122 	 20.43 	 30 	 3.927 	 196.8 	 300 	 224 	 192 	 4267 	-6.8 
 51.31 	 5.13 	 122.1 	 20.95 	 30 	 3.946 	 197 	 299 	 223 	 191 	 4266 	-6.8 
 51.51 	 5.15 	 122.1 	 21.45 	 31 	 3.966 	 196.9 	 299 	 223 	 192 	 4266 	-6.6 
 51.71 	 5.17 	 122.1 	 21.69 	 31 	 3.989 	 196.9 	 299 	 224 	 192 	 4265 	-7 
 51.91 	 5.19 	 122.2 	 21.9 	 32 	 3.988 	 196.8 	 300 	 224 	 192 	 4266 	-7.1 
 52.12 	 5.21 	 122.1 	 22.39 	 32 	 4.015 	 197 	 299 	 223 	 192 	 4266 	-7 
 52.32 	 5.23 	 122.1 	 22.69 	 32 	 4.019 	 196.8 	 299 	 224 	 191 	 4268 	-6.9 
 52.52 	 5.25 	 122.2 	 22.87 	 33 	 4.037 	 196.9 	 300 	 223 	 192 	 4265 	-6.9 
 52.72 	 5.27 	 122.2 	 22.94 	 33 	 4.027 	 196.9 	 300 	 224 	 192 	 4268 	-6.4 
 52.92 	 5.29 	 122.1 	 23.14 	 33 	 4.044 	 196.7 	 300 	 224 	 192 	 4267 	-6.5 
 53.13 	 5.31 	 122.2 	 23.18 	 33 	 4.056 	 196.7 	 300 	 224 	 192 	 4267 	-6.5 
 53.33 	 5.33 	 122.3 	 23.3 	 33 	 4.051 	 196.6 	 300 	 223 	 192 	 4268 	-6.8 
 53.53 	 5.35 	 122.1 	 23.37 	 33 	 4.062 	 197 	 299 	 224 	 192 	 4267 	-7 
 53.73 	 5.37 	 122.2 	 23.4 	 33 	 4.075 	 196.9 	 300 	 224 	 192 	 4268 	-6.6 
 53.93 	 5.39 	 122.3 	 23.47 	 33 	 4.069 	 197 	 300 	 224 	 192 	 4266 	-6.3 
 54.14 	 5.41 	 122.2 	 23.31 	 33 	 4.063 	 196.7 	 299 	 224 	 192 	 4267 	-6.8 
 54.34 	 5.43 	 122.2 	 23.41 	 33 	 4.058 	 196.7 	 300 	 223 	 192 	 4269 	-6.8 
 54.54 	 5.45 	 122.2 	 23.26 	 33 	 4.048 	 196.9 	 300 	 224 	 192 	 4266 	-6.5 
 54.74 	 5.47 	 122.3 	 23.27 	 32 	 4.041 	 196.6 	 300 	 223 	 192 	 4268 	-6.8 
 54.94 	 5.49 	 122.1 	 22.8 	 32 	 4.029 	 196.7 	 299 	 224 	 191 	 4267 	-6.8 
 55.15 	 5.51 	 122.1 	 22.61 	 31 	 4.021 	 197.1 	 300 	 223 	 192 	 4265 	-7 
 55.35 	 5.53 	 122.2 	 22.4 	 31 	 4.039 	 196.8 	 299 	 224 	 192 	 4265 	-6.9 
 55.55 	 5.55 	 122.1 	 21.9 	 31 	 4.019 	 196.7 	 300 	 224 	 192 	 4265 	-6.6 
 55.75 	 5.57 	 122 	 21.56 	 30 	 4.016 	 196.7 	 300 	 223 	 192 	 4269 	-6.6 
 55.95 	 5.59 	 122.2 	 21.22 	 29 	 3.996 	 196.9 	 300 	 224 	 192 	 4267 	-7 
 56.16 	 5.61 	 122.2 	 20.85 	 29 	 3.976 	 197.1 	 299 	 224 	 192 	 4265 	-6.9 
 56.36 	 5.63 	 122.1 	 20.32 	 28 	 3.965 	 196.9 	 299 	 224 	 192 	 4265 	-6.4 
 56.56 	 5.65 	 122.1 	 20.04 	 28 	 3.951 	 196.8 	 299 	 224 	 191 	 4266 	-6.9 
 56.76 	 5.67 	 122.1 	 19.69 	 27 	 3.937 	 196.7 	 300 	 223 	 191 	 4266 	-6.8 
 56.96 	 5.69 	 122.1 	 19.33 	 27 	 3.923 	 196.9 	 299 	 223 	 191 	 4264 	-6.8 
 57.17 	 5.71 	 122 	 19.11 	 27 	 3.915 	 196.8 	 300 	 223 	 191 	 4266 	-6.5 
 57.37 	 5.73 	 122.1 	 18.83 	 27 	 3.917 	 196.6 	 299 	 223 	 192 	 4268 	-6.8 
 57.57 	 5.75 	 122 	 18.62 	 26 	 3.925 	 196.6 	 300 	 223 	 192 	 4266 	-6.9 
 57.77 	 5.77 	 122.1 	 18.57 	 26 	 3.911 	 196.8 	 300 	 223 	 191 	 4267 	-6.6 
 57.97 	 5.79 	 122.2 	 18.47 	 26 	 3.903 	 196.9 	 299 	 223 	 192 	 4265 	-6.6 
 58.18 	 5.81 	 122.1 	 18.36 	 26 	 3.893 	 196.7 	 299 	 223 	 191 	 4264 	-6.9 
 58.38 	 5.83 	 122.1 	 18.21 	 26 	 3.901 	 196.8 	 300 	 223 	 192 	 4266 	-6.9 
 58.58 	 5.85 	 122.1 	 18.27 	 25 	 3.896 	 196.8 	 300 	 223 	 192 	 4268 	-7 
 58.78 	 5.87 	 122.1 	 18.25 	 26 	 3.892 	 196.8 	 300 	 223 	 192 	 4266 	-6.8 
 58.98 	 5.89 	 122.1 	 18.27 	 26 	 3.886 	 196.7 	 300 	 223 	 192 	 4265 	-6.9 
 59.19 	 5.91 	 122 	 18.19 	 26 	 3.894 	 196.8 	 300 	 223 	 191 	 4266 	-6.9 
 59.39 	 5.93 	 122.1 	 18.36 	 26 	 3.88 	 196.7 	 299 	 224 	 192 	 4266 	-6.5 
 59.59 	 5.96 	 122.1 	 18.34 	 26 	 3.886 	 196.7 	 300 	 223 	 192 	 4268 	-6.9 
 59.79 	 5.98 	 122 	 18.48 	 26 	 3.889 	 196.6 	 300 	 223 	 192 	 4268 	-7 
 59.99 	 6 	 122.1 	 18.77 	 26 	 3.893 	 196.8 	 300 	 224 	 191 	 4266 	-6.4 
4 
