时间(S)	振次	轴位移(mm)	力(kN)	应力(kPa)	变形(mm)	侧位移(mm)	围压(kPa)	孔压(kPa)	反压(kPa)	体变(ml)	小体变(ml)
0.00	0.00	 125.9 	 21.66 	 306 	 20.791 	 133.2 	 301 	 213 	 198 	 4683 	-8.3 
 .2 	 .02 	 125.9 	 21.56 	 31 	 20.791 	 133.7 	 301 	 213 	 198 	 4680 	-8.8 
 .4 	 .04 	 125.8 	 21.78 	 31 	 20.773 	 133.7 	 301 	 213 	 198 	 4679 	-8.5 
 .61 	 .06 	 125.9 	 21.83 	 31 	 20.772 	 133.4 	 300 	 212 	 198 	 4681 	-8.4 
 .81 	 .08 	 125.9 	 22.41 	 33 	 20.795 	 133.6 	 301 	 213 	 199 	 4677 	-7.8 
 1.01 	 .1 	 126 	 23.41 	 35 	 20.818 	 132.5 	 300 	 214 	 198 	 4678 	-8.1 
 1.21 	 .12 	 126 	 24.19 	 35 	 20.843 	 132.5 	 300 	 213 	 198 	 4679 	-8.5 
 1.41 	 .14 	 125.9 	 24.93 	 37 	 20.864 	 132.9 	 301 	 213 	 198 	 4678 	-8.1 
 1.62 	 .16 	 125.9 	 26.29 	 38 	 20.884 	 133.6 	 301 	 212 	 199 	 4680 	-8.3 
 1.82 	 .18 	 125.9 	 26.73 	 39 	 20.916 	 134 	 301 	 213 	 198 	 4678 	-8.5 
 2.02 	 .2 	 125.9 	 27.32 	 40 	 20.948 	 133.3 	 301 	 212 	 198 	 4676 	-8.1 
 2.22 	 .22 	 126.1 	 28.14 	 40 	 20.981 	 133.4 	 300 	 212 	 198 	 4679 	-8 
 2.42 	 .24 	 125.9 	 28.44 	 41 	 20.994 	 133.1 	 301 	 212 	 198 	 4678 	-8.5 
 2.63 	 .26 	 126.1 	 28.7 	 41 	 21.024 	 131.9 	 301 	 212 	 198 	 4679 	-8.3 
 2.83 	 .28 	 126.1 	 28.81 	 41 	 21.019 	 132.8 	 301 	 212 	 197 	 4679 	-8.3 
 3.03 	 .3 	 126.1 	 28.92 	 41 	 21.054 	 133.5 	 301 	 213 	 198 	 4678 	-8.6 
 3.23 	 .32 	 126 	 29.02 	 42 	 21.062 	 134 	 302 	 212 	 197 	 4679 	-8.8 
 3.43 	 .34 	 126 	 29 	 41 	 21.057 	 133.1 	 301 	 213 	 197 	 4679 	-8.3 
 3.64 	 .36 	 126.1 	 28.71 	 40 	 21.064 	 133 	 300 	 212 	 197 	 4679 	-8.9 
 3.84 	 .38 	 126.1 	 28.67 	 40 	 21.074 	 132.2 	 301 	 212 	 196 	 4678 	-8.5 
 4.04 	 .4 	 126.1 	 28.69 	 41 	 21.065 	 132.7 	 301 	 212 	 198 	 4678 	-8.8 
 4.24 	 .42 	 126 	 28.64 	 40 	 21.082 	 133.2 	 301 	 212 	 198 	 4680 	-8.3 
 4.44 	 .44 	 126.1 	 28.17 	 40 	 21.057 	 133.4 	 301 	 212 	 196 	 4680 	-8.4 
 4.65 	 .46 	 126.1 	 27.54 	 39 	 21.073 	 133.3 	 301 	 213 	 198 	 4678 	-8.5 
 4.85 	 .48 	 126 	 26.9 	 37 	 21.068 	 132.8 	 301 	 211 	 197 	 4679 	-8 
 5.05 	 .5 	 125.9 	 25.09 	 35 	 21.023 	 132.5 	 301 	 212 	 197 	 4678 	-8.6 
 5.25 	 .52 	 126 	 24.13 	 33 	 21.007 	 132.6 	 301 	 212 	 197 	 4677 	-8.3 
 5.45 	 .54 	 126 	 23.29 	 32 	 20.985 	 133.6 	 301 	 211 	 197 	 4678 	-9 
 5.66 	 .56 	 126.2 	 22.63 	 30 	 20.962 	 133.6 	 300 	 212 	 197 	 4679 	-8.4 
 5.86 	 .58 	 126.1 	 20.85 	 29 	 20.917 	 133.3 	 301 	 211 	 197 	 4679 	-8 
 6.06 	 .6 	 125.9 	 20.02 	 28 	 20.881 	 133 	 301 	 212 	 197 	 4677 	-8.4 
 6.26 	 .62 	 126 	 19.44 	 26 	 20.855 	 132.5 	 301 	 212 	 198 	 4676 	-8.1 
 6.46 	 .64 	 125.8 	 18.17 	 25 	 20.805 	 132.7 	 301 	 213 	 197 	 4677 	-8.5 
 6.67 	 .66 	 125.8 	 17.74 	 26 	 20.775 	 133.5 	 300 	 213 	 198 	 4678 	-7.8 
 6.87 	 .68 	 125.9 	 17.11 	 23 	 20.76 	 133.7 	 301 	 212 	 197 	 4680 	-8.3 
 7.07 	 .7 	 125.8 	 15.99 	 22 	 20.686 	 133.6 	 299 	 212 	 198 	 4679 	-8.3 
 7.27 	 .72 	 126 	 15.69 	 22 	 20.632 	 133 	 301 	 213 	 198 	 4677 	-7.9 
 7.47 	 .74 	 125.8 	 15.54 	 21 	 20.624 	 132.8 	 300 	 213 	 199 	 4679 	-8.6 
 7.68 	 .76 	 125.7 	 14.94 	 21 	 20.581 	 132.8 	 301 	 213 	 198 	 4678 	-8.5 
 7.88 	 .78 	 125.6 	 14.48 	 21 	 20.561 	 132.7 	 301 	 212 	 199 	 4678 	-8.9 
 8.08 	 .8 	 125.8 	 14.4 	 21 	 20.529 	 133.2 	 300 	 214 	 199 	 4679 	-8.4 
 8.28 	 .82 	 125.7 	 14.34 	 20 	 20.523 	 133.6 	 301 	 214 	 198 	 4677 	-7.8 
 8.48 	 .84 	 125.7 	 14.4 	 20 	 20.508 	 133.4 	 300 	 214 	 199 	 4680 	-8.6 
 8.69 	 .86 	 125.7 	 14.33 	 21 	 20.501 	 133.6 	 300 	 214 	 198 	 4677 	-8 
 8.89 	 .88 	 125.7 	 14.15 	 20 	 20.527 	 132.8 	 300 	 214 	 198 	 4677 	-8.5 
 9.09 	 .9 	 125.7 	 14.51 	 21 	 20.513 	 132.2 	 301 	 214 	 199 	 4680 	-8.6 
 9.29 	 .92 	 125.7 	 14.72 	 22 	 20.5 	 132.6 	 301 	 213 	 200 	 4678 	-7.6 
 9.49 	 .94 	 125.7 	 15.01 	 22 	 20.5 	 133.6 	 300 	 214 	 199 	 4677 	-8.6 
 9.7 	 .96 	 125.7 	 15.65 	 23 	 20.532 	 133.4 	 301 	 214 	 199 	 4681 	-8.6 
 9.9 	 .99 	 125.8 	 16.96 	 25 	 20.611 	 133.8 	 301 	 214 	 199 	 4678 	-8.5 
 10.1 	 1.01 	 125.7 	 17.92 	 26 	 20.639 	 133.2 	 300 	 214 	 200 	 4680 	-9.1 
 10.3 	 1.03 	 125.8 	 18.46 	 27 	 20.674 	 133.3 	 301 	 214 	 199 	 4677 	-8.6 
 10.5 	 1.05 	 125.9 	 20.2 	 30 	 20.763 	 133 	 300 	 213 	 199 	 4678 	-7.9 
 10.71 	 1.07 	 125.8 	 21.23 	 32 	 20.798 	 133 	 300 	 213 	 199 	 4679 	-8.4 
 10.91 	 1.09 	 126 	 22.28 	 33 	 20.844 	 132.9 	 301 	 214 	 199 	 4678 	-8.1 
 11.11 	 1.11 	 125.9 	 23.26 	 35 	 20.886 	 133.6 	 301 	 214 	 199 	 4679 	-8.5 
 11.31 	 1.13 	 126 	 25.14 	 36 	 20.955 	 133.8 	 301 	 212 	 198 	 4683 	-8.4 
 11.51 	 1.15 	 126.1 	 25.88 	 38 	 20.986 	 133.3 	 301 	 213 	 198 	 4682 	-8.4 
 11.72 	 1.17 	 126 	 26.51 	 37 	 21.027 	 133.4 	 301 	 213 	 197 	 4678 	-8.5 
 11.92 	 1.19 	 126.2 	 27.54 	 40 	 21.061 	 132.9 	 300 	 211 	 197 	 4679 	-8.5 
 12.12 	 1.21 	 126.2 	 28.09 	 41 	 21.083 	 132.4 	 301 	 212 	 197 	 4680 	-7.9 
 12.32 	 1.23 	 126.1 	 28.28 	 41 	 21.113 	 132.6 	 302 	 212 	 197 	 4677 	-8.3 
 12.52 	 1.25 	 126.1 	 28.76 	 41 	 21.125 	 132.9 	 300 	 212 	 198 	 4679 	-8.4 
 12.73 	 1.27 	 126.2 	 29.08 	 42 	 21.155 	 133.3 	 301 	 211 	 197 	 4679 	-8 
 12.93 	 1.29 	 126.2 	 29.22 	 40 	 21.166 	 133 	 301 	 212 	 197 	 4679 	-7.9 
 13.13 	 1.31 	 126.2 	 29.21 	 41 	 21.179 	 134 	 301 	 212 	 196 	 4678 	-7.6 
 13.33 	 1.33 	 126.3 	 29.1 	 41 	 21.181 	 133 	 301 	 211 	 197 	 4681 	-8.5 
 13.53 	 1.35 	 126.1 	 28.98 	 41 	 21.176 	 132.7 	 301 	 211 	 196 	 4675 	-8.1 
 13.74 	 1.37 	 126.3 	 28.97 	 41 	 21.194 	 132 	 302 	 212 	 197 	 4676 	-8.3 
 13.94 	 1.39 	 126.3 	 28.7 	 41 	 21.205 	 133.1 	 301 	 211 	 196 	 4677 	-7.9 
 14.14 	 1.41 	 126.3 	 28.76 	 41 	 21.222 	 133.1 	 301 	 212 	 197 	 4681 	-8.8 
 14.34 	 1.43 	 126.3 	 28.52 	 41 	 21.209 	 133.5 	 301 	 211 	 197 	 4681 	-8.9 
 14.54 	 1.45 	 126.4 	 28.36 	 39 	 21.204 	 133.7 	 301 	 211 	 197 	 4679 	-8.5 
 14.75 	 1.47 	 126.2 	 27.04 	 37 	 21.207 	 133.4 	 300 	 211 	 197 	 4675 	-8.8 
 14.95 	 1.49 	 126.2 	 26.17 	 37 	 21.154 	 132.9 	 301 	 210 	 197 	 4682 	-7.9 
 15.15 	 1.51 	 126.2 	 25.15 	 33 	 21.154 	 132.4 	 301 	 212 	 197 	 4679 	-8.1 
 15.35 	 1.53 	 126.3 	 23.51 	 33 	 21.111 	 132.9 	 301 	 212 	 196 	 4677 	-8.4 
 15.55 	 1.55 	 126.1 	 22.82 	 31 	 21.097 	 132.8 	 301 	 211 	 196 	 4677 	-7.9 
 15.76 	 1.57 	 126.2 	 21.85 	 30 	 21.071 	 133.6 	 301 	 212 	 196 	 4678 	-8.5 
 15.96 	 1.59 	 126.2 	 21.16 	 29 	 21.044 	 133.4 	 300 	 212 	 196 	 4679 	-8.3 
 16.16 	 1.61 	 126 	 19.61 	 27 	 21.006 	 133.6 	 300 	 211 	 197 	 4681 	-8.4 
 16.36 	 1.63 	 126.1 	 18.89 	 26 	 20.952 	 133.6 	 300 	 212 	 197 	 4680 	-7.8 
 16.56 	 1.65 	 125.9 	 18.17 	 25 	 20.938 	 132.9 	 300 	 212 	 197 	 4677 	-8.8 
 16.77 	 1.67 	 126 	 17.18 	 24 	 20.886 	 132.6 	 301 	 212 	 197 	 4679 	-8.1 
 16.97 	 1.69 	 126 	 16.68 	 23 	 20.847 	 132.1 	 301 	 213 	 198 	 4679 	-8.5 
 17.17 	 1.71 	 125.9 	 16.24 	 22 	 20.806 	 133.4 	 300 	 212 	 197 	 4680 	-8.3 
 17.37 	 1.73 	 125.9 	 15.72 	 22 	 20.789 	 133.7 	 300 	 213 	 197 	 4679 	-8.3 
 17.57 	 1.75 	 125.8 	 15.06 	 21 	 20.706 	 133.7 	 301 	 213 	 198 	 4679 	-8.5 
 17.78 	 1.77 	 125.9 	 14.74 	 20 	 20.682 	 133.7 	 299 	 214 	 198 	 4678 	-8 
 17.98 	 1.79 	 125.7 	 14.56 	 21 	 20.669 	 133 	 300 	 213 	 199 	 4681 	-8.4 
 18.18 	 1.81 	 125.8 	 14.52 	 20 	 20.634 	 132.8 	 300 	 214 	 199 	 4681 	-8.1 
 18.38 	 1.83 	 125.8 	 14.43 	 21 	 20.634 	 132.4 	 300 	 213 	 199 	 4679 	-8.1 
 18.58 	 1.85 	 125.8 	 14.47 	 21 	 20.63 	 132.9 	 300 	 214 	 200 	 4678 	-8.3 
 18.79 	 1.87 	 125.8 	 14.36 	 20 	 20.628 	 133.3 	 300 	 214 	 199 	 4681 	-8.4 
 18.99 	 1.89 	 125.8 	 14.53 	 19 	 20.623 	 133 	 300 	 213 	 199 	 4679 	-8.1 
 19.19 	 1.91 	 125.9 	 14.52 	 21 	 20.621 	 133.6 	 300 	 214 	 198 	 4678 	-7.9 
 19.39 	 1.93 	 125.7 	 14.68 	 22 	 20.627 	 133.5 	 300 	 214 	 198 	 4678 	-8.5 
 19.59 	 1.95 	 125.8 	 15.59 	 23 	 20.641 	 132.8 	 301 	 214 	 200 	 4679 	-8.8 
 19.8 	 1.97 	 125.8 	 16.33 	 24 	 20.694 	 132.2 	 300 	 214 	 199 	 4679 	-8.8 
 20 	 2 	 125.9 	 17.11 	 25 	 20.701 	 132.6 	 300 	 214 	 199 	 4679 	-8.6 
 20.2 	 2.02 	 126 	 18.61 	 27 	 20.784 	 133.1 	 300 	 214 	 199 	 4679 	-8.5 
 20.4 	 2.04 	 125.9 	 19.48 	 28 	 20.839 	 133.3 	 299 	 213 	 199 	 4679 	-8.3 
 20.6 	 2.06 	 126 	 20.51 	 30 	 20.872 	 133.6 	 299 	 214 	 199 	 4681 	-8.3 
 20.81 	 2.08 	 126.1 	 21.21 	 32 	 20.906 	 133.6 	 300 	 213 	 199 	 4679 	-8.6 
 21.01 	 2.1 	 126.2 	 23.06 	 34 	 21.01 	 133.2 	 300 	 214 	 198 	 4679 	-8.5 
 21.21 	 2.12 	 126.2 	 24.18 	 36 	 21.04 	 133.2 	 299 	 213 	 198 	 4680 	-8.4 
 21.41 	 2.14 	 126.2 	 24.73 	 37 	 21.087 	 132.5 	 300 	 213 	 198 	 4679 	-8.8 
 21.61 	 2.16 	 126.2 	 26.31 	 38 	 21.122 	 132.7 	 300 	 212 	 198 	 4679 	-8.6 
 21.82 	 2.18 	 126.3 	 26.92 	 38 	 21.159 	 132.8 	 301 	 212 	 198 	 4681 	-8.1 
 22.02 	 2.2 	 126.2 	 27.54 	 40 	 21.191 	 133.4 	 301 	 211 	 198 	 4680 	-8.5 
 22.22 	 2.22 	 126.2 	 28.28 	 41 	 21.212 	 133.9 	 300 	 212 	 197 	 4678 	-8.1 
 22.42 	 2.24 	 126.4 	 28.62 	 41 	 21.225 	 133.4 	 300 	 212 	 196 	 4681 	-8.8 
 22.62 	 2.26 	 126.3 	 28.84 	 40 	 21.27 	 133.1 	 301 	 211 	 197 	 4678 	-8.6 
 22.83 	 2.28 	 126.4 	 29.18 	 41 	 21.273 	 132.8 	 300 	 211 	 196 	 4678 	-8.8 
 23.03 	 2.3 	 126.4 	 29.15 	 42 	 21.308 	 132.5 	 301 	 211 	 196 	 4677 	-8.3 
 23.23 	 2.32 	 126.3 	 29.16 	 42 	 21.307 	 132.1 	 301 	 211 	 197 	 4680 	-7.9 
 23.43 	 2.34 	 126.4 	 29.1 	 41 	 21.306 	 133.1 	 300 	 211 	 196 	 4680 	-7.5 
 23.63 	 2.36 	 126.4 	 29 	 41 	 21.318 	 133.4 	 301 	 212 	 196 	 4680 	-8.3 
 23.84 	 2.38 	 126.4 	 28.81 	 40 	 21.322 	 133.7 	 301 	 211 	 196 	 4681 	-8.1 
 24.04 	 2.4 	 126.4 	 28.92 	 41 	 21.335 	 133.6 	 301 	 211 	 197 	 4680 	-7.6 
 24.24 	 2.42 	 126.3 	 28.82 	 41 	 21.311 	 132.7 	 300 	 211 	 196 	 4679 	-8.3 
 24.44 	 2.44 	 126.3 	 28.41 	 40 	 21.329 	 132.4 	 301 	 211 	 197 	 4678 	-8.1 
 24.64 	 2.46 	 126.4 	 27.8 	 38 	 21.33 	 132.7 	 301 	 211 	 196 	 4682 	-8.3 
 24.85 	 2.48 	 126.4 	 26.98 	 36 	 21.314 	 133.3 	 300 	 211 	 196 	 4678 	-8.8 
 25.05 	 2.5 	 126.4 	 25.26 	 35 	 21.265 	 133.4 	 300 	 211 	 197 	 4680 	-8.5 
 25.25 	 2.52 	 126.4 	 24.47 	 34 	 21.268 	 133.7 	 300 	 212 	 197 	 4678 	-8.4 
 25.45 	 2.54 	 126.3 	 23.52 	 33 	 21.23 	 134 	 301 	 211 	 196 	 4677 	-8.3 
 25.65 	 2.56 	 126.2 	 22.81 	 30 	 21.227 	 133.7 	 301 	 211 	 196 	 4679 	-8.3 
 25.86 	 2.58 	 126.2 	 21.21 	 28 	 21.162 	 132.9 	 301 	 212 	 197 	 4679 	-8.3 
 26.06 	 2.6 	 126.3 	 20.21 	 28 	 21.151 	 132.5 	 300 	 210 	 197 	 4677 	-8.4 
 26.26 	 2.62 	 126.2 	 19.67 	 26 	 21.122 	 132.7 	 300 	 212 	 197 	 4679 	-8 
 26.46 	 2.64 	 126.2 	 18.34 	 25 	 21.062 	 133.6 	 300 	 212 	 198 	 4680 	-8.4 
 26.66 	 2.66 	 126.1 	 17.72 	 25 	 21.011 	 133.9 	 300 	 212 	 197 	 4677 	-8.5 
 26.87 	 2.68 	 126.1 	 17.32 	 24 	 20.997 	 133.3 	 300 	 211 	 198 	 4680 	-8.3 
 27.07 	 2.7 	 126.1 	 16.22 	 23 	 20.936 	 133.4 	 299 	 212 	 199 	 4679 	-7.9 
 27.27 	 2.72 	 125.9 	 15.82 	 22 	 20.892 	 133 	 300 	 213 	 198 	 4678 	-8.4 
 27.47 	 2.74 	 125.9 	 15.27 	 21 	 20.873 	 132.5 	 300 	 212 	 198 	 4675 	-9 
 27.67 	 2.76 	 126 	 15.24 	 20 	 20.839 	 132.3 	 300 	 213 	 198 	 4679 	-8.6 
 27.88 	 2.78 	 126 	 14.52 	 21 	 20.793 	 133 	 299 	 213 	 198 	 4678 	-8.3 
 28.08 	 2.8 	 126 	 14.44 	 20 	 20.771 	 133.2 	 299 	 213 	 199 	 4679 	-8 
 28.28 	 2.82 	 126 	 14.41 	 20 	 20.75 	 133.3 	 300 	 213 	 199 	 4676 	-8.1 
 28.48 	 2.84 	 126 	 14.25 	 21 	 20.746 	 133.4 	 300 	 213 	 199 	 4678 	-8.6 
 28.68 	 2.86 	 125.9 	 14.43 	 20 	 20.759 	 133 	 300 	 213 	 199 	 4679 	-8.4 
 28.89 	 2.88 	 125.9 	 14.58 	 20 	 20.75 	 132.4 	 301 	 214 	 199 	 4676 	-8.1 
 29.09 	 2.9 	 125.8 	 14.53 	 21 	 20.743 	 132.8 	 300 	 213 	 200 	 4678 	-8.4 
 29.29 	 2.92 	 125.9 	 14.68 	 21 	 20.748 	 132.9 	 300 	 214 	 199 	 4679 	-7.9 
 29.49 	 2.94 	 125.9 	 15.26 	 22 	 20.752 	 133.5 	 300 	 213 	 199 	 4681 	-8.5 
 29.69 	 2.96 	 125.9 	 15.74 	 23 	 20.764 	 133.6 	 299 	 213 	 199 	 4681 	-8.4 
 29.9 	 2.98 	 126 	 17.12 	 25 	 20.832 	 133.6 	 300 	 215 	 198 	 4678 	-8.5 
 30.1 	 3.01 	 126 	 17.96 	 26 	 20.863 	 133 	 300 	 214 	 200 	 4678 	-8.4 
 30.3 	 3.03 	 126 	 18.34 	 28 	 20.901 	 132.7 	 299 	 214 	 199 	 4676 	-9 
 30.5 	 3.05 	 126.1 	 20.12 	 30 	 20.971 	 132.3 	 299 	 213 	 198 	 4682 	-7.9 
 30.7 	 3.07 	 126.1 	 21.23 	 31 	 21.043 	 133.3 	 300 	 214 	 199 	 4678 	-8.4 
 30.91 	 3.09 	 126.2 	 22.26 	 33 	 21.081 	 133.2 	 300 	 214 	 198 	 4679 	-7.9 
 31.11 	 3.11 	 126.1 	 23.15 	 34 	 21.114 	 133.3 	 301 	 213 	 198 	 4678 	-7.8 
 31.31 	 3.13 	 126.2 	 25.02 	 36 	 21.208 	 133.5 	 300 	 213 	 198 	 4680 	-8.3 
 31.51 	 3.15 	 126.3 	 25.75 	 37 	 21.233 	 133 	 301 	 212 	 198 	 4680 	-8.5 
 31.71 	 3.17 	 126.3 	 26.39 	 39 	 21.25 	 132.9 	 301 	 212 	 197 	 4679 	-8.5 
 31.92 	 3.19 	 126.3 	 27.74 	 40 	 21.308 	 130.7 	 301 	 212 	 197 	 4679 	-8.4 
 32.12 	 3.21 	 126.4 	 27.91 	 40 	 21.353 	 132.9 	 300 	 212 	 196 	 4677 	-8.5 
 32.32 	 3.23 	 126.4 	 28.25 	 41 	 21.36 	 133.3 	 301 	 211 	 198 	 4682 	-8.8 
 32.52 	 3.25 	 126.4 	 28.65 	 41 	 21.375 	 133.3 	 302 	 212 	 197 	 4679 	-8.9 
 32.72 	 3.27 	 126.4 	 29.27 	 41 	 21.4 	 134 	 301 	 211 	 197 	 4684 	-8.6 
 32.93 	 3.29 	 126.3 	 29.01 	 42 	 21.432 	 133.5 	 301 	 211 	 197 	 4679 	-8.5 
 33.13 	 3.31 	 126.5 	 29.18 	 41 	 21.437 	 132.4 	 301 	 212 	 196 	 4683 	-8 
 33.33 	 3.33 	 126.5 	 29.29 	 42 	 21.433 	 132.3 	 301 	 211 	 196 	 4678 	-8.1 
 33.53 	 3.35 	 126.5 	 29.05 	 41 	 21.436 	 132.9 	 301 	 212 	 197 	 4681 	-8.6 
 33.73 	 3.37 	 126.4 	 29.03 	 41 	 21.465 	 133 	 301 	 211 	 196 	 4679 	-8.3 
 33.94 	 3.39 	 126.4 	 28.89 	 41 	 21.461 	 133.9 	 301 	 212 	 197 	 4678 	-8.4 
 34.14 	 3.41 	 126.5 	 28.74 	 40 	 21.439 	 133.9 	 301 	 211 	 197 	 4680 	-8.4 
 34.34 	 3.43 	 126.5 	 28.69 	 40 	 21.459 	 133.8 	 301 	 211 	 197 	 4683 	-8.4 
 34.54 	 3.45 	 126.5 	 28.33 	 39 	 21.468 	 133.3 	 301 	 212 	 196 	 4676 	-8.6 
 34.74 	 3.47 	 126.4 	 27 	 37 	 21.452 	 132.3 	 301 	 211 	 196 	 4681 	-8.3 
 34.95 	 3.49 	 126.5 	 25.98 	 35 	 21.412 	 133 	 301 	 211 	 197 	 4679 	-8.8 
 35.15 	 3.51 	 126.5 	 25.18 	 35 	 21.423 	 132.8 	 301 	 211 	 197 	 4678 	-8.5 
 35.35 	 3.53 	 126.4 	 23.58 	 33 	 21.348 	 133.4 	 301 	 211 	 197 	 4679 	-8.3 
 35.55 	 3.55 	 126.4 	 22.78 	 31 	 21.349 	 133.4 	 301 	 211 	 197 	 4679 	-8.5 
 35.75 	 3.57 	 126.5 	 22.04 	 30 	 21.307 	 133.4 	 300 	 211 	 197 	 4681 	-8.3 
 35.96 	 3.59 	 126.4 	 21.12 	 28 	 21.286 	 133 	 301 	 211 	 197 	 4678 	-8.1 
 36.16 	 3.61 	 126.3 	 19.79 	 29 	 21.233 	 131.9 	 300 	 212 	 197 	 4680 	-7.9 
 36.36 	 3.63 	 126.2 	 19.02 	 25 	 21.224 	 133 	 300 	 211 	 197 	 4677 	-8.8 
 36.56 	 3.65 	 126.3 	 18.14 	 24 	 21.165 	 132.7 	 301 	 212 	 197 	 4675 	-8.3 
 36.76 	 3.67 	 126.2 	 17.15 	 24 	 21.123 	 133.3 	 301 	 213 	 198 	 4677 	-8.8 
 36.97 	 3.69 	 126.1 	 16.64 	 22 	 21.083 	 133.5 	 301 	 212 	 198 	 4681 	-7.9 
 37.17 	 3.71 	 126.3 	 16.12 	 22 	 21.057 	 133.5 	 300 	 212 	 198 	 4679 	-9.1 
 37.37 	 3.73 	 126 	 15.66 	 21 	 21.009 	 133.6 	 300 	 213 	 198 	 4679 	-8.6 
 37.57 	 3.75 	 126.1 	 15.18 	 20 	 20.963 	 132.4 	 300 	 213 	 199 	 4678 	-8.1 
 37.77 	 3.77 	 126 	 14.79 	 21 	 20.935 	 132.6 	 301 	 213 	 198 	 4682 	-8.6 
 37.98 	 3.79 	 126 	 14.66 	 20 	 20.901 	 133.1 	 301 	 214 	 198 	 4678 	-8.4 
 38.18 	 3.81 	 126.1 	 14.5 	 20 	 20.892 	 133.9 	 301 	 213 	 199 	 4676 	-8.4 
 38.38 	 3.83 	 126.1 	 14.48 	 21 	 20.865 	 133.6 	 300 	 213 	 199 	 4677 	-8.5 
 38.58 	 3.85 	 126 	 14.38 	 20 	 20.877 	 133.2 	 300 	 213 	 199 	 4679 	-8.3 
 38.78 	 3.87 	 126 	 14.37 	 21 	 20.871 	 132.9 	 300 	 214 	 199 	 4679 	-8.6 
 38.99 	 3.89 	 125.9 	 14.4 	 21 	 20.86 	 132.7 	 300 	 214 	 199 	 4678 	-8.6 
 39.19 	 3.91 	 126.1 	 14.55 	 22 	 20.862 	 132.6 	 300 	 213 	 200 	 4678 	-8.5 
 39.39 	 3.93 	 126 	 14.78 	 21 	 20.887 	 132.7 	 300 	 214 	 199 	 4677 	-8.3 
 39.59 	 3.95 	 126 	 15.63 	 23 	 20.904 	 133.1 	 300 	 214 	 199 	 4679 	-8.5 
 39.79 	 3.97 	 126 	 16.28 	 24 	 20.914 	 133.2 	 300 	 214 	 199 	 4683 	-8.3 
 40 	 4 	 125.9 	 17.13 	 25 	 20.949 	 133.7 	 301 	 214 	 198 	 4678 	-8.1 
 40.2 	 4.02 	 126.1 	 18.79 	 27 	 21.026 	 133.4 	 300 	 214 	 199 	 4673 	-8.5 
 40.4 	 4.04 	 126.1 	 19.23 	 30 	 21.043 	 132.5 	 300 	 214 	 199 	 4681 	-8.8 
 40.6 	 4.06 	 126.2 	 20.3 	 29 	 21.107 	 132.4 	 300 	 214 	 199 	 4678 	-8.3 
 40.8 	 4.08 	 126.2 	 21.21 	 31 	 21.168 	 132.6 	 301 	 214 	 199 	 4681 	-8.1 
 41.01 	 4.1 	 126.3 	 23.14 	 34 	 21.26 	 132.8 	 301 	 213 	 199 	 4680 	-8.4 
 41.21 	 4.12 	 126.2 	 24.06 	 35 	 21.28 	 133.7 	 302 	 213 	 198 	 4680 	-8.4 
 41.41 	 4.14 	 126.3 	 24.69 	 36 	 21.323 	 133.5 	 301 	 213 	 198 	 4678 	-8.4 
 41.61 	 4.16 	 126.5 	 26.46 	 37 	 21.384 	 133.3 	 301 	 213 	 198 	 4678 	-8.1 
 41.81 	 4.18 	 126.3 	 27.03 	 39 	 21.407 	 133.2 	 300 	 213 	 198 	 4677 	-8.9 
 42.02 	 4.2 	 126.5 	 27.56 	 40 	 21.433 	 132.5 	 301 	 211 	 197 	 4681 	-8.4 
 42.22 	 4.22 	 126.5 	 28.55 	 41 	 21.484 	 132.7 	 301 	 212 	 197 	 4680 	-8.6 
 42.42 	 4.24 	 126.5 	 28.78 	 40 	 21.508 	 132.8 	 301 	 211 	 197 	 4679 	-8.1 
 42.62 	 4.26 	 126.4 	 28.75 	 41 	 21.515 	 133.2 	 302 	 211 	 197 	 4680 	-8.5 
 42.82 	 4.28 	 126.5 	 29.23 	 41 	 21.532 	 133.9 	 301 	 211 	 196 	 4682 	-8.6 
 43.03 	 4.3 	 126.6 	 29.25 	 42 	 21.558 	 133.5 	 302 	 211 	 197 	 4681 	-8.6 
 43.23 	 4.32 	 126.6 	 29.3 	 41 	 21.549 	 133.2 	 301 	 210 	 196 	 4680 	-8.1 
 43.43 	 4.34 	 126.5 	 29.27 	 41 	 21.561 	 133.5 	 302 	 211 	 197 	 4678 	-7.9 
 43.63 	 4.36 	 126.6 	 29.07 	 40 	 21.568 	 132.8 	 301 	 212 	 196 	 4679 	-7.9 
 43.83 	 4.38 	 126.7 	 28.83 	 40 	 21.574 	 132.9 	 301 	 212 	 197 	 4679 	-8.4 
 44.04 	 4.4 	 126.5 	 28.85 	 41 	 21.578 	 132.6 	 301 	 211 	 198 	 4678 	-8.5 
 44.24 	 4.42 	 126.7 	 28.8 	 40 	 21.568 	 132.9 	 301 	 210 	 196 	 4678 	-8.6 
 44.44 	 4.44 	 126.6 	 28.45 	 40 	 21.576 	 133.6 	 301 	 211 	 197 	 4680 	-8 
 44.64 	 4.46 	 126.5 	 27.57 	 39 	 21.595 	 133.4 	 301 	 210 	 197 	 4676 	-8.6 
 44.84 	 4.48 	 126.6 	 26.95 	 37 	 21.563 	 134.1 	 302 	 211 	 197 	 4678 	-7.8 
 45.05 	 4.5 	 126.6 	 25.22 	 35 	 21.524 	 133.5 	 302 	 211 	 196 	 4675 	-8.6 
 45.25 	 4.52 	 126.5 	 24.19 	 34 	 21.489 	 132.7 	 301 	 211 	 196 	 4678 	-8.1 
 45.45 	 4.54 	 126.6 	 23.58 	 32 	 21.486 	 133 	 300 	 211 	 196 	 4678 	-8.1 
 45.65 	 4.56 	 126.6 	 22.73 	 31 	 21.468 	 133.1 	 301 	 211 	 197 	 4676 	-8 
 45.85 	 4.58 	 126.4 	 21.04 	 30 	 21.436 	 133.3 	 301 	 212 	 196 	 4677 	-8 
 46.06 	 4.6 	 126.4 	 20.54 	 27 	 21.396 	 133.5 	 301 	 211 	 197 	 4675 	-9.4 
 46.26 	 4.62 	 126.5 	 19.67 	 26 	 21.352 	 133.8 	 301 	 212 	 197 	 4677 	-8.5 
 46.46 	 4.64 	 126.3 	 18.11 	 26 	 21.292 	 133.3 	 300 	 212 	 197 	 4682 	-8.1 
 46.66 	 4.66 	 126.3 	 17.62 	 24 	 21.255 	 132.9 	 300 	 213 	 198 	 4677 	-8.5 
 46.86 	 4.68 	 126.3 	 17.2 	 22 	 21.239 	 132.3 	 300 	 212 	 197 	 4681 	-8 
 47.07 	 4.7 	 126.2 	 16.21 	 23 	 21.169 	 132.5 	 301 	 213 	 199 	 4677 	-9.1 
 47.27 	 4.72 	 126.2 	 15.71 	 22 	 21.13 	 132.8 	 300 	 213 	 198 	 4677 	-8.6 
 47.47 	 4.74 	 126.2 	 15.45 	 21 	 21.106 	 133.4 	 300 	 213 	 198 	 4677 	-8.9 
 47.67 	 4.76 	 126.1 	 15.05 	 21 	 21.08 	 133.5 	 300 	 213 	 199 	 4682 	-8 
 47.87 	 4.78 	 126.2 	 14.59 	 20 	 21.033 	 133.5 	 300 	 214 	 199 	 4682 	-8.8 
 48.08 	 4.8 	 126.2 	 14.49 	 21 	 20.993 	 132.8 	 300 	 213 	 199 	 4675 	-8.4 
 48.28 	 4.82 	 126.2 	 14.36 	 21 	 21.004 	 132.3 	 301 	 214 	 199 	 4678 	-8.8 
 48.48 	 4.84 	 126.1 	 14.48 	 20 	 20.984 	 132.6 	 301 	 213 	 199 	 4678 	-8.3 
 48.68 	 4.86 	 126.3 	 14.5 	 21 	 21.009 	 133.3 	 300 	 214 	 199 	 4681 	-8.3 
 48.88 	 4.88 	 126.1 	 14.63 	 20 	 20.997 	 133.4 	 300 	 214 	 199 	 4683 	-8.4 
 49.09 	 4.9 	 126.1 	 14.54 	 20 	 20.997 	 133.5 	 301 	 214 	 200 	 4677 	-8.6 
 49.29 	 4.92 	 126.1 	 14.81 	 22 	 20.993 	 133.4 	 300 	 214 	 199 	 4680 	-8.6 
 49.49 	 4.94 	 126.1 	 15.35 	 22 	 20.978 	 133.1 	 300 	 214 	 199 	 4678 	-8.4 
 49.69 	 4.97 	 126.1 	 15.59 	 23 	 21.011 	 132.2 	 300 	 214 	 199 	 4677 	-8.6 
 49.89 	 4.99 	 126.2 	 17.01 	 25 	 21.062 	 132.6 	 300 	 214 	 200 	 4678 	-8.1 
 50.1 	 5.01 	 126.2 	 17.85 	 27 	 21.106 	 133.3 	 300 	 214 	 199 	 4678 	-8.4 
 50.3 	 5.03 	 126.2 	 18.59 	 28 	 21.148 	 133 	 300 	 214 	 199 	 4675 	-8.9 
 50.5 	 5.05 	 126.2 	 20.34 	 28 	 21.222 	 133.2 	 301 	 214 	 200 	 4681 	-8.6 
 50.7 	 5.07 	 126.2 	 21.18 	 31 	 21.287 	 133.7 	 301 	 214 	 198 	 4680 	-8.3 
 50.9 	 5.09 	 126.3 	 22.27 	 33 	 21.324 	 132.8 	 300 	 213 	 199 	 4678 	-8.4 
 51.11 	 5.11 	 126.4 	 22.99 	 35 	 21.363 	 132.9 	 300 	 213 	 199 	 4680 	-8 
 51.31 	 5.13 	 126.4 	 25.01 	 37 	 21.431 	 132.1 	 301 	 212 	 198 	 4676 	-8.4 
 51.51 	 5.15 	 126.4 	 25.6 	 37 	 21.48 	 132.8 	 301 	 212 	 198 	 4675 	-8.8 
 51.71 	 5.17 	 126.5 	 26.29 	 39 	 21.513 	 133.2 	 301 	 213 	 197 	 4679 	-8.1 
 51.91 	 5.19 	 126.5 	 27.48 	 40 	 21.561 	 133.5 	 300 	 213 	 198 	 4675 	-7.5 
 52.12 	 5.21 	 126.5 	 28.04 	 40 	 21.581 	 133.8 	 300 	 212 	 198 	 4683 	-8.5 
 52.32 	 5.23 	 126.6 	 28.32 	 41 	 21.6 	 132.9 	 301 	 212 	 197 	 4678 	-8.5 
 52.52 	 5.25 	 126.6 	 28.87 	 41 	 21.606 	 132.4 	 302 	 212 	 196 	 4680 	-8.6 
 52.72 	 5.27 	 126.6 	 28.93 	 41 	 21.648 	 132.3 	 301 	 211 	 197 	 4676 	-8.4 
 52.92 	 5.29 	 126.6 	 29.01 	 41 	 21.663 	 133.1 	 301 	 211 	 197 	 4681 	-8.9 
 53.13 	 5.31 	 126.6 	 29.25 	 41 	 21.687 	 133.3 	 301 	 211 	 196 	 4682 	-8.5 
 53.33 	 5.33 	 126.5 	 29.23 	 41 	 21.673 	 133.7 	 301 	 212 	 196 	 4679 	-8.9 
 53.53 	 5.35 	 126.6 	 29.14 	 41 	 21.673 	 134 	 301 	 211 	 196 	 4679 	-8.3 
 53.73 	 5.37 	 126.7 	 29.06 	 40 	 21.706 	 133.2 	 301 	 211 	 196 	 4679 	-8.4 
 53.93 	 5.39 	 126.7 	 29 	 40 	 21.703 	 132.8 	 302 	 212 	 197 	 4677 	-8.3 
 54.14 	 5.41 	 126.7 	 28.84 	 40 	 21.703 	 132.5 	 301 	 211 	 196 	 4678 	-8.5 
 54.34 	 5.43 	 126.7 	 28.66 	 40 	 21.674 	 133.2 	 301 	 211 	 196 	 4682 	-8.6 
 54.54 	 5.45 	 126.7 	 28.47 	 39 	 21.713 	 133.1 	 301 	 211 	 196 	 4678 	-8.3 
 54.74 	 5.47 	 126.7 	 27.04 	 37 	 21.688 	 133.6 	 301 	 211 	 196 	 4679 	-8.5 
 54.94 	 5.49 	 126.7 	 26.13 	 36 	 21.658 	 133.5 	 300 	 212 	 197 	 4678 	-8.9 
 55.15 	 5.51 	 126.7 	 25.13 	 35 	 21.624 	 133.1 	 301 	 211 	 196 	 4679 	-7.9 
 55.35 	 5.53 	 126.7 	 23.46 	 32 	 21.602 	 132.9 	 301 	 211 	 196 	 4682 	-8.5 
 55.55 	 5.55 	 126.5 	 22.64 	 31 	 21.572 	 132.7 	 300 	 211 	 197 	 4680 	-8.5 
 55.75 	 5.57 	 126.6 	 21.83 	 30 	 21.559 	 132.4 	 301 	 212 	 197 	 4677 	-8.8 
 55.95 	 5.59 	 126.7 	 21.12 	 28 	 21.522 	 133.1 	 301 	 212 	 197 	 4678 	-8.6 
 56.16 	 5.61 	 126.4 	 19.71 	 28 	 21.467 	 133.6 	 301 	 211 	 198 	 4678 	-7.8 
 56.36 	 5.63 	 126.5 	 18.96 	 26 	 21.445 	 133.7 	 301 	 212 	 198 	 4676 	-7.8 
 56.56 	 5.65 	 126.4 	 18.14 	 25 	 21.414 	 133.4 	 300 	 211 	 197 	 4678 	-8.5 
 56.76 	 5.67 	 126.5 	 17.32 	 24 	 21.352 	 132.9 	 301 	 213 	 197 	 4679 	-7.6 
 56.96 	 5.69 	 126.4 	 16.57 	 23 	 21.315 	 132.6 	 300 	 212 	 198 	 4677 	-8.4 
 57.17 	 5.71 	 126.4 	 16.34 	 22 	 21.306 	 132.7 	 300 	 213 	 198 	 4681 	-8.6 
 57.37 	 5.73 	 126.4 	 15.33 	 21 	 21.223 	 132.1 	 300 	 213 	 198 	 4679 	-8.3 
 57.57 	 5.75 	 126.4 	 15.03 	 21 	 21.21 	 133.3 	 301 	 213 	 198 	 4677 	-8.5 
 57.77 	 5.77 	 126.4 	 14.88 	 21 	 21.169 	 133.6 	 300 	 213 	 198 	 4679 	-8.6 
 57.97 	 5.79 	 126.2 	 14.62 	 20 	 21.156 	 133.6 	 300 	 213 	 199 	 4680 	-8.4 
 58.18 	 5.81 	 126.2 	 14.38 	 21 	 21.128 	 133.9 	 300 	 214 	 198 	 4678 	-8 
 58.38 	 5.83 	 126.2 	 14.54 	 20 	 21.108 	 133.5 	 300 	 213 	 199 	 4679 	-8.9 
 58.58 	 5.85 	 126.2 	 14.47 	 21 	 21.129 	 133.1 	 300 	 214 	 199 	 4678 	-8 
 58.78 	 5.87 	 126.3 	 14.69 	 20 	 21.106 	 132.6 	 300 	 213 	 199 	 4678 	-8.5 
 58.98 	 5.89 	 126.3 	 14.68 	 20 	 21.115 	 132.9 	 299 	 214 	 198 	 4677 	-8.1 
 59.19 	 5.91 	 126.3 	 14.52 	 21 	 21.112 	 133.5 	 300 	 214 	 199 	 4676 	-8.9 
 59.39 	 5.93 	 126.2 	 14.66 	 21 	 21.103 	 133.7 	 300 	 213 	 199 	 4680 	-8.3 
 59.59 	 5.96 	 126.3 	 15.67 	 23 	 21.125 	 133.9 	 300 	 214 	 199 	 4679 	-8.6 
 59.79 	 5.98 	 126.3 	 16.3 	 24 	 21.143 	 133.7 	 300 	 214 	 199 	 4679 	-8.9 
 59.99 	 6 	 126.2 	 17.07 	 26 	 21.195 	 133.4 	 300 	 214 	 199 	 4681 	-8.4 
 60.2 	 6.02 	 126.3 	 18.64 	 26 	 21.27 	 132.9 	 301 	 215 	 199 	 4677 	-8.6 
 60.4 	 6.04 	 126.4 	 19.48 	 29 	 21.303 	 132.3 	 300 	 214 	 199 	 4682 	-8.3 
 60.6 	 6.06 	 126.4 	 20.3 	 30 	 21.367 	 132.8 	 300 	 214 	 199 	 4678 	-8 
 60.8 	 6.08 	 126.4 	 21.26 	 31 	 21.398 	 132.9 	 301 	 214 	 199 	 4681 	-8.3 
 61 	 6.1 	 126.6 	 23.01 	 34 	 21.468 	 133.7 	 301 	 213 	 199 	 4678 	-8 
 61.21 	 6.12 	 126.6 	 24.06 	 36 	 21.512 	 133.6 	 301 	 213 	 198 	 4679 	-8.8 
 61.41 	 6.14 	 126.6 	 24.87 	 36 	 21.564 	 133.6 	 300 	 213 	 198 	 4675 	-8.4 
 61.61 	 6.16 	 126.6 	 26.56 	 37 	 21.638 	 133.2 	 301 	 213 	 198 	 4677 	-8.5 
 61.81 	 6.18 	 126.5 	 26.83 	 39 	 21.648 	 132.9 	 301 	 212 	 197 	 4678 	-8.5 
 62.01 	 6.2 	 126.7 	 27.7 	 40 	 21.671 	 132.5 	 301 	 212 	 198 	 4678 	-8.5 
 62.22 	 6.22 	 126.7 	 28.35 	 41 	 21.699 	 132.5 	 301 	 213 	 198 	 4679 	-8.4 
 62.42 	 6.24 	 126.7 	 28.5 	 41 	 21.745 	 132.9 	 300 	 212 	 197 	 4679 	-8.6 
 62.62 	 6.26 	 126.8 	 28.88 	 41 	 21.758 	 133.2 	 301 	 212 	 197 	 4678 	-8.6 
 62.82 	 6.28 	 126.7 	 29.14 	 41 	 21.754 	 133.5 	 301 	 212 	 197 	 4678 	-8.3 
 63.02 	 6.3 	 126.8 	 29.17 	 42 	 21.789 	 133.4 	 300 	 212 	 197 	 4680 	-8.6 
 63.23 	 6.32 	 126.8 	 29.32 	 41 	 21.798 	 133.4 	 301 	 211 	 197 	 4679 	-8.4 
 63.43 	 6.34 	 126.8 	 29.23 	 41 	 21.794 	 133.1 	 301 	 212 	 197 	 4677 	-8.5 
 63.63 	 6.36 	 126.9 	 29.02 	 41 	 21.789 	 133.3 	 301 	 212 	 197 	 4681 	-7.9 
 63.83 	 6.38 	 126.9 	 29.01 	 42 	 21.799 	 131.9 	 301 	 211 	 196 	 4680 	-8.1 
 64.03 	 6.4 	 126.9 	 28.78 	 40 	 21.809 	 132.4 	 301 	 211 	 197 	 4678 	-8.8 
 64.24 	 6.42 	 126.9 	 28.75 	 41 	 21.814 	 133.2 	 301 	 212 	 197 	 4682 	-8.4 
 64.44 	 6.44 	 126.8 	 28.46 	 40 	 21.799 	 133.4 	 301 	 211 	 197 	 4677 	-8.5 
 64.64 	 6.46 	 126.7 	 27.75 	 38 	 21.804 	 133.6 	 301 	 211 	 196 	 4676 	-8.3 
 64.84 	 6.48 	 126.9 	 27.07 	 37 	 21.808 	 133.5 	 301 	 211 	 197 	 4679 	-8.6 
 65.04 	 6.5 	 126.8 	 25.46 	 35 	 21.757 	 133.3 	 301 	 212 	 197 	 4678 	-8.3 
 65.25 	 6.52 	 126.7 	 24.31 	 34 	 21.721 	 133.1 	 300 	 211 	 197 	 4678 	-8.3 
 65.45 	 6.54 	 126.8 	 23.44 	 32 	 21.698 	 132.7 	 301 	 211 	 197 	 4680 	-8.5 
 65.65 	 6.56 	 126.7 	 22.55 	 31 	 21.701 	 132.6 	 300 	 211 	 197 	 4681 	-9 
 65.85 	 6.58 	 126.6 	 20.98 	 29 	 21.664 	 133.2 	 301 	 211 	 196 	 4679 	-8.1 
 66.05 	 6.6 	 126.8 	 20.23 	 28 	 21.619 	 133.7 	 299 	 211 	 197 	 4677 	-8.6 
 66.26 	 6.62 	 126.6 	 19.67 	 26 	 21.582 	 133.4 	 301 	 211 	 198 	 4678 	-8.3 
 66.46 	 6.64 	 126.5 	 18.46 	 26 	 21.525 	 133.6 	 301 	 213 	 197 	 4682 	-8.3 
 66.66 	 6.66 	 126.5 	 17.73 	 24 	 21.499 	 133.3 	 301 	 211 	 197 	 4680 	-8.1 
 66.86 	 6.68 	 126.5 	 17.13 	 23 	 21.483 	 133.1 	 300 	 212 	 197 	 4678 	-8.4 
 67.06 	 6.7 	 126.5 	 16.2 	 23 	 21.392 	 132.8 	 301 	 213 	 198 	 4680 	-8.6 
 67.27 	 6.72 	 126.5 	 15.84 	 22 	 21.38 	 132.6 	 300 	 212 	 199 	 4676 	-8.4 
 67.47 	 6.74 	 126.4 	 15.5 	 22 	 21.327 	 132.9 	 300 	 213 	 198 	 4679 	-7.8 
 67.67 	 6.76 	 126.3 	 15.17 	 21 	 21.307 	 133.5 	 300 	 213 	 199 	 4679 	-8.5 
 67.87 	 6.78 	 126.4 	 14.68 	 21 	 21.257 	 133.5 	 300 	 213 	 199 	 4681 	-8 
 68.07 	 6.8 	 126.4 	 14.5 	 20 	 21.256 	 133.5 	 300 	 214 	 198 	 4680 	-8.1 
 68.28 	 6.82 	 126.4 	 14.48 	 20 	 21.244 	 133.7 	 300 	 214 	 198 	 4678 	-8.5 
 68.48 	 6.84 	 126.4 	 14.52 	 20 	 21.217 	 133.4 	 300 	 214 	 199 	 4680 	-8.1 
 68.68 	 6.86 	 126.4 	 14.5 	 21 	 21.225 	 132.6 	 299 	 214 	 199 	 4679 	-8.9 
 68.88 	 6.88 	 126.4 	 14.65 	 21 	 21.21 	 132.4 	 300 	 213 	 199 	 4680 	-8.4 
 69.08 	 6.9 	 126.4 	 14.59 	 21 	 21.214 	 133.1 	 300 	 214 	 199 	 4677 	-8.5 
 69.29 	 6.92 	 126.4 	 14.76 	 22 	 21.232 	 133.5 	 300 	 214 	 199 	 4680 	-8.1 
 69.49 	 6.95 	 126.4 	 15.29 	 21 	 21.231 	 133.7 	 301 	 214 	 199 	 4680 	-8.4 
 69.69 	 6.97 	 126.3 	 15.66 	 24 	 21.233 	 134 	 300 	 214 	 199 	 4678 	-8.3 
 69.89 	 6.99 	 126.4 	 17.01 	 25 	 21.301 	 133.5 	 299 	 215 	 199 	 4678 	-8.9 
 70.09 	 7.01 	 126.4 	 17.64 	 26 	 21.331 	 133.1 	 300 	 215 	 199 	 4683 	-8.9 
 70.3 	 7.03 	 126.4 	 18.41 	 28 	 21.394 	 132.7 	 300 	 214 	 199 	 4677 	-8.4 
 70.5 	 7.05 	 126.5 	 20.38 	 29 	 21.474 	 132.4 	 300 	 214 	 199 	 4679 	-8.8 
 70.7 	 7.07 	 126.5 	 21.35 	 31 	 21.514 	 132.5 	 300 	 214 	 199 	 4678 	-8.6 
 70.9 	 7.09 	 126.5 	 22.2 	 33 	 21.563 	 133.2 	 300 	 214 	 199 	 4680 	-8.3 
 71.1 	 7.11 	 126.7 	 23.25 	 35 	 21.6 	 133.4 	 300 	 213 	 199 	 4677 	-8.4 
 71.31 	 7.13 	 126.7 	 24.96 	 35 	 21.687 	 133.8 	 300 	 212 	 199 	 4680 	-8.5 
 71.51 	 7.15 	 126.8 	 25.69 	 38 	 21.723 	 134 	 301 	 212 	 198 	 4677 	-8.4 
 71.71 	 7.17 	 126.8 	 26.36 	 38 	 21.738 	 133.4 	 301 	 212 	 197 	 4676 	-8.3 
 71.91 	 7.19 	 126.8 	 27.61 	 39 	 21.791 	 133 	 300 	 212 	 197 	 4677 	-7.9 
 72.11 	 7.21 	 126.9 	 27.94 	 40 	 21.814 	 132.8 	 300 	 212 	 197 	 4681 	-8.5 
 72.32 	 7.23 	 126.7 	 28.32 	 40 	 21.811 	 131.9 	 301 	 212 	 197 	 4678 	-8.1 
 72.52 	 7.25 	 126.9 	 28.78 	 41 	 21.851 	 132.6 	 301 	 212 	 198 	 4680 	-8.1 
 72.72 	 7.27 	 126.9 	 29.11 	 41 	 21.878 	 133.2 	 301 	 211 	 197 	 4679 	-8.4 
 72.92 	 7.29 	 126.8 	 29.28 	 42 	 21.879 	 133.4 	 300 	 211 	 197 	 4680 	-8.6 
 73.12 	 7.31 	 126.9 	 29.11 	 42 	 21.908 	 133.5 	 301 	 212 	 197 	 4679 	-8.5 
 73.33 	 7.33 	 126.9 	 29.14 	 41 	 21.907 	 133.3 	 301 	 212 	 197 	 4679 	-8.4 
 73.53 	 7.35 	 126.9 	 29.08 	 41 	 21.921 	 133.4 	 301 	 212 	 197 	 4682 	-9 
 73.73 	 7.37 	 127 	 29.13 	 41 	 21.921 	 132.7 	 301 	 211 	 197 	 4677 	-8.6 
 73.93 	 7.39 	 126.9 	 28.96 	 41 	 21.92 	 132.7 	 300 	 211 	 196 	 4678 	-8.4 
 74.13 	 7.41 	 126.8 	 28.64 	 41 	 21.934 	 132.6 	 301 	 211 	 197 	 4681 	-8.3 
 74.34 	 7.43 	 126.9 	 28.63 	 42 	 21.914 	 133.1 	 301 	 212 	 196 	 4681 	-8.4 
 74.54 	 7.45 	 126.9 	 28.57 	 38 	 21.914 	 133.2 	 301 	 211 	 197 	 4677 	-7.8 
 74.74 	 7.47 	 126.8 	 26.87 	 38 	 21.903 	 133.3 	 301 	 211 	 197 	 4680 	-8.5 
 74.94 	 7.49 	 126.9 	 26.03 	 36 	 21.886 	 133.8 	 301 	 211 	 197 	 4678 	-8 
 75.14 	 7.51 	 126.9 	 25.25 	 34 	 21.872 	 133.4 	 301 	 210 	 197 	 4677 	-8 
 75.35 	 7.53 	 126.8 	 23.48 	 32 	 21.824 	 133.8 	 301 	 211 	 197 	 4679 	-8.4 
 75.55 	 7.55 	 126.9 	 22.6 	 31 	 21.792 	 133 	 301 	 211 	 197 	 4678 	-8 
 75.75 	 7.57 	 126.7 	 21.79 	 29 	 21.78 	 132.4 	 301 	 212 	 197 	 4679 	-8.4 
 75.95 	 7.59 	 126.8 	 21.03 	 28 	 21.741 	 132.3 	 301 	 211 	 197 	 4678 	-8.5 
 76.15 	 7.61 	 126.7 	 19.54 	 27 	 21.689 	 132.7 	 301 	 212 	 198 	 4683 	-8.4 
 76.36 	 7.63 	 126.7 	 18.87 	 26 	 21.658 	 133.1 	 300 	 212 	 197 	 4679 	-8.9 
 76.56 	 7.65 	 126.7 	 18.33 	 24 	 21.64 	 134.2 	 301 	 213 	 197 	 4677 	-8 
 76.76 	 7.67 	 126.7 	 17.22 	 24 	 21.565 	 134.1 	 301 	 213 	 198 	 4679 	-8 
 76.96 	 7.69 	 126.7 	 16.67 	 23 	 21.512 	 133.9 	 301 	 213 	 197 	 4678 	-7.9 
 77.16 	 7.71 	 126.5 	 16.01 	 22 	 21.51 	 133.5 	 300 	 212 	 198 	 4678 	-8.9 
 77.37 	 7.73 	 126.5 	 15.35 	 22 	 21.423 	 132.9 	 300 	 213 	 199 	 4677 	-8.5 
 77.57 	 7.75 	 126.5 	 15.07 	 21 	 21.43 	 133 	 300 	 212 	 199 	 4679 	-8.4 
 77.77 	 7.77 	 126.6 	 14.97 	 20 	 21.382 	 132.2 	 300 	 214 	 199 	 4679 	-8.3 
 77.97 	 7.79 	 126.5 	 14.78 	 20 	 21.348 	 133.1 	 300 	 214 	 198 	 4682 	-8.3 
 78.17 	 7.81 	 126.5 	 14.41 	 20 	 21.347 	 133.6 	 299 	 215 	 199 	 4678 	-8 
 78.38 	 7.83 	 126.6 	 14.4 	 21 	 21.35 	 133.6 	 300 	 214 	 199 	 4678 	-8.3 
 78.58 	 7.85 	 126.5 	 14.64 	 21 	 21.339 	 133.5 	 301 	 214 	 199 	 4677 	-8.8 
 78.78 	 7.87 	 126.4 	 14.54 	 21 	 21.333 	 133.5 	 299 	 213 	 199 	 4680 	-8.3 
 78.98 	 7.89 	 126.4 	 14.52 	 21 	 21.343 	 132.6 	 300 	 214 	 199 	 4679 	-8.5 
 79.18 	 7.91 	 126.4 	 14.55 	 21 	 21.325 	 132.5 	 300 	 214 	 199 	 4680 	-8.4 
 79.39 	 7.93 	 126.5 	 14.91 	 22 	 21.326 	 132.7 	 299 	 214 	 199 	 4679 	-8.1 
 79.59 	 7.96 	 126.5 	 15.5 	 23 	 21.363 	 132.7 	 301 	 214 	 200 	 4680 	-8.4 
 79.79 	 7.98 	 126.6 	 16.38 	 24 	 21.357 	 133.2 	 300 	 214 	 199 	 4680 	-8 
 79.99 	 8 	 126.6 	 17.03 	 25 	 21.397 	 133.6 	 301 	 214 	 200 	 4679 	-8.6 
 80.19 	 8.02 	 126.5 	 18.55 	 27 	 21.488 	 133.3 	 301 	 214 	 199 	 4678 	-8.5 
 80.4 	 8.04 	 126.5 	 19.43 	 28 	 21.528 	 133.1 	 300 	 214 	 199 	 4681 	-8.6 
 80.6 	 8.06 	 126.6 	 20.26 	 30 	 21.562 	 132.8 	 300 	 214 	 199 	 4676 	-8 
 80.8 	 8.08 	 126.6 	 21.31 	 31 	 21.628 	 132.3 	 300 	 213 	 199 	 4677 	-8.6 
 81 	 8.1 	 126.7 	 23.09 	 34 	 21.696 	 132.8 	 301 	 213 	 198 	 4678 	-8.4 
 81.2 	 8.12 	 126.9 	 24 	 35 	 21.737 	 133 	 302 	 213 	 198 	 4679 	-8.5 
 81.41 	 8.14 	 126.6 	 24.86 	 37 	 21.78 	 133.3 	 301 	 213 	 199 	 4678 	-9.1 
 81.61 	 8.16 	 126.8 	 26.53 	 38 	 21.842 	 134.1 	 301 	 213 	 198 	 4679 	-8.1 
 81.81 	 8.18 	 126.9 	 27.06 	 39 	 21.866 	 133.8 	 301 	 213 	 198 	 4680 	-7.9 
 82.01 	 8.2 	 126.9 	 27.55 	 39 	 21.898 	 133.6 	 300 	 212 	 197 	 4674 	-8.4 
 82.21 	 8.22 	 126.8 	 28.26 	 40 	 21.934 	 133.8 	 301 	 212 	 197 	 4680 	-8.5 
 82.42 	 8.24 	 127 	 28.66 	 42 	 21.953 	 132.8 	 301 	 211 	 197 	 4679 	-8.4 
 82.62 	 8.26 	 126.9 	 28.94 	 41 	 21.966 	 132.6 	 301 	 211 	 197 	 4678 	-8.5 
 82.82 	 8.28 	 126.9 	 29.32 	 42 	 21.959 	 132.7 	 301 	 211 	 197 	 4676 	-8.1 
 83.02 	 8.3 	 127.1 	 29.35 	 41 	 22.007 	 133.5 	 301 	 211 	 197 	 4680 	-8.3 
 83.22 	 8.32 	 127 	 29.36 	 42 	 22.015 	 133.8 	 300 	 211 	 196 	 4682 	-8.6 
 83.43 	 8.34 	 127.1 	 29.29 	 42 	 22.008 	 133.8 	 301 	 212 	 197 	 4680 	-8.5 
 83.63 	 8.36 	 127.1 	 28.97 	 41 	 22.005 	 133.7 	 301 	 212 	 197 	 4679 	-8.6 
 83.83 	 8.38 	 126.9 	 28.92 	 41 	 22.006 	 133.4 	 300 	 212 	 197 	 4680 	-8 
 84.03 	 8.4 	 127.1 	 28.9 	 40 	 22.028 	 133.1 	 301 	 212 	 197 	 4678 	-8 
 84.23 	 8.42 	 127.1 	 28.74 	 40 	 22.011 	 132.5 	 302 	 211 	 196 	 4679 	-8.5 
 84.44 	 8.44 	 126.9 	 28.46 	 39 	 22.012 	 132.3 	 300 	 212 	 197 	 4680 	-8.5 
 84.64 	 8.46 	 127 	 27.53 	 38 	 22.017 	 132.7 	 301 	 211 	 197 	 4677 	-8.6 
 84.84 	 8.48 	 127 	 26.91 	 37 	 22.015 	 133.5 	 300 	 212 	 196 	 4677 	-8.4 
 85.04 	 8.5 	 127 	 24.99 	 35 	 21.971 	 133.5 	 301 	 211 	 197 	 4679 	-8.5 
 85.24 	 8.52 	 127.1 	 24.4 	 33 	 21.964 	 133.5 	 301 	 211 	 197 	 4678 	-8.8 
 85.45 	 8.54 	 127 	 23.52 	 32 	 21.938 	 133.4 	 301 	 211 	 197 	 4681 	-8.8 
 85.65 	 8.56 	 126.9 	 21.78 	 30 	 21.883 	 132.8 	 300 	 212 	 197 	 4680 	-8.5 
 85.85 	 8.58 	 126.9 	 21.08 	 29 	 21.878 	 132.7 	 301 	 212 	 197 	 4683 	-8.3 
 86.05 	 8.6 	 126.8 	 20.29 	 28 	 21.827 	 132.5 	 300 	 212 	 197 	 4678 	-8.1 
 86.25 	 8.62 	 126.8 	 19.56 	 26 	 21.802 	 133 	 301 	 212 	 197 	 4677 	-8.4 
 86.46 	 8.64 	 126.8 	 18.22 	 26 	 21.727 	 133.6 	 301 	 212 	 198 	 4680 	-8.9 
 86.66 	 8.66 	 126.7 	 17.76 	 23 	 21.721 	 134.1 	 301 	 213 	 198 	 4682 	-8.6 
 86.86 	 8.68 	 126.8 	 17.21 	 23 	 21.685 	 133.4 	 299 	 212 	 198 	 4680 	-8.4 
 87.06 	 8.7 	 126.6 	 16.25 	 23 	 21.609 	 133.3 	 300 	 213 	 199 	 4679 	-8.8 
 87.26 	 8.72 	 126.7 	 15.91 	 22 	 21.59 	 133.1 	 300 	 214 	 198 	 4679 	-8.8 
 87.47 	 8.74 	 126.5 	 15.41 	 21 	 21.552 	 132.6 	 300 	 213 	 198 	 4678 	-8 
 87.67 	 8.76 	 126.6 	 15.03 	 21 	 21.538 	 132.5 	 300 	 214 	 199 	 4679 	-8.8 
 87.87 	 8.78 	 126.7 	 14.6 	 20 	 21.459 	 133 	 300 	 214 	 199 	 4677 	-8.6 
 88.07 	 8.8 	 126.6 	 14.54 	 21 	 21.454 	 133.2 	 300 	 214 	 199 	 4680 	-8.1 
 88.27 	 8.82 	 126.6 	 14.67 	 20 	 21.439 	 133.8 	 300 	 215 	 199 	 4680 	-8.9 
 88.48 	 8.84 	 126.5 	 14.41 	 22 	 21.427 	 133.2 	 300 	 214 	 198 	 4678 	-7.9 
 88.68 	 8.86 	 126.5 	 14.51 	 20 	 21.428 	 133.3 	 300 	 214 	 199 	 4680 	-8.6 
 88.88 	 8.88 	 126.6 	 14.49 	 21 	 21.426 	 133.1 	 300 	 214 	 198 	 4679 	-8.4 
 89.08 	 8.9 	 126.6 	 14.49 	 21 	 21.421 	 132.7 	 301 	 214 	 200 	 4681 	-7.9 
 89.28 	 8.92 	 126.6 	 14.64 	 22 	 21.416 	 132.6 	 300 	 214 	 199 	 4677 	-8.4 
 89.49 	 8.95 	 126.6 	 15.07 	 23 	 21.443 	 133.1 	 300 	 214 	 200 	 4679 	-8.6 
 89.69 	 8.97 	 126.5 	 15.5 	 23 	 21.457 	 133 	 300 	 214 	 200 	 4680 	-8.1 
 89.89 	 8.99 	 126.5 	 17.07 	 25 	 21.504 	 133.8 	 300 	 215 	 199 	 4680 	-8.6 
 90.09 	 9.01 	 126.6 	 17.85 	 26 	 21.558 	 133.7 	 300 	 215 	 200 	 4679 	-8.4 
 90.29 	 9.03 	 126.6 	 18.76 	 28 	 21.588 	 133.6 	 301 	 214 	 200 	 4680 	-8.9 
 90.5 	 9.05 	 126.6 	 20.24 	 29 	 21.682 	 133 	 300 	 214 	 199 	 4681 	-8.4 
 90.7 	 9.07 	 126.7 	 21.38 	 31 	 21.718 	 133.1 	 301 	 214 	 199 	 4678 	-8.3 
 90.9 	 9.09 	 126.8 	 22 	 33 	 21.769 	 132.5 	 301 	 214 	 199 	 4680 	-8.1 
 91.1 	 9.11 	 126.9 	 23.06 	 35 	 21.807 	 132.7 	 300 	 214 	 199 	 4678 	-8.5 
 91.3 	 9.13 	 127 	 24.93 	 36 	 21.895 	 133 	 300 	 212 	 198 	 4682 	-8.6 
 91.51 	 9.15 	 126.9 	 25.62 	 37 	 21.916 	 133.5 	 301 	 213 	 198 	 4680 	-8.3 
 91.71 	 9.17 	 127.1 	 26.29 	 38 	 21.968 	 133.9 	 301 	 212 	 197 	 4676 	-8.9 
 91.91 	 9.19 	 127 	 27.71 	 39 	 22.003 	 133.7 	 300 	 212 	 198 	 4677 	-8.4 
 92.11 	 9.21 	 127 	 27.9 	 40 	 22.023 	 133.3 	 301 	 212 	 197 	 4681 	-8.5 
 92.31 	 9.23 	 127.1 	 28.58 	 40 	 22.036 	 133.3 	 301 	 212 	 197 	 4679 	-7.9 
 92.52 	 9.25 	 127.1 	 28.67 	 41 	 22.02 	 132.8 	 301 	 212 	 197 	 4677 	-7.9 
 92.72 	 9.27 	 127.1 	 29.18 	 41 	 22.089 	 132.3 	 301 	 212 	 198 	 4681 	-8.3 
 92.92 	 9.29 	 127 	 29.26 	 42 	 22.097 	 132.6 	 300 	 212 	 197 	 4678 	-8.3 
 93.12 	 9.31 	 127 	 29.19 	 42 	 22.109 	 133.2 	 301 	 212 	 197 	 4676 	-9 
 93.32 	 9.33 	 127.1 	 29.33 	 41 	 22.1 	 133.6 	 301 	 212 	 197 	 4679 	-7.9 
 93.53 	 9.35 	 127.2 	 29.08 	 41 	 22.13 	 133.7 	 301 	 211 	 197 	 4682 	-8.4 
 93.73 	 9.37 	 127 	 29.05 	 42 	 22.126 	 133.2 	 301 	 211 	 197 	 4677 	-7.9 
 93.93 	 9.39 	 127.1 	 28.98 	 41 	 22.12 	 133.2 	 300 	 212 	 198 	 4681 	-8.5 
 94.13 	 9.41 	 127.2 	 28.76 	 41 	 22.118 	 132.6 	 301 	 211 	 197 	 4680 	-8.6 
 94.33 	 9.43 	 127.1 	 28.64 	 41 	 22.13 	 132.8 	 300 	 212 	 197 	 4676 	-8.3 
 94.54 	 9.45 	 127.2 	 28.36 	 38 	 22.103 	 132.4 	 301 	 211 	 198 	 4677 	-8.5 
 94.74 	 9.47 	 127.1 	 27.06 	 37 	 22.127 	 133.2 	 301 	 212 	 197 	 4680 	-8.5 
 94.94 	 9.49 	 127.1 	 26.18 	 35 	 22.101 	 133.5 	 302 	 211 	 197 	 4675 	-8.1 
 95.14 	 9.51 	 126.9 	 25.31 	 34 	 22.071 	 133.6 	 301 	 211 	 196 	 4679 	-8.8 
 95.34 	 9.53 	 127.1 	 23.32 	 33 	 22.008 	 133.6 	 300 	 212 	 197 	 4676 	-8.6 
 95.55 	 9.55 	 127.1 	 22.63 	 31 	 21.997 	 133.4 	 300 	 211 	 198 	 4679 	-8.4 
 95.75 	 9.57 	 127 	 21.92 	 30 	 21.967 	 133.2 	 301 	 211 	 197 	 4679 	-8.3 
 95.95 	 9.59 	 127 	 21.15 	 30 	 21.952 	 132.8 	 301 	 212 	 197 	 4678 	-8.5 
 96.15 	 9.61 	 126.9 	 19.48 	 27 	 21.916 	 132.8 	 300 	 212 	 196 	 4676 	-8.3 
 96.35 	 9.63 	 126.9 	 18.85 	 26 	 21.877 	 132.9 	 301 	 212 	 197 	 4678 	-8.5 
 96.56 	 9.65 	 127 	 18.35 	 24 	 21.823 	 133.3 	 301 	 213 	 198 	 4678 	-8.4 
 96.76 	 9.67 	 126.8 	 16.84 	 24 	 21.777 	 134 	 301 	 212 	 198 	 4678 	-8.4 
 96.96 	 9.69 	 126.9 	 16.71 	 22 	 21.736 	 133.3 	 300 	 213 	 197 	 4679 	-9 
 97.16 	 9.71 	 126.8 	 16.14 	 22 	 21.695 	 133.7 	 300 	 213 	 197 	 4678 	-8.3 
 97.36 	 9.73 	 126.7 	 15.43 	 22 	 21.641 	 133 	 300 	 214 	 199 	 4679 	-8.6 
 97.57 	 9.75 	 126.8 	 15.08 	 22 	 21.619 	 132.6 	 299 	 214 	 199 	 4679 	-8.5 
 97.77 	 9.77 	 126.7 	 14.87 	 20 	 21.585 	 132.9 	 300 	 213 	 199 	 4680 	-9 
 97.97 	 9.79 	 126.7 	 14.73 	 19 	 21.568 	 132.2 	 300 	 215 	 200 	 4679 	-8.3 
 98.17 	 9.81 	 126.7 	 14.43 	 20 	 21.539 	 133.2 	 300 	 214 	 199 	 4680 	-8.4 
 98.37 	 9.83 	 126.6 	 14.45 	 21 	 21.542 	 133.5 	 300 	 214 	 199 	 4682 	-8.5 
 98.58 	 9.85 	 126.5 	 14.49 	 21 	 21.524 	 133.6 	 299 	 213 	 198 	 4680 	-8 
 98.78 	 9.87 	 126.6 	 14.44 	 20 	 21.555 	 133.3 	 300 	 213 	 199 	 4680 	-8 
 98.98 	 9.89 	 126.6 	 14.42 	 21 	 21.541 	 133 	 300 	 214 	 200 	 4683 	-8.4 
 99.18 	 9.91 	 126.7 	 14.51 	 20 	 21.537 	 132.6 	 300 	 214 	 200 	 4679 	-8.5 
 99.38 	 9.94 	 126.6 	 14.63 	 22 	 21.544 	 132.2 	 300 	 214 	 200 	 4678 	-8.8 
 99.59 	 9.96 	 126.7 	 15.63 	 22 	 21.549 	 132.8 	 301 	 215 	 200 	 4678 	-8.5 
 99.79 	 9.98 	 126.7 	 16.29 	 24 	 21.565 	 133 	 300 	 214 	 199 	 4679 	-8.5 
 99.99 	 10 	 126.8 	 17.01 	 26 	 21.61 	 133.6 	 301 	 215 	 199 	 4678 	-8.6 
6 
