时间(S)	振次	轴位移(mm)	力(kN)	应力(kPa)	变形(mm)	侧位移(mm)	围压(kPa)	孔压(kPa)	反压(kPa)	体变(ml)	小体变(ml)
0.00	0.00	 124.8 	 21.68 	 307 	 19.673 	 133 	 301 	 212 	 197 	 4679 	-8.1 
 .2 	 .02 	 124.8 	 21.69 	 30 	 19.668 	 132.5 	 301 	 212 	 197 	 4679 	-8.4 
 .4 	 .04 	 124.8 	 21.5 	 31 	 19.681 	 133.4 	 301 	 211 	 197 	 4680 	-8.4 
 .61 	 .06 	 124.8 	 21.78 	 31 	 19.673 	 132.9 	 300 	 212 	 198 	 4678 	-8.8 
 .81 	 .08 	 124.9 	 22.02 	 32 	 19.676 	 132.5 	 301 	 212 	 197 	 4679 	-8.1 
 1.01 	 .1 	 124.9 	 22.87 	 33 	 19.686 	 133.4 	 301 	 211 	 198 	 4679 	-8.4 
 1.21 	 .12 	 124.8 	 23.92 	 34 	 19.722 	 132.9 	 301 	 212 	 197 	 4678 	-8 
 1.41 	 .14 	 125 	 24.52 	 35 	 19.751 	 132.2 	 301 	 211 	 197 	 4679 	-8.5 
 1.62 	 .16 	 124.8 	 25.21 	 37 	 19.773 	 133.6 	 301 	 212 	 197 	 4678 	-8.3 
 1.82 	 .18 	 125 	 25.68 	 37 	 19.808 	 133.3 	 300 	 212 	 197 	 4677 	-7.9 
 2.02 	 .2 	 125 	 26.95 	 38 	 19.824 	 132.1 	 301 	 211 	 195 	 4677 	-8.6 
 2.22 	 .22 	 125 	 27.12 	 39 	 19.861 	 133.6 	 301 	 211 	 196 	 4676 	-8.5 
 2.42 	 .24 	 125 	 27.62 	 39 	 19.863 	 133.4 	 301 	 211 	 196 	 4678 	-8.5 
 2.63 	 .26 	 125 	 27.96 	 40 	 19.905 	 132.7 	 301 	 211 	 196 	 4678 	-8.3 
 2.83 	 .28 	 125 	 28.15 	 40 	 19.906 	 133.3 	 301 	 210 	 196 	 4679 	-8.3 
 3.03 	 .3 	 125.1 	 28.12 	 40 	 19.933 	 133.5 	 300 	 211 	 196 	 4678 	-8.4 
 3.23 	 .32 	 125.2 	 28.23 	 40 	 19.936 	 132.6 	 301 	 211 	 196 	 4678 	-8.5 
 3.43 	 .34 	 125 	 28.15 	 40 	 19.959 	 132.9 	 301 	 211 	 196 	 4678 	-8.1 
 3.64 	 .36 	 125 	 27.98 	 40 	 19.951 	 133.6 	 301 	 211 	 196 	 4680 	-8.6 
 3.84 	 .38 	 125.1 	 28.03 	 40 	 19.947 	 132.6 	 301 	 210 	 196 	 4678 	-8.3 
 4.04 	 .4 	 125 	 27.97 	 40 	 19.948 	 132.5 	 301 	 211 	 195 	 4676 	-8.4 
 4.24 	 .42 	 125.1 	 27.81 	 39 	 19.94 	 133.6 	 301 	 210 	 196 	 4677 	-8.3 
 4.44 	 .44 	 125.2 	 27.74 	 38 	 19.95 	 133.5 	 301 	 211 	 196 	 4678 	-8.6 
 4.65 	 .46 	 125 	 26.87 	 38 	 19.94 	 132.6 	 301 	 211 	 196 	 4677 	-8.3 
 4.85 	 .48 	 125.1 	 26.12 	 36 	 19.949 	 133.4 	 301 	 210 	 196 	 4674 	-8 
 5.05 	 .5 	 125.2 	 25.41 	 35 	 19.931 	 133.5 	 301 	 210 	 196 	 4679 	-7.9 
 5.25 	 .52 	 125.1 	 24.52 	 33 	 19.901 	 132.4 	 301 	 210 	 196 	 4678 	-8.6 
 5.45 	 .54 	 125.1 	 23.05 	 33 	 19.875 	 133.6 	 301 	 211 	 196 	 4677 	-8.4 
 5.66 	 .56 	 125 	 22.21 	 31 	 19.841 	 133.2 	 300 	 210 	 195 	 4678 	-8.1 
 5.86 	 .58 	 125 	 21.74 	 29 	 19.819 	 132.1 	 301 	 211 	 195 	 4678 	-8.4 
 6.06 	 .6 	 124.9 	 20.16 	 28 	 19.773 	 133.3 	 301 	 211 	 196 	 4677 	-8.4 
 6.26 	 .62 	 124.9 	 19.47 	 27 	 19.752 	 133.5 	 300 	 211 	 196 	 4679 	-8.1 
 6.46 	 .64 	 125 	 19.01 	 27 	 19.73 	 131.8 	 301 	 211 	 196 	 4678 	-8.3 
 6.67 	 .66 	 124.9 	 18.39 	 24 	 19.712 	 133 	 300 	 211 	 196 	 4680 	-8.8 
 6.87 	 .68 	 124.8 	 17.37 	 24 	 19.654 	 133.3 	 300 	 211 	 195 	 4678 	-8.5 
 7.07 	 .7 	 124.8 	 16.73 	 24 	 19.641 	 132.6 	 301 	 211 	 196 	 4678 	-8.5 
 7.27 	 .72 	 124.7 	 16.56 	 22 	 19.6 	 133.2 	 300 	 210 	 196 	 4678 	-8 
 7.47 	 .74 	 124.8 	 15.68 	 22 	 19.546 	 133.4 	 300 	 211 	 197 	 4681 	-8.8 
 7.68 	 .76 	 124.7 	 15.45 	 22 	 19.519 	 132.8 	 300 	 212 	 197 	 4682 	-8.6 
 7.88 	 .78 	 124.8 	 15.19 	 21 	 19.517 	 132.8 	 301 	 211 	 197 	 4679 	-8.4 
 8.08 	 .8 	 124.8 	 15.36 	 21 	 19.473 	 133.6 	 301 	 211 	 196 	 4681 	-8.6 
 8.28 	 .82 	 124.6 	 14.99 	 21 	 19.487 	 132.8 	 300 	 212 	 197 	 4678 	-8.4 
 8.48 	 .84 	 124.7 	 15.05 	 21 	 19.451 	 132.5 	 301 	 212 	 197 	 4678 	-8.3 
 8.69 	 .86 	 124.8 	 14.98 	 21 	 19.474 	 133.6 	 300 	 212 	 197 	 4681 	-8.8 
 8.89 	 .88 	 124.8 	 15 	 20 	 19.482 	 132.9 	 300 	 212 	 197 	 4681 	-7.8 
 9.09 	 .9 	 124.7 	 15.01 	 22 	 19.471 	 132.5 	 300 	 211 	 197 	 4677 	-8.4 
 9.29 	 .92 	 124.7 	 15.24 	 22 	 19.456 	 133.3 	 301 	 212 	 197 	 4681 	-8.4 
 9.49 	 .94 	 124.7 	 15.93 	 23 	 19.467 	 133.5 	 300 	 212 	 197 	 4677 	-8.3 
 9.7 	 .96 	 124.7 	 16.36 	 24 	 19.483 	 132.3 	 300 	 212 	 197 	 4678 	-8.6 
 9.9 	 .98 	 124.7 	 16.96 	 25 	 19.521 	 133.2 	 300 	 212 	 197 	 4680 	-8.8 
 10.1 	 1.01 	 124.8 	 17.8 	 26 	 19.546 	 133 	 301 	 212 	 197 	 4679 	-8.1 
 10.3 	 1.03 	 124.7 	 19.23 	 28 	 19.612 	 132.3 	 300 	 213 	 198 	 4679 	-8.3 
 10.5 	 1.05 	 124.9 	 19.87 	 29 	 19.649 	 132.7 	 300 	 212 	 197 	 4679 	-8.4 
 10.71 	 1.07 	 124.9 	 20.78 	 31 	 19.672 	 133.7 	 300 	 212 	 197 	 4678 	-8.5 
 10.91 	 1.09 	 124.9 	 22.44 	 32 	 19.767 	 132.9 	 300 	 212 	 196 	 4678 	-8.8 
 11.11 	 1.11 	 125 	 23.24 	 34 	 19.801 	 132.5 	 301 	 211 	 197 	 4679 	-8.3 
 11.31 	 1.13 	 125 	 24.26 	 36 	 19.817 	 133.3 	 301 	 212 	 197 	 4680 	-8.4 
 11.51 	 1.15 	 125 	 25.42 	 37 	 19.887 	 133 	 301 	 212 	 196 	 4678 	-8.6 
 11.72 	 1.17 	 125.1 	 26.26 	 38 	 19.914 	 132.3 	 300 	 211 	 197 	 4679 	-8.3 
 11.92 	 1.19 	 125.1 	 26.84 	 39 	 19.927 	 133.2 	 301 	 212 	 196 	 4679 	-8.8 
 12.12 	 1.21 	 125 	 27.29 	 39 	 19.954 	 133.4 	 301 	 211 	 197 	 4679 	-8.9 
 12.32 	 1.23 	 125.2 	 27.97 	 40 	 19.99 	 132.4 	 300 	 211 	 197 	 4680 	-8.4 
 12.52 	 1.25 	 125.1 	 28.2 	 40 	 20.001 	 133.2 	 301 	 211 	 196 	 4679 	-8.5 
 12.73 	 1.27 	 125.1 	 28.36 	 40 	 20.016 	 133.7 	 300 	 211 	 196 	 4681 	-8.5 
 12.93 	 1.29 	 125.2 	 28.58 	 41 	 20.041 	 132.8 	 301 	 211 	 195 	 4678 	-8.6 
 13.13 	 1.31 	 125.2 	 28.53 	 40 	 20.063 	 132.7 	 301 	 211 	 196 	 4676 	-8.1 
 13.33 	 1.33 	 125.2 	 28.37 	 41 	 20.077 	 133.6 	 301 	 210 	 195 	 4679 	-7.9 
 13.53 	 1.35 	 125.2 	 28.56 	 40 	 20.069 	 132.8 	 301 	 211 	 196 	 4680 	-8.6 
 13.74 	 1.37 	 125.2 	 28.19 	 40 	 20.104 	 132.8 	 301 	 210 	 196 	 4679 	-8.5 
 13.94 	 1.39 	 125.2 	 28.22 	 40 	 20.064 	 133.6 	 301 	 210 	 195 	 4678 	-8.5 
 14.14 	 1.41 	 125.1 	 28.14 	 39 	 20.085 	 133 	 301 	 210 	 195 	 4680 	-8.6 
 14.34 	 1.43 	 125.2 	 28.11 	 39 	 20.086 	 132.6 	 301 	 210 	 195 	 4676 	-8.4 
 14.54 	 1.45 	 125.2 	 27.62 	 39 	 20.083 	 132.9 	 301 	 210 	 196 	 4678 	-8.6 
 14.75 	 1.47 	 125.2 	 27.18 	 37 	 20.084 	 133.8 	 301 	 210 	 196 	 4677 	-8.3 
 14.95 	 1.49 	 125.1 	 26.49 	 36 	 20.074 	 132.5 	 301 	 211 	 195 	 4679 	-8.3 
 15.15 	 1.51 	 125.1 	 24.82 	 34 	 20.031 	 132.8 	 301 	 210 	 196 	 4677 	-8.5 
 15.35 	 1.53 	 125.2 	 24.11 	 33 	 20.03 	 133.5 	 302 	 209 	 196 	 4679 	-8.5 
 15.55 	 1.55 	 125.2 	 23.28 	 31 	 20.045 	 132.7 	 301 	 211 	 194 	 4678 	-8.3 
 15.76 	 1.57 	 125.1 	 21.65 	 30 	 19.97 	 132.5 	 300 	 211 	 196 	 4679 	-8.3 
 15.96 	 1.59 	 125.1 	 21.03 	 29 	 19.944 	 133.5 	 301 	 210 	 196 	 4681 	-8.3 
 16.16 	 1.61 	 125 	 20.35 	 28 	 19.918 	 133.5 	 301 	 210 	 196 	 4679 	-8.4 
 16.36 	 1.63 	 125.1 	 18.99 	 27 	 19.868 	 132.7 	 300 	 211 	 196 	 4677 	-8.1 
 16.56 	 1.65 	 124.9 	 18.67 	 26 	 19.852 	 133.4 	 301 	 211 	 196 	 4678 	-8.4 
 16.77 	 1.67 	 125 	 17.95 	 24 	 19.803 	 133.4 	 300 	 211 	 196 	 4679 	-8 
 16.97 	 1.69 	 125 	 17.55 	 24 	 19.788 	 132.9 	 300 	 211 	 196 	 4678 	-8.9 
 17.17 	 1.71 	 125 	 16.47 	 23 	 19.729 	 132.8 	 301 	 211 	 197 	 4679 	-8.6 
 17.37 	 1.73 	 125 	 16.19 	 22 	 19.698 	 133.6 	 300 	 211 	 196 	 4680 	-8.4 
 17.57 	 1.75 	 125 	 15.78 	 22 	 19.685 	 133.2 	 301 	 212 	 197 	 4678 	-8.5 
 17.78 	 1.77 	 124.9 	 15.4 	 22 	 19.63 	 132.4 	 300 	 211 	 196 	 4678 	-8.1 
 17.98 	 1.79 	 124.9 	 15.14 	 22 	 19.627 	 133.6 	 301 	 211 	 197 	 4679 	-9 
 18.18 	 1.81 	 124.9 	 15.02 	 21 	 19.602 	 133 	 300 	 212 	 196 	 4677 	-8.6 
 18.38 	 1.83 	 124.8 	 15.09 	 21 	 19.591 	 132.5 	 300 	 211 	 197 	 4676 	-8.4 
 18.58 	 1.85 	 124.8 	 15.07 	 22 	 19.583 	 133.3 	 300 	 212 	 197 	 4680 	-8.5 
 18.79 	 1.87 	 124.7 	 15.06 	 22 	 19.592 	 133.5 	 301 	 211 	 197 	 4679 	-8.5 
 18.99 	 1.89 	 124.9 	 15.03 	 21 	 19.594 	 132.7 	 300 	 212 	 197 	 4679 	-8.4 
 19.19 	 1.91 	 124.9 	 15.15 	 21 	 19.598 	 132.7 	 300 	 212 	 197 	 4680 	-8.8 
 19.39 	 1.93 	 124.8 	 15.32 	 22 	 19.573 	 133.2 	 301 	 211 	 197 	 4678 	-8.4 
 19.59 	 1.95 	 124.9 	 15.85 	 24 	 19.606 	 133 	 301 	 212 	 198 	 4679 	-8.3 
 19.8 	 1.97 	 124.9 	 16.95 	 25 	 19.636 	 132.4 	 300 	 212 	 197 	 4677 	-8.9 
 20 	 2 	 124.9 	 17.77 	 26 	 19.675 	 133.4 	 300 	 212 	 197 	 4680 	-8.1 
 20.2 	 2.02 	 124.9 	 18.37 	 27 	 19.704 	 133.2 	 300 	 213 	 197 	 4679 	-8.3 
 20.4 	 2.04 	 125 	 19.14 	 29 	 19.732 	 132.5 	 300 	 213 	 197 	 4679 	-8.3 
 20.6 	 2.06 	 125 	 20.78 	 30 	 19.799 	 133.4 	 301 	 212 	 198 	 4681 	-8.6 
 20.81 	 2.08 	 125.1 	 21.69 	 32 	 19.843 	 133.6 	 300 	 212 	 197 	 4678 	-8.1 
 21.01 	 2.1 	 125 	 22.57 	 34 	 19.881 	 132.7 	 300 	 212 	 197 	 4679 	-8.4 
 21.21 	 2.12 	 125.1 	 24.18 	 35 	 19.944 	 132.5 	 300 	 211 	 197 	 4681 	-8.5 
 21.41 	 2.14 	 125.2 	 24.87 	 35 	 19.982 	 133.4 	 301 	 212 	 197 	 4680 	-8.5 
 21.61 	 2.16 	 125.3 	 25.48 	 37 	 20.016 	 133.1 	 301 	 211 	 197 	 4677 	-8.1 
 21.82 	 2.18 	 125.2 	 26.25 	 38 	 20.038 	 132.7 	 301 	 212 	 197 	 4679 	-8.6 
 22.02 	 2.2 	 125.2 	 27.28 	 39 	 20.095 	 133.5 	 300 	 212 	 196 	 4678 	-8.5 
 22.22 	 2.22 	 125.2 	 27.72 	 41 	 20.108 	 133.7 	 300 	 211 	 196 	 4679 	-8.5 
 22.42 	 2.24 	 125.2 	 27.97 	 39 	 20.125 	 132.6 	 301 	 211 	 196 	 4678 	-8.4 
 22.62 	 2.26 	 125.2 	 28.25 	 40 	 20.166 	 132.7 	 300 	 211 	 196 	 4682 	-8.9 
 22.83 	 2.28 	 125.3 	 28.42 	 40 	 20.171 	 133.5 	 300 	 211 	 195 	 4679 	-8.4 
 23.03 	 2.3 	 125.2 	 28.49 	 41 	 20.188 	 133 	 301 	 210 	 196 	 4678 	-8.5 
 23.23 	 2.32 	 125.4 	 28.55 	 40 	 20.188 	 132.4 	 301 	 210 	 195 	 4677 	-8.6 
 23.43 	 2.34 	 125.3 	 28.46 	 40 	 20.195 	 133.4 	 300 	 211 	 196 	 4679 	-8.5 
 23.63 	 2.36 	 125.3 	 28.32 	 40 	 20.202 	 133.2 	 300 	 210 	 196 	 4681 	-8.3 
 23.84 	 2.38 	 125.4 	 28.19 	 40 	 20.214 	 132.3 	 301 	 210 	 196 	 4678 	-8.8 
 24.04 	 2.4 	 125.4 	 28.07 	 40 	 20.203 	 133.1 	 301 	 210 	 196 	 4681 	-8.8 
 24.24 	 2.42 	 125.4 	 27.87 	 40 	 20.214 	 133.2 	 301 	 210 	 196 	 4679 	-8.4 
 24.44 	 2.44 	 125.4 	 28.08 	 39 	 20.209 	 132.4 	 301 	 211 	 196 	 4677 	-8.1 
 24.64 	 2.46 	 125.3 	 27.27 	 38 	 20.228 	 132.7 	 301 	 210 	 196 	 4678 	-8.3 
 24.85 	 2.48 	 125.3 	 26.46 	 36 	 20.204 	 133.5 	 300 	 210 	 196 	 4675 	-8.4 
 25.05 	 2.5 	 125.3 	 25.66 	 34 	 20.187 	 132.2 	 301 	 210 	 196 	 4679 	-8.3 
 25.25 	 2.52 	 125.3 	 24.68 	 34 	 20.179 	 132.3 	 301 	 210 	 196 	 4677 	-8.1 
 25.45 	 2.54 	 125.3 	 23.32 	 32 	 20.124 	 133.3 	 301 	 210 	 196 	 4679 	-8.8 
 25.65 	 2.56 	 125.3 	 22.5 	 31 	 20.109 	 133.2 	 300 	 210 	 196 	 4679 	-8.4 
 25.86 	 2.58 	 125.2 	 21.76 	 30 	 20.089 	 132.4 	 301 	 210 	 196 	 4679 	-8.3 
 26.06 	 2.6 	 125.1 	 20.33 	 28 	 20.054 	 133.1 	 301 	 210 	 196 	 4681 	-9 
 26.26 	 2.62 	 125.1 	 19.6 	 27 	 20.005 	 133.4 	 301 	 211 	 195 	 4679 	-8.4 
 26.46 	 2.64 	 125.2 	 19.05 	 25 	 19.987 	 132.6 	 300 	 210 	 196 	 4678 	-8.4 
 26.66 	 2.66 	 125.3 	 18.56 	 25 	 19.965 	 132.7 	 301 	 210 	 196 	 4677 	-7.9 
 26.87 	 2.68 	 125.1 	 17.36 	 24 	 19.919 	 133 	 301 	 211 	 196 	 4678 	-8.3 
 27.07 	 2.7 	 125.1 	 16.95 	 23 	 19.894 	 133 	 301 	 211 	 196 	 4679 	-8.4 
 27.27 	 2.72 	 125.1 	 16.47 	 22 	 19.864 	 132.6 	 300 	 211 	 197 	 4680 	-8.6 
 27.47 	 2.74 	 125 	 15.66 	 22 	 19.802 	 133 	 301 	 211 	 197 	 4679 	-8.5 
 27.67 	 2.76 	 125 	 15.48 	 22 	 19.78 	 133.3 	 301 	 212 	 197 	 4678 	-8.5 
 27.88 	 2.78 	 125 	 15.33 	 21 	 19.762 	 132.7 	 300 	 212 	 197 	 4679 	-8.5 
 28.08 	 2.8 	 125 	 15.26 	 22 	 19.748 	 132.8 	 300 	 212 	 197 	 4679 	-8.3 
 28.28 	 2.82 	 124.9 	 15.03 	 21 	 19.743 	 133.4 	 300 	 212 	 197 	 4680 	-8.3 
 28.48 	 2.84 	 125 	 15.02 	 22 	 19.726 	 133 	 300 	 212 	 197 	 4680 	-8.6 
 28.68 	 2.86 	 125 	 15.25 	 21 	 19.731 	 132.3 	 300 	 212 	 197 	 4684 	-8.6 
 28.89 	 2.88 	 124.9 	 15.18 	 21 	 19.721 	 133.6 	 300 	 212 	 197 	 4680 	-8.6 
 29.09 	 2.9 	 124.9 	 15.17 	 21 	 19.726 	 133.4 	 300 	 212 	 197 	 4680 	-8.5 
 29.29 	 2.92 	 125 	 15.19 	 22 	 19.725 	 132.6 	 300 	 212 	 197 	 4678 	-8.4 
 29.49 	 2.94 	 125 	 15.96 	 23 	 19.733 	 132.5 	 300 	 212 	 197 	 4678 	-8.3 
 29.69 	 2.96 	 124.9 	 16.45 	 23 	 19.753 	 133.2 	 300 	 212 	 197 	 4682 	-8.6 
 29.9 	 2.98 	 125 	 17.06 	 25 	 19.78 	 132.8 	 300 	 213 	 197 	 4677 	-8.3 
 30.1 	 3.01 	 125 	 17.76 	 27 	 19.796 	 132.3 	 301 	 212 	 197 	 4677 	-8 
 30.3 	 3.03 	 125.1 	 19.14 	 28 	 19.876 	 133.5 	 300 	 211 	 198 	 4680 	-8.5 
 30.5 	 3.05 	 125.1 	 20.01 	 29 	 19.905 	 133.6 	 300 	 212 	 198 	 4679 	-8.6 
 30.7 	 3.07 	 125.1 	 20.76 	 31 	 19.927 	 132.5 	 301 	 213 	 197 	 4677 	-8.9 
 30.91 	 3.09 	 125.2 	 22.63 	 33 	 20.011 	 132.8 	 300 	 212 	 197 	 4679 	-8.4 
 31.11 	 3.11 	 125.2 	 23.4 	 34 	 20.054 	 133.4 	 301 	 212 	 197 	 4680 	-8.4 
 31.31 	 3.13 	 125.2 	 24.05 	 35 	 20.096 	 132.9 	 300 	 211 	 197 	 4680 	-8.8 
 31.51 	 3.15 	 125.3 	 25.61 	 37 	 20.138 	 132 	 301 	 211 	 197 	 4677 	-8.4 
 31.71 	 3.17 	 125.3 	 26.06 	 37 	 20.167 	 133.3 	 300 	 212 	 197 	 4682 	-8.6 
 31.92 	 3.19 	 125.3 	 26.74 	 39 	 20.186 	 133.8 	 300 	 211 	 196 	 4678 	-8.6 
 32.12 	 3.21 	 125.3 	 27.24 	 39 	 20.192 	 132.8 	 301 	 211 	 196 	 4679 	-8.4 
 32.32 	 3.23 	 125.3 	 27.91 	 40 	 20.255 	 133 	 301 	 211 	 196 	 4680 	-8.8 
 32.52 	 3.25 	 125.4 	 28.3 	 40 	 20.271 	 134.2 	 301 	 211 	 197 	 4680 	-8.8 
 32.72 	 3.27 	 125.4 	 28.37 	 40 	 20.285 	 133.1 	 300 	 210 	 196 	 4676 	-8.1 
 32.93 	 3.29 	 125.4 	 28.64 	 40 	 20.314 	 132.5 	 301 	 210 	 196 	 4679 	-8.5 
 33.13 	 3.31 	 125.4 	 28.45 	 40 	 20.315 	 133.2 	 301 	 211 	 196 	 4678 	-8.5 
 33.33 	 3.33 	 125.4 	 28.55 	 40 	 20.318 	 133.5 	 300 	 209 	 196 	 4679 	-8.4 
 33.53 	 3.35 	 125.5 	 28.53 	 40 	 20.332 	 133 	 301 	 210 	 196 	 4679 	-8.4 
 33.73 	 3.37 	 125.6 	 28.29 	 40 	 20.332 	 132.8 	 301 	 211 	 196 	 4681 	-8.8 
 33.94 	 3.39 	 125.4 	 28.3 	 40 	 20.332 	 133.6 	 301 	 211 	 195 	 4677 	-8.3 
 34.14 	 3.41 	 125.5 	 28.19 	 40 	 20.335 	 133.2 	 301 	 211 	 196 	 4681 	-8.4 
 34.34 	 3.43 	 125.5 	 27.93 	 39 	 20.337 	 132.3 	 301 	 210 	 196 	 4681 	-8.6 
 34.54 	 3.45 	 125.4 	 27.75 	 38 	 20.315 	 132.9 	 301 	 211 	 196 	 4678 	-8.4 
 34.74 	 3.47 	 125.4 	 27.13 	 37 	 20.326 	 133.9 	 300 	 210 	 196 	 4677 	-8.6 
 34.95 	 3.49 	 125.5 	 26.38 	 36 	 20.331 	 133.1 	 301 	 210 	 196 	 4679 	-8.8 
 35.15 	 3.51 	 125.4 	 24.73 	 34 	 20.287 	 132.6 	 301 	 210 	 195 	 4678 	-8.8 
 35.35 	 3.53 	 125.4 	 23.8 	 33 	 20.279 	 133.6 	 301 	 210 	 196 	 4680 	-8.6 
 35.55 	 3.55 	 125.4 	 23.17 	 32 	 20.251 	 133.1 	 301 	 210 	 195 	 4679 	-8.4 
 35.75 	 3.57 	 125.4 	 21.66 	 30 	 20.202 	 132.5 	 300 	 211 	 196 	 4680 	-8.4 
 35.96 	 3.59 	 125.4 	 20.9 	 29 	 20.177 	 132.9 	 300 	 211 	 196 	 4679 	-8.5 
 36.16 	 3.61 	 125.3 	 20.23 	 28 	 20.149 	 133.5 	 301 	 211 	 196 	 4681 	-8.1 
 36.36 	 3.63 	 125.2 	 19.08 	 27 	 20.104 	 132.3 	 301 	 210 	 196 	 4679 	-8 
 36.56 	 3.65 	 125.3 	 18.51 	 25 	 20.08 	 132.6 	 300 	 211 	 196 	 4675 	-8.3 
 36.76 	 3.67 	 125.2 	 18 	 25 	 20.057 	 133.8 	 301 	 210 	 196 	 4679 	-8.1 
 36.97 	 3.69 	 125.1 	 17.36 	 23 	 20.033 	 133.2 	 301 	 211 	 196 	 4678 	-8.5 
 37.17 	 3.71 	 125.1 	 16.65 	 23 	 19.972 	 132.5 	 301 	 212 	 196 	 4677 	-8.5 
 37.37 	 3.73 	 125.1 	 16.12 	 23 	 19.949 	 133.1 	 301 	 211 	 196 	 4680 	-8.3 
 37.57 	 3.75 	 125.2 	 15.65 	 22 	 19.925 	 133.6 	 301 	 211 	 197 	 4676 	-8.4 
 37.77 	 3.77 	 125.1 	 15.42 	 22 	 19.874 	 132.6 	 300 	 212 	 196 	 4676 	-8.8 
 37.98 	 3.79 	 125.2 	 15.24 	 22 	 19.864 	 132.6 	 301 	 212 	 197 	 4679 	-8.4 
 38.18 	 3.81 	 125.1 	 15.25 	 21 	 19.856 	 133.6 	 300 	 212 	 197 	 4678 	-8.4 
 38.38 	 3.83 	 125.1 	 15.05 	 21 	 19.853 	 133 	 300 	 212 	 197 	 4678 	-8.3 
 38.58 	 3.85 	 125 	 15.05 	 22 	 19.828 	 132.7 	 300 	 212 	 197 	 4678 	-8.5 
 38.78 	 3.87 	 125.2 	 15.2 	 21 	 19.841 	 133 	 300 	 212 	 197 	 4679 	-8 
 38.99 	 3.89 	 125.1 	 15.28 	 22 	 19.843 	 133.6 	 300 	 212 	 197 	 4678 	-8.1 
 39.19 	 3.91 	 125.1 	 15.13 	 21 	 19.853 	 133.2 	 300 	 212 	 198 	 4680 	-8.8 
 39.39 	 3.93 	 125.1 	 15.43 	 22 	 19.848 	 132.6 	 300 	 213 	 197 	 4679 	-8.5 
 39.59 	 3.95 	 125.2 	 15.98 	 23 	 19.84 	 133.2 	 301 	 212 	 197 	 4677 	-8.5 
 39.79 	 3.97 	 125 	 17.1 	 24 	 19.879 	 133.5 	 300 	 213 	 197 	 4677 	-8.3 
 40 	 4 	 125.2 	 17.55 	 27 	 19.918 	 133.2 	 300 	 213 	 198 	 4678 	-8.4 
 40.2 	 4.02 	 125.1 	 18.44 	 28 	 19.953 	 132.4 	 300 	 213 	 197 	 4677 	-8.4 
 40.4 	 4.04 	 125.1 	 19.09 	 29 	 19.989 	 133.8 	 300 	 213 	 198 	 4678 	-8.6 
 40.6 	 4.06 	 125.2 	 20.84 	 31 	 20.05 	 133.1 	 300 	 213 	 198 	 4680 	-8.6 
 40.8 	 4.08 	 125.3 	 21.59 	 32 	 20.097 	 132.3 	 301 	 213 	 197 	 4680 	-8.6 
 41.01 	 4.1 	 125.3 	 22.48 	 33 	 20.116 	 133.2 	 300 	 212 	 198 	 4680 	-8.5 
 41.21 	 4.12 	 125.5 	 24.16 	 35 	 20.2 	 133.3 	 300 	 212 	 197 	 4679 	-8.6 
 41.41 	 4.14 	 125.3 	 24.77 	 36 	 20.236 	 132.7 	 301 	 212 	 197 	 4679 	-8.5 
 41.61 	 4.16 	 125.4 	 25.55 	 37 	 20.253 	 132.4 	 301 	 212 	 197 	 4679 	-8.4 
 41.81 	 4.18 	 125.5 	 26.3 	 38 	 20.279 	 132.8 	 301 	 212 	 197 	 4679 	-8.4 
 42.02 	 4.2 	 125.4 	 27.18 	 39 	 20.328 	 133.6 	 301 	 211 	 196 	 4677 	-8.4 
 42.22 	 4.22 	 125.5 	 27.58 	 40 	 20.335 	 132.5 	 301 	 211 	 196 	 4679 	-8.6 
 42.42 	 4.24 	 125.5 	 27.86 	 40 	 20.354 	 132.7 	 300 	 212 	 197 	 4679 	-8.8 
 42.62 	 4.26 	 125.5 	 28.35 	 40 	 20.392 	 133.5 	 301 	 211 	 196 	 4677 	-8.4 
 42.82 	 4.28 	 125.5 	 28.54 	 40 	 20.381 	 133.3 	 300 	 211 	 196 	 4679 	-8.6 
 43.03 	 4.3 	 125.6 	 28.56 	 41 	 20.413 	 132.2 	 301 	 211 	 196 	 4677 	-8 
 43.23 	 4.32 	 125.5 	 28.37 	 41 	 20.438 	 132.9 	 301 	 211 	 196 	 4681 	-8.6 
 43.43 	 4.34 	 125.6 	 28.49 	 40 	 20.425 	 133.4 	 301 	 210 	 196 	 4679 	-8.1 
 43.63 	 4.36 	 125.5 	 28.34 	 40 	 20.438 	 132.7 	 301 	 211 	 196 	 4681 	-8.3 
 43.83 	 4.38 	 125.6 	 28.3 	 39 	 20.425 	 132.5 	 301 	 211 	 196 	 4679 	-8.5 
 44.04 	 4.4 	 125.5 	 28.2 	 40 	 20.448 	 133.3 	 301 	 210 	 196 	 4677 	-8.6 
 44.24 	 4.42 	 125.6 	 28.02 	 40 	 20.45 	 133.4 	 301 	 211 	 196 	 4676 	-7.9 
 44.44 	 4.44 	 125.6 	 28.04 	 38 	 20.441 	 132.7 	 301 	 211 	 195 	 4676 	-8.8 
 44.64 	 4.46 	 125.5 	 27 	 37 	 20.43 	 132.4 	 301 	 211 	 196 	 4680 	-8.5 
 44.84 	 4.48 	 125.5 	 26.37 	 36 	 20.435 	 133.6 	 301 	 211 	 195 	 4678 	-8.4 
 45.05 	 4.5 	 125.6 	 25.6 	 35 	 20.426 	 133.2 	 302 	 210 	 196 	 4679 	-8.9 
 45.25 	 4.52 	 125.5 	 24.66 	 34 	 20.391 	 132.6 	 301 	 210 	 196 	 4681 	-8.8 
 45.45 	 4.54 	 125.5 	 23.27 	 32 	 20.368 	 132.9 	 301 	 211 	 196 	 4678 	-8.4 
 45.65 	 4.56 	 125.5 	 22.52 	 30 	 20.338 	 133.5 	 301 	 211 	 195 	 4678 	-8.1 
 45.85 	 4.58 	 125.5 	 21.7 	 30 	 20.321 	 133.5 	 300 	 210 	 196 	 4677 	-8.5 
 46.06 	 4.6 	 125.4 	 20.19 	 28 	 20.279 	 132.7 	 300 	 211 	 195 	 4678 	-8.5 
 46.26 	 4.62 	 125.3 	 19.69 	 27 	 20.245 	 133.1 	 301 	 211 	 197 	 4681 	-8.8 
 46.46 	 4.64 	 125.4 	 18.97 	 26 	 20.214 	 133.7 	 300 	 211 	 196 	 4679 	-8.5 
 46.66 	 4.66 	 125.4 	 17.94 	 25 	 20.167 	 132.9 	 301 	 211 	 196 	 4680 	-9 
 46.86 	 4.68 	 125.4 	 17.32 	 24 	 20.134 	 132.9 	 301 	 210 	 196 	 4680 	-8.5 
 47.07 	 4.7 	 125.4 	 16.86 	 23 	 20.117 	 133.6 	 300 	 211 	 197 	 4679 	-8 
 47.27 	 4.72 	 125.3 	 16.37 	 23 	 20.091 	 133.4 	 301 	 212 	 196 	 4681 	-8.5 
 47.47 	 4.74 	 125.3 	 15.6 	 22 	 20.038 	 132.4 	 300 	 212 	 196 	 4677 	-8.5 
 47.67 	 4.76 	 125.2 	 15.45 	 22 	 20.009 	 133.1 	 300 	 212 	 196 	 4679 	-8.4 
 47.87 	 4.78 	 125.2 	 15.34 	 22 	 19.997 	 133.7 	 300 	 212 	 196 	 4677 	-8.3 
 48.08 	 4.8 	 125.2 	 15.15 	 22 	 19.948 	 132.9 	 300 	 213 	 197 	 4679 	-8.5 
 48.28 	 4.82 	 125.1 	 15.09 	 22 	 19.961 	 132.5 	 299 	 212 	 197 	 4679 	-8.4 
 48.48 	 4.84 	 125.2 	 15.25 	 21 	 19.953 	 133.8 	 300 	 212 	 197 	 4679 	-8.8 
 48.68 	 4.86 	 125.2 	 15.12 	 21 	 19.957 	 133.2 	 300 	 212 	 197 	 4679 	-8 
 48.88 	 4.88 	 125.1 	 15.06 	 21 	 19.956 	 132.7 	 301 	 212 	 197 	 4677 	-8.4 
 49.09 	 4.9 	 125.1 	 15.1 	 22 	 19.955 	 132.7 	 300 	 212 	 197 	 4678 	-8.4 
 49.29 	 4.92 	 125.1 	 15.33 	 22 	 19.948 	 133.7 	 301 	 212 	 197 	 4678 	-8.4 
 49.49 	 4.94 	 125.2 	 15.87 	 23 	 19.953 	 133.1 	 300 	 211 	 198 	 4684 	-8.8 
 49.69 	 4.96 	 125.2 	 16.36 	 24 	 19.977 	 132.6 	 301 	 213 	 197 	 4678 	-8.5 
 49.89 	 4.99 	 125.2 	 17.05 	 25 	 19.981 	 132.7 	 300 	 213 	 197 	 4677 	-8.3 
 50.1 	 5.01 	 125.4 	 18.51 	 27 	 20.057 	 133.5 	 300 	 212 	 198 	 4678 	-8.3 
 50.3 	 5.03 	 125.2 	 19.15 	 28 	 20.084 	 132.8 	 300 	 213 	 197 	 4676 	-8.5 
 50.5 	 5.05 	 125.3 	 20.02 	 30 	 20.13 	 132.5 	 300 	 213 	 197 	 4678 	-8.5 
 50.7 	 5.07 	 125.3 	 20.82 	 31 	 20.165 	 133.5 	 300 	 213 	 198 	 4679 	-8.5 
 50.9 	 5.09 	 125.3 	 22.46 	 33 	 20.236 	 133.6 	 301 	 212 	 197 	 4678 	-8.6 
 51.11 	 5.11 	 125.4 	 23.27 	 34 	 20.274 	 132.8 	 300 	 212 	 197 	 4679 	-8.3 
 51.31 	 5.13 	 125.5 	 24.27 	 37 	 20.302 	 132.6 	 300 	 211 	 197 	 4679 	-9 
 51.51 	 5.15 	 125.5 	 25.6 	 36 	 20.367 	 133.4 	 300 	 212 	 196 	 4677 	-8.4 
 51.71 	 5.17 	 125.6 	 26.12 	 38 	 20.395 	 133.3 	 301 	 211 	 197 	 4679 	-8.5 
 51.91 	 5.19 	 125.5 	 26.67 	 39 	 20.404 	 132.5 	 301 	 211 	 197 	 4680 	-8.5 
 52.12 	 5.21 	 125.5 	 27.19 	 39 	 20.427 	 132.6 	 300 	 211 	 197 	 4680 	-8.3 
 52.32 	 5.23 	 125.6 	 27.96 	 39 	 20.464 	 133.6 	 301 	 211 	 196 	 4680 	-8.4 
 52.52 	 5.25 	 125.5 	 28.28 	 40 	 20.484 	 132.9 	 300 	 211 	 197 	 4679 	-8.5 
 52.72 	 5.27 	 125.6 	 28.24 	 40 	 20.497 	 132.5 	 301 	 212 	 196 	 4678 	-8.8 
 52.92 	 5.29 	 125.6 	 28.47 	 40 	 20.523 	 133.3 	 301 	 210 	 196 	 4678 	-8 
 53.13 	 5.31 	 125.6 	 28.48 	 41 	 20.511 	 133.6 	 301 	 211 	 196 	 4679 	-8.5 
 53.33 	 5.33 	 125.8 	 28.68 	 41 	 20.536 	 133.1 	 301 	 211 	 196 	 4679 	-8.6 
 53.53 	 5.35 	 125.6 	 28.37 	 40 	 20.535 	 132.4 	 301 	 211 	 196 	 4678 	-7.6 
 53.73 	 5.37 	 125.6 	 28.14 	 40 	 20.548 	 133.2 	 301 	 210 	 196 	 4680 	-8.8 
 53.93 	 5.39 	 125.6 	 28.2 	 40 	 20.549 	 133.6 	 300 	 211 	 196 	 4679 	-8.6 
 54.14 	 5.41 	 125.6 	 28.18 	 39 	 20.541 	 132.9 	 301 	 211 	 196 	 4678 	-8.6 
 54.34 	 5.43 	 125.6 	 27.98 	 40 	 20.545 	 132.8 	 300 	 211 	 196 	 4679 	-8.5 
 54.54 	 5.45 	 125.7 	 27.79 	 39 	 20.544 	 133.4 	 301 	 211 	 196 	 4678 	-8.5 
 54.74 	 5.47 	 125.6 	 27.1 	 37 	 20.529 	 133.2 	 301 	 211 	 196 	 4678 	-8 
 54.94 	 5.49 	 125.6 	 25.57 	 36 	 20.517 	 132.7 	 300 	 212 	 196 	 4680 	-8.4 
 55.15 	 5.51 	 125.7 	 24.77 	 35 	 20.507 	 133.3 	 301 	 211 	 196 	 4682 	-8.3 
 55.35 	 5.53 	 125.6 	 23.92 	 33 	 20.493 	 133.7 	 301 	 210 	 196 	 4682 	-8.5 
 55.55 	 5.55 	 125.7 	 23.21 	 32 	 20.459 	 132.7 	 300 	 211 	 195 	 4681 	-8.5 
 55.75 	 5.57 	 125.7 	 21.65 	 30 	 20.419 	 132.7 	 301 	 211 	 196 	 4680 	-8.4 
 55.95 	 5.59 	 125.6 	 20.9 	 30 	 20.403 	 133.3 	 301 	 211 	 196 	 4681 	-8.6 
 56.16 	 5.61 	 125.5 	 20.32 	 27 	 20.384 	 133.5 	 301 	 210 	 196 	 4680 	-8.3 
 56.36 	 5.63 	 125.6 	 18.95 	 26 	 20.318 	 132.6 	 300 	 211 	 196 	 4678 	-8.3 
 56.56 	 5.65 	 125.5 	 18.42 	 26 	 20.309 	 132.7 	 300 	 212 	 196 	 4679 	-8.3 
 56.76 	 5.67 	 125.4 	 17.98 	 24 	 20.259 	 133.5 	 301 	 210 	 196 	 4680 	-8.5 
 56.96 	 5.69 	 125.5 	 17.28 	 24 	 20.252 	 132.8 	 300 	 211 	 196 	 4677 	-8.4 
 57.17 	 5.71 	 125.4 	 16.47 	 23 	 20.185 	 132.5 	 300 	 212 	 196 	 4677 	-8.3 
 57.37 	 5.73 	 125.4 	 16.16 	 22 	 20.166 	 133.5 	 300 	 212 	 197 	 4677 	-8.4 
 57.57 	 5.75 	 125.4 	 15.85 	 21 	 20.134 	 133.8 	 301 	 212 	 197 	 4677 	-8.6 
 57.77 	 5.77 	 125.3 	 15.29 	 22 	 20.094 	 132.9 	 300 	 213 	 197 	 4678 	-8.3 
 57.97 	 5.79 	 125.2 	 15.2 	 22 	 20.084 	 132.6 	 300 	 212 	 197 	 4676 	-8.1 
 58.18 	 5.81 	 125.3 	 15.12 	 22 	 20.067 	 133.4 	 300 	 212 	 197 	 4678 	-7.8 
 58.38 	 5.83 	 125.3 	 15.01 	 22 	 20.073 	 133.4 	 300 	 212 	 196 	 4680 	-8.4 
 58.58 	 5.85 	 125.3 	 15.23 	 21 	 20.066 	 132.9 	 300 	 212 	 197 	 4678 	-8.5 
 58.78 	 5.87 	 125.4 	 15.12 	 21 	 20.067 	 132.3 	 300 	 212 	 198 	 4680 	-8.5 
 58.98 	 5.89 	 125.3 	 15.06 	 22 	 20.06 	 133.4 	 300 	 213 	 197 	 4679 	-7.8 
 59.19 	 5.91 	 125.3 	 15.24 	 22 	 20.067 	 133.2 	 300 	 212 	 197 	 4676 	-8.1 
 59.39 	 5.93 	 125.4 	 15.46 	 22 	 20.057 	 132.2 	 300 	 213 	 197 	 4679 	-8.5 
 59.59 	 5.95 	 125.3 	 15.9 	 23 	 20.062 	 133.1 	 300 	 213 	 198 	 4680 	-8.4 
 59.79 	 5.98 	 125.2 	 16.99 	 24 	 20.112 	 133.4 	 300 	 213 	 198 	 4680 	-8.6 
 59.99 	 6 	 125.4 	 17.76 	 26 	 20.144 	 133.4 	 300 	 213 	 198 	 4680 	-8.4 
 60.2 	 6.02 	 125.2 	 18.52 	 27 	 20.152 	 132.1 	 300 	 213 	 198 	 4680 	-8.3 
 60.4 	 6.04 	 125.5 	 19.25 	 28 	 20.197 	 133 	 300 	 212 	 198 	 4678 	-8.4 
 60.6 	 6.06 	 125.4 	 20.8 	 30 	 20.28 	 133.4 	 300 	 213 	 197 	 4678 	-8.3 
 60.8 	 6.08 	 125.4 	 21.63 	 31 	 20.301 	 132.8 	 300 	 213 	 197 	 4679 	-8.6 
 61 	 6.1 	 125.4 	 22.47 	 34 	 20.355 	 132.3 	 300 	 212 	 197 	 4678 	-8.5 
 61.21 	 6.12 	 125.6 	 24.19 	 34 	 20.402 	 133 	 300 	 212 	 197 	 4678 	-8.1 
 61.41 	 6.14 	 125.5 	 24.87 	 36 	 20.443 	 133.9 	 301 	 212 	 197 	 4678 	-8.5 
 61.61 	 6.16 	 125.7 	 25.64 	 37 	 20.471 	 133.1 	 301 	 212 	 197 	 4680 	-8.1 
 61.81 	 6.18 	 125.5 	 26.1 	 37 	 20.489 	 132.3 	 302 	 212 	 197 	 4678 	-8.6 
 62.01 	 6.2 	 125.6 	 27.09 	 39 	 20.528 	 133.1 	 301 	 212 	 197 	 4681 	-8.3 
 62.22 	 6.22 	 125.7 	 27.6 	 40 	 20.562 	 133.5 	 300 	 212 	 197 	 4681 	-8.6 
 62.42 	 6.24 	 125.7 	 27.85 	 40 	 20.578 	 132.6 	 300 	 211 	 197 	 4681 	-8.9 
 62.62 	 6.26 	 125.8 	 28.38 	 40 	 20.582 	 132.8 	 301 	 211 	 197 	 4680 	-8.3 
 62.82 	 6.28 	 125.7 	 28.4 	 40 	 20.609 	 133.3 	 301 	 211 	 196 	 4680 	-8.6 
 63.02 	 6.3 	 125.7 	 28.56 	 40 	 20.617 	 133.5 	 301 	 211 	 196 	 4679 	-8.1 
 63.23 	 6.32 	 125.8 	 28.35 	 41 	 20.634 	 133.1 	 301 	 211 	 196 	 4679 	-8.3 
 63.43 	 6.34 	 125.8 	 28.53 	 40 	 20.642 	 132.8 	 301 	 211 	 196 	 4679 	-8.4 
 63.63 	 6.36 	 125.8 	 28.43 	 40 	 20.647 	 133.6 	 301 	 211 	 196 	 4677 	-7.9 
 63.83 	 6.38 	 125.7 	 28.21 	 40 	 20.646 	 133.2 	 301 	 211 	 196 	 4679 	-8.4 
 64.03 	 6.4 	 125.8 	 28.19 	 40 	 20.639 	 132.4 	 301 	 210 	 196 	 4678 	-8.4 
 64.24 	 6.42 	 125.8 	 28.15 	 40 	 20.655 	 132.8 	 301 	 211 	 197 	 4681 	-8.4 
 64.44 	 6.44 	 125.8 	 28.09 	 38 	 20.641 	 133.8 	 301 	 211 	 196 	 4678 	-8.4 
 64.64 	 6.46 	 125.7 	 27.03 	 38 	 20.649 	 133.2 	 301 	 211 	 196 	 4679 	-9 
 64.84 	 6.48 	 125.8 	 26.35 	 36 	 20.629 	 132.4 	 301 	 211 	 196 	 4682 	-8.6 
 65.04 	 6.5 	 125.7 	 25.66 	 35 	 20.615 	 133 	 301 	 211 	 196 	 4676 	-7.5 
 65.25 	 6.52 	 125.6 	 24.77 	 33 	 20.609 	 133.5 	 301 	 211 	 196 	 4679 	-8 
 65.45 	 6.54 	 125.7 	 23.17 	 32 	 20.562 	 133 	 301 	 211 	 196 	 4680 	-8.6 
 65.65 	 6.56 	 125.7 	 22.48 	 31 	 20.533 	 132.9 	 300 	 211 	 196 	 4678 	-8.1 
 65.85 	 6.58 	 125.7 	 21.6 	 30 	 20.508 	 133.3 	 301 	 210 	 196 	 4679 	-8.8 
 66.05 	 6.6 	 125.6 	 20.29 	 28 	 20.469 	 133.3 	 300 	 211 	 196 	 4681 	-8.5 
 66.26 	 6.62 	 125.6 	 19.5 	 27 	 20.453 	 132.2 	 300 	 211 	 196 	 4677 	-8.6 
 66.46 	 6.64 	 125.7 	 19.01 	 25 	 20.41 	 132.4 	 301 	 211 	 196 	 4679 	-8.1 
 66.66 	 6.66 	 125.4 	 17.93 	 25 	 20.365 	 133.6 	 301 	 211 	 197 	 4679 	-8.5 
 66.86 	 6.68 	 125.6 	 17.36 	 24 	 20.342 	 133.5 	 301 	 212 	 196 	 4676 	-8.1 
 67.06 	 6.7 	 125.4 	 16.89 	 24 	 20.324 	 132.2 	 301 	 212 	 197 	 4679 	-8.3 
 67.27 	 6.72 	 125.5 	 16.57 	 22 	 20.29 	 132.9 	 300 	 212 	 197 	 4680 	-8.5 
 67.47 	 6.74 	 125.4 	 15.94 	 22 	 20.223 	 133.9 	 300 	 212 	 197 	 4680 	-8.4 
 67.67 	 6.76 	 125.5 	 15.59 	 22 	 20.209 	 133.1 	 300 	 212 	 196 	 4677 	-8.6 
 67.87 	 6.78 	 125.4 	 15.34 	 22 	 20.199 	 132.5 	 300 	 213 	 197 	 4678 	-8.3 
 68.07 	 6.8 	 125.4 	 15.06 	 21 	 20.173 	 133 	 301 	 213 	 197 	 4677 	-8.3 
 68.28 	 6.82 	 125.4 	 15.2 	 21 	 20.158 	 133.2 	 300 	 213 	 197 	 4678 	-8.6 
 68.48 	 6.84 	 125.4 	 15.21 	 21 	 20.166 	 133.1 	 300 	 213 	 197 	 4679 	-8.5 
 68.68 	 6.86 	 125.4 	 15.13 	 22 	 20.166 	 132.7 	 300 	 212 	 197 	 4678 	-8.5 
 68.88 	 6.88 	 125.4 	 15.31 	 21 	 20.144 	 133.3 	 301 	 212 	 198 	 4681 	-8.5 
 69.08 	 6.9 	 125.2 	 15.16 	 21 	 20.163 	 133.4 	 300 	 212 	 197 	 4679 	-8.5 
 69.29 	 6.92 	 125.3 	 15.19 	 22 	 20.163 	 133.3 	 301 	 213 	 197 	 4678 	-8.3 
 69.49 	 6.94 	 125.5 	 16.06 	 23 	 20.162 	 132.3 	 301 	 213 	 197 	 4678 	-8.4 
 69.69 	 6.97 	 125.4 	 16.42 	 24 	 20.171 	 133.7 	 300 	 212 	 198 	 4678 	-8.4 
 69.89 	 6.99 	 125.4 	 17.01 	 25 	 20.201 	 133.6 	 300 	 213 	 197 	 4679 	-8.4 
 70.09 	 7.01 	 125.4 	 17.7 	 27 	 20.224 	 133 	 300 	 213 	 197 	 4679 	-8.8 
 70.3 	 7.03 	 125.4 	 19.24 	 28 	 20.308 	 132.5 	 300 	 212 	 198 	 4678 	-8.6 
 70.5 	 7.05 	 125.4 	 20.1 	 29 	 20.327 	 133.2 	 300 	 213 	 198 	 4679 	-8.4 
 70.7 	 7.07 	 125.5 	 20.85 	 31 	 20.361 	 133.4 	 300 	 213 	 198 	 4678 	-8.1 
 70.9 	 7.09 	 125.6 	 22.4 	 33 	 20.438 	 132.7 	 300 	 213 	 197 	 4679 	-8.3 
 71.1 	 7.11 	 125.6 	 23.36 	 34 	 20.462 	 132.7 	 301 	 212 	 198 	 4680 	-8.8 
 71.31 	 7.13 	 125.7 	 24.03 	 36 	 20.504 	 133.4 	 300 	 212 	 198 	 4679 	-8.5 
 71.51 	 7.15 	 125.8 	 25.66 	 37 	 20.558 	 133.3 	 301 	 212 	 197 	 4680 	-8.4 
 71.71 	 7.17 	 125.8 	 26.07 	 38 	 20.606 	 132.5 	 301 	 212 	 197 	 4681 	-8.8 
 71.91 	 7.19 	 125.7 	 26.72 	 39 	 20.597 	 132.6 	 301 	 211 	 197 	 4677 	-8.4 
 72.11 	 7.21 	 125.7 	 27.16 	 39 	 20.627 	 133.8 	 301 	 212 	 197 	 4682 	-8.8 
 72.32 	 7.23 	 125.7 	 27.84 	 40 	 20.673 	 132.9 	 301 	 210 	 196 	 4679 	-8.4 
 72.52 	 7.25 	 125.8 	 28 	 40 	 20.677 	 132.4 	 301 	 212 	 196 	 4679 	-8.9 
 72.72 	 7.27 	 125.8 	 28.32 	 41 	 20.699 	 132.7 	 301 	 212 	 196 	 4679 	-8.4 
 72.92 	 7.29 	 125.8 	 28.57 	 41 	 20.729 	 133.6 	 301 	 211 	 196 	 4678 	-8.6 
 73.12 	 7.31 	 125.8 	 28.44 	 40 	 20.727 	 133.1 	 301 	 211 	 196 	 4679 	-8.5 
 73.33 	 7.33 	 125.8 	 28.46 	 40 	 20.738 	 132.8 	 301 	 211 	 196 	 4678 	-8.5 
 73.53 	 7.35 	 125.9 	 28.45 	 40 	 20.732 	 132.7 	 301 	 211 	 196 	 4679 	-8.5 
 73.73 	 7.37 	 125.8 	 28.33 	 40 	 20.728 	 133.5 	 301 	 211 	 195 	 4676 	-8.5 
 73.93 	 7.39 	 125.9 	 28.23 	 40 	 20.745 	 133.1 	 301 	 211 	 196 	 4679 	-8.1 
 74.13 	 7.41 	 125.7 	 28.23 	 39 	 20.742 	 132.7 	 301 	 212 	 196 	 4677 	-8.4 
 74.34 	 7.43 	 125.9 	 28.06 	 40 	 20.729 	 133.4 	 301 	 211 	 196 	 4677 	-8.1 
 74.54 	 7.45 	 125.8 	 27.68 	 39 	 20.736 	 133.8 	 301 	 211 	 196 	 4677 	-8.5 
 74.74 	 7.47 	 125.8 	 27.09 	 37 	 20.75 	 132.9 	 301 	 211 	 196 	 4679 	-8.5 
 74.94 	 7.49 	 125.9 	 25.44 	 36 	 20.71 	 132.6 	 300 	 211 	 196 	 4678 	-8.1 
 75.14 	 7.51 	 125.8 	 24.59 	 35 	 20.701 	 133.7 	 301 	 211 	 196 	 4682 	-8.8 
 75.35 	 7.53 	 125.8 	 24.03 	 32 	 20.675 	 133.6 	 301 	 211 	 197 	 4680 	-8.4 
 75.55 	 7.55 	 125.9 	 23.09 	 31 	 20.649 	 132.5 	 301 	 211 	 196 	 4680 	-8.4 
 75.75 	 7.57 	 125.8 	 21.65 	 30 	 20.616 	 132.7 	 300 	 210 	 197 	 4680 	-8.4 
 75.95 	 7.59 	 125.6 	 20.96 	 29 	 20.584 	 133.5 	 301 	 211 	 196 	 4678 	-8.5 
 76.15 	 7.61 	 125.7 	 20.25 	 27 	 20.56 	 133.3 	 300 	 211 	 196 	 4678 	-8.5 
 76.36 	 7.63 	 125.7 	 18.94 	 26 	 20.525 	 132.6 	 301 	 211 	 196 	 4682 	-8.4 
 76.56 	 7.65 	 125.8 	 18.3 	 26 	 20.492 	 133.2 	 300 	 211 	 197 	 4678 	-8.6 
 76.76 	 7.67 	 125.6 	 17.76 	 25 	 20.462 	 133.6 	 300 	 212 	 196 	 4677 	-8.1 
 76.96 	 7.69 	 125.7 	 17.35 	 23 	 20.433 	 133.1 	 301 	 212 	 196 	 4677 	-8.4 
 77.16 	 7.71 	 125.5 	 16.54 	 23 	 20.367 	 132.7 	 301 	 211 	 197 	 4678 	-8.3 
 77.37 	 7.73 	 125.5 	 16.18 	 23 	 20.356 	 132.9 	 300 	 211 	 197 	 4677 	-8 
 77.57 	 7.75 	 125.4 	 15.94 	 22 	 20.323 	 133.7 	 300 	 212 	 197 	 4678 	-7.9 
 77.77 	 7.77 	 125.5 	 15.41 	 21 	 20.299 	 132.9 	 300 	 212 	 197 	 4680 	-8.4 
 77.97 	 7.79 	 125.6 	 15.28 	 23 	 20.279 	 132.7 	 300 	 212 	 197 	 4680 	-8.5 
 78.17 	 7.81 	 125.4 	 15.18 	 21 	 20.267 	 133.4 	 301 	 213 	 197 	 4676 	-8 
 78.38 	 7.83 	 125.4 	 15.2 	 21 	 20.246 	 133.5 	 301 	 213 	 197 	 4680 	-8.6 
 78.58 	 7.85 	 125.4 	 15.08 	 21 	 20.24 	 133 	 300 	 212 	 197 	 4680 	-8.6 
 78.78 	 7.87 	 125.6 	 15.15 	 22 	 20.25 	 132.9 	 300 	 212 	 197 	 4677 	-8.5 
 78.98 	 7.89 	 125.4 	 15.16 	 21 	 20.256 	 133.8 	 301 	 212 	 198 	 4680 	-8.3 
 79.18 	 7.91 	 125.5 	 15.16 	 21 	 20.252 	 133.6 	 300 	 213 	 197 	 4678 	-8.4 
 79.39 	 7.93 	 125.5 	 15.52 	 22 	 20.257 	 132.5 	 300 	 213 	 197 	 4678 	-8.3 
 79.59 	 7.96 	 125.5 	 16.01 	 23 	 20.258 	 132.7 	 300 	 213 	 197 	 4678 	-8.5 
 79.79 	 7.98 	 125.5 	 17.05 	 25 	 20.297 	 133.5 	 300 	 213 	 198 	 4679 	-8.3 
 79.99 	 8 	 125.4 	 17.87 	 26 	 20.333 	 133.2 	 300 	 212 	 199 	 4679 	-7.9 
 80.19 	 8.02 	 125.5 	 18.34 	 28 	 20.371 	 132.3 	 300 	 213 	 198 	 4678 	-8 
 80.4 	 8.04 	 125.6 	 19.18 	 29 	 20.395 	 132.6 	 300 	 213 	 198 	 4680 	-8.3 
 80.6 	 8.06 	 125.8 	 20.73 	 31 	 20.479 	 133.8 	 300 	 212 	 197 	 4678 	-8.3 
 80.8 	 8.08 	 125.7 	 21.71 	 32 	 20.497 	 133.2 	 300 	 213 	 197 	 4678 	-7.9 
 81 	 8.1 	 125.8 	 22.64 	 33 	 20.524 	 132.9 	 300 	 212 	 198 	 4680 	-7.9 
 81.2 	 8.12 	 125.8 	 24.1 	 34 	 20.597 	 132.7 	 300 	 212 	 197 	 4679 	-8.4 
 81.41 	 8.14 	 125.7 	 24.97 	 36 	 20.636 	 133.6 	 300 	 212 	 197 	 4677 	-8.3 
 81.61 	 8.16 	 125.8 	 25.61 	 37 	 20.651 	 133.3 	 301 	 212 	 197 	 4680 	-8.3 
 81.81 	 8.18 	 125.8 	 26.28 	 38 	 20.684 	 132.4 	 301 	 212 	 197 	 4681 	-8.5 
 82.01 	 8.2 	 125.9 	 27.27 	 39 	 20.726 	 132.8 	 300 	 212 	 196 	 4680 	-8.4 
 82.21 	 8.22 	 125.9 	 27.6 	 39 	 20.734 	 133.2 	 301 	 211 	 196 	 4680 	-8.1 
 82.42 	 8.24 	 126 	 27.74 	 40 	 20.76 	 133.5 	 300 	 212 	 196 	 4679 	-8.5 
 82.62 	 8.26 	 125.9 	 28.39 	 40 	 20.774 	 132.7 	 301 	 212 	 196 	 4678 	-8.5 
 82.82 	 8.28 	 125.9 	 28.2 	 40 	 20.817 	 133.1 	 301 	 211 	 196 	 4675 	-8 
 83.02 	 8.3 	 125.9 	 28.53 	 40 	 20.807 	 133.2 	 301 	 211 	 197 	 4677 	-8.3 
 83.22 	 8.32 	 125.9 	 28.51 	 40 	 20.82 	 132.7 	 301 	 211 	 196 	 4680 	-8.6 
 83.43 	 8.34 	 126 	 28.67 	 40 	 20.818 	 132.4 	 301 	 212 	 196 	 4679 	-8.5 
 83.63 	 8.36 	 126 	 28.4 	 40 	 20.836 	 133.4 	 301 	 210 	 196 	 4679 	-8.4 
 83.83 	 8.38 	 126 	 28.47 	 40 	 20.827 	 133.6 	 300 	 211 	 196 	 4680 	-8.1 
 84.03 	 8.4 	 125.9 	 28.3 	 40 	 20.835 	 132.6 	 300 	 211 	 196 	 4678 	-7.8 
 84.23 	 8.42 	 126 	 28.13 	 39 	 20.837 	 132.9 	 301 	 211 	 197 	 4679 	-8.4 
 84.44 	 8.44 	 126 	 27.98 	 39 	 20.849 	 133.2 	 301 	 211 	 196 	 4678 	-8.6 
 84.64 	 8.46 	 126 	 26.97 	 37 	 20.833 	 133.4 	 300 	 211 	 196 	 4677 	-8.6 
 84.84 	 8.48 	 126 	 26.4 	 36 	 20.82 	 132.3 	 301 	 211 	 196 	 4680 	-8.4 
 85.04 	 8.5 	 125.9 	 25.58 	 35 	 20.802 	 133 	 300 	 210 	 196 	 4679 	-7.8 
 85.24 	 8.52 	 126 	 24.76 	 33 	 20.777 	 133.7 	 301 	 211 	 196 	 4678 	-8.8 
 85.45 	 8.54 	 125.8 	 23.17 	 32 	 20.733 	 133 	 300 	 211 	 196 	 4678 	-8.6 
 85.65 	 8.56 	 125.8 	 22.42 	 30 	 20.736 	 132.2 	 300 	 211 	 196 	 4677 	-8.3 
 85.85 	 8.58 	 125.8 	 21.66 	 29 	 20.709 	 133 	 300 	 211 	 196 	 4679 	-8.8 
 86.05 	 8.6 	 125.8 	 20.31 	 28 	 20.662 	 133.6 	 300 	 211 	 196 	 4680 	-8.6 
 86.25 	 8.62 	 125.7 	 19.55 	 27 	 20.624 	 133.4 	 300 	 212 	 196 	 4679 	-8.1 
 86.46 	 8.64 	 125.8 	 18.91 	 25 	 20.605 	 132.4 	 300 	 212 	 197 	 4679 	-8.5 
 86.66 	 8.66 	 125.7 	 17.75 	 25 	 20.558 	 133 	 300 	 211 	 197 	 4678 	-8.1 
 86.86 	 8.68 	 125.7 	 17.35 	 24 	 20.518 	 133.5 	 300 	 211 	 198 	 4681 	-8.8 
 87.06 	 8.7 	 125.7 	 16.99 	 23 	 20.499 	 133 	 300 	 212 	 196 	 4676 	-8.4 
 87.26 	 8.72 	 125.7 	 16.4 	 23 	 20.466 	 132 	 300 	 211 	 198 	 4680 	-7.6 
 87.47 	 8.74 	 125.5 	 15.85 	 21 	 20.419 	 133.5 	 300 	 212 	 197 	 4681 	-8.6 
 87.67 	 8.76 	 125.6 	 15.55 	 22 	 20.395 	 133.7 	 300 	 212 	 197 	 4681 	-8.5 
 87.87 	 8.78 	 125.7 	 15.45 	 21 	 20.37 	 132.7 	 300 	 212 	 197 	 4677 	-8.3 
 88.07 	 8.8 	 125.5 	 15.13 	 21 	 20.35 	 132.3 	 300 	 212 	 197 	 4679 	-8.5 
 88.27 	 8.82 	 125.6 	 15.12 	 22 	 20.33 	 133.7 	 300 	 212 	 197 	 4679 	-8.3 
 88.48 	 8.84 	 125.6 	 15.06 	 22 	 20.345 	 133.4 	 300 	 212 	 197 	 4677 	-8.5 
 88.68 	 8.86 	 125.6 	 15.08 	 21 	 20.346 	 132.5 	 300 	 212 	 198 	 4678 	-8.4 
 88.88 	 8.88 	 125.5 	 15.03 	 21 	 20.345 	 132.4 	 300 	 213 	 198 	 4680 	-8.5 
 89.08 	 8.9 	 125.6 	 15.32 	 22 	 20.333 	 133.2 	 300 	 212 	 198 	 4683 	-8.8 
 89.28 	 8.92 	 125.6 	 15.06 	 22 	 20.347 	 133.6 	 300 	 213 	 198 	 4677 	-8.8 
 89.49 	 8.95 	 125.6 	 16.05 	 23 	 20.337 	 133 	 301 	 212 	 197 	 4677 	-8.4 
 89.69 	 8.97 	 125.5 	 16.4 	 24 	 20.357 	 132.4 	 300 	 213 	 197 	 4677 	-8.1 
 89.89 	 8.99 	 125.6 	 17 	 25 	 20.386 	 133.2 	 300 	 213 	 198 	 4678 	-8.5 
 90.09 	 9.01 	 125.6 	 18.52 	 27 	 20.448 	 133.6 	 300 	 213 	 198 	 4677 	-8.4 
 90.29 	 9.03 	 125.7 	 19.24 	 28 	 20.47 	 132.8 	 300 	 213 	 198 	 4682 	-8.6 
 90.5 	 9.05 	 125.7 	 20.04 	 30 	 20.523 	 132.2 	 300 	 213 	 197 	 4678 	-8.3 
 90.7 	 9.07 	 125.6 	 20.84 	 30 	 20.554 	 133.2 	 300 	 212 	 198 	 4683 	-8.3 
 90.9 	 9.09 	 125.7 	 22.42 	 33 	 20.628 	 133.3 	 301 	 212 	 198 	 4679 	-8.4 
 91.1 	 9.11 	 125.9 	 23.51 	 35 	 20.671 	 132.9 	 301 	 212 	 198 	 4678 	-8.3 
 91.3 	 9.13 	 125.8 	 24.18 	 35 	 20.681 	 132.5 	 301 	 212 	 197 	 4676 	-8.6 
 91.51 	 9.15 	 126 	 25.45 	 37 	 20.734 	 133 	 301 	 212 	 197 	 4679 	-8.5 
 91.71 	 9.17 	 125.8 	 26.26 	 37 	 20.776 	 133.6 	 301 	 212 	 196 	 4681 	-8.6 
 91.91 	 9.19 	 125.8 	 26.68 	 38 	 20.811 	 133 	 301 	 212 	 197 	 4681 	-9.1 
 92.11 	 9.21 	 125.9 	 27.23 	 39 	 20.822 	 132.8 	 301 	 212 	 197 	 4680 	-8.5 
 92.31 	 9.23 	 126 	 27.9 	 40 	 20.851 	 132.8 	 300 	 212 	 196 	 4681 	-8.6 
 92.52 	 9.25 	 125.9 	 28.23 	 40 	 20.867 	 133.5 	 300 	 212 	 197 	 4678 	-8.3 
 92.72 	 9.27 	 125.9 	 28.27 	 41 	 20.889 	 133.2 	 301 	 211 	 196 	 4677 	-8.1 
 92.92 	 9.29 	 126 	 28.61 	 41 	 20.893 	 132.3 	 301 	 211 	 196 	 4680 	-8.4 
 93.12 	 9.31 	 126.1 	 28.59 	 40 	 20.918 	 133 	 301 	 211 	 196 	 4678 	-8.3 
 93.32 	 9.33 	 125.9 	 28.62 	 41 	 20.912 	 133.8 	 301 	 211 	 196 	 4677 	-8.1 
 93.53 	 9.35 	 126 	 28.49 	 40 	 20.92 	 132.9 	 301 	 211 	 196 	 4677 	-8.4 
 93.73 	 9.37 	 125.9 	 28.47 	 39 	 20.92 	 132.8 	 301 	 211 	 197 	 4678 	-8.8 
 93.93 	 9.39 	 126 	 28.27 	 40 	 20.913 	 132.7 	 301 	 211 	 196 	 4675 	-8.6 
 94.13 	 9.41 	 126 	 28.27 	 39 	 20.928 	 133.7 	 301 	 211 	 196 	 4682 	-8.9 
 94.33 	 9.43 	 126 	 28.01 	 40 	 20.932 	 133.3 	 301 	 210 	 196 	 4679 	-8.4 
 94.54 	 9.45 	 126 	 27.73 	 38 	 20.927 	 132.6 	 301 	 211 	 196 	 4681 	-8.4 
 94.74 	 9.47 	 126 	 27.13 	 37 	 20.922 	 132.9 	 301 	 211 	 196 	 4679 	-8.4 
 94.94 	 9.49 	 126 	 25.42 	 36 	 20.899 	 133.4 	 301 	 211 	 196 	 4679 	-9 
 95.14 	 9.51 	 126 	 24.74 	 33 	 20.876 	 133.1 	 301 	 211 	 196 	 4676 	-8.5 
 95.34 	 9.53 	 125.9 	 23.98 	 33 	 20.837 	 132.3 	 300 	 211 	 196 	 4677 	-8.6 
 95.55 	 9.55 	 125.8 	 22.92 	 31 	 20.846 	 133.3 	 301 	 211 	 196 	 4678 	-8.6 
 95.75 	 9.57 	 125.9 	 21.65 	 30 	 20.79 	 133.4 	 300 	 212 	 196 	 4682 	-8.4 
 95.95 	 9.59 	 125.9 	 20.98 	 28 	 20.777 	 133.4 	 301 	 211 	 197 	 4680 	-8.5 
 96.15 	 9.61 	 125.8 	 20.2 	 27 	 20.738 	 132.6 	 301 	 211 	 196 	 4678 	-8.5 
 96.35 	 9.63 	 125.9 	 18.82 	 26 	 20.696 	 132.6 	 300 	 211 	 197 	 4679 	-8.6 
 96.56 	 9.65 	 125.9 	 18.32 	 26 	 20.665 	 133.4 	 300 	 212 	 196 	 4677 	-8 
 96.76 	 9.67 	 125.8 	 18.03 	 25 	 20.639 	 133.5 	 300 	 211 	 197 	 4678 	-8.3 
 96.96 	 9.69 	 125.7 	 17.3 	 24 	 20.612 	 132.8 	 300 	 212 	 197 	 4679 	-8.3 
 97.16 	 9.71 	 125.7 	 16.46 	 23 	 20.547 	 132.5 	 300 	 211 	 197 	 4680 	-8.9 
 97.36 	 9.73 	 125.7 	 16.06 	 23 	 20.531 	 133.5 	 301 	 212 	 197 	 4683 	-8.8 
 97.57 	 9.75 	 125.7 	 15.6 	 22 	 20.506 	 133.6 	 300 	 213 	 197 	 4677 	-8.4 
 97.77 	 9.77 	 125.7 	 15.32 	 22 	 20.463 	 132.6 	 300 	 212 	 198 	 4679 	-8.3 
 97.97 	 9.79 	 125.6 	 15.29 	 21 	 20.46 	 132.5 	 300 	 213 	 198 	 4680 	-7.9 
 98.17 	 9.81 	 125.6 	 15.17 	 21 	 20.44 	 133.5 	 300 	 213 	 198 	 4677 	-8.8 
 98.37 	 9.83 	 125.6 	 15.19 	 21 	 20.428 	 133.5 	 300 	 213 	 198 	 4680 	-8.4 
 98.58 	 9.85 	 125.6 	 15.19 	 22 	 20.433 	 132.8 	 300 	 212 	 198 	 4680 	-8.5 
 98.78 	 9.87 	 125.5 	 15.16 	 22 	 20.424 	 132.5 	 300 	 213 	 198 	 4678 	-8.4 
 98.98 	 9.89 	 125.7 	 15 	 22 	 20.437 	 133 	 300 	 212 	 198 	 4677 	-8.5 
 99.18 	 9.91 	 125.7 	 15.21 	 21 	 20.436 	 134 	 300 	 213 	 197 	 4678 	-8.1 
 99.38 	 9.93 	 125.6 	 15.35 	 23 	 20.425 	 132.9 	 300 	 213 	 198 	 4678 	-8.3 
 99.59 	 9.96 	 125.6 	 15.94 	 24 	 20.433 	 132.3 	 301 	 212 	 198 	 4681 	-8.3 
 99.79 	 9.98 	 125.6 	 16.98 	 25 	 20.48 	 133.2 	 300 	 213 	 198 	 4680 	-8.8 
 99.99 	 10 	 125.6 	 17.71 	 26 	 20.505 	 133.4 	 301 	 212 	 198 	 4679 	-8.4 
4 
