时间(S)	振次	轴位移(mm)	力(kN)	应力(kPa)	变形(mm)	侧位移(mm)	围压(kPa)	孔压(kPa)	反压(kPa)	体变(ml)	小体变(ml)
0.00	0.00	 127 	 21.85 	 309 	 21.884 	 133.3 	 301 	 214 	 199 	 4679 	-8.4 
 .2 	 .02 	 126.9 	 21.97 	 31 	 21.886 	 132.9 	 301 	 213 	 199 	 4678 	-8.4 
 .4 	 .04 	 127 	 21.91 	 31 	 21.895 	 133 	 300 	 213 	 198 	 4678 	-8.5 
 .61 	 .06 	 126.9 	 22.11 	 33 	 21.917 	 133.5 	 301 	 214 	 199 	 4678 	-8.3 
 .81 	 .08 	 126.8 	 22.66 	 33 	 21.915 	 133.8 	 301 	 213 	 199 	 4680 	-7.5 
 1.01 	 .1 	 127 	 23.34 	 34 	 21.936 	 133.3 	 301 	 213 	 199 	 4677 	-8.4 
 1.21 	 .12 	 126.8 	 23.88 	 35 	 21.962 	 133 	 300 	 214 	 199 	 4679 	-8.6 
 1.41 	 .14 	 126.9 	 25.42 	 37 	 22.024 	 132.8 	 301 	 214 	 198 	 4681 	-8.4 
 1.62 	 .16 	 127 	 26.11 	 38 	 22.044 	 132.7 	 300 	 213 	 199 	 4680 	-8.4 
 1.82 	 .18 	 127.2 	 26.76 	 39 	 22.075 	 132.6 	 300 	 213 	 198 	 4680 	-8.3 
 2.02 	 .2 	 127.1 	 28.04 	 41 	 22.121 	 132.9 	 301 	 212 	 198 	 4677 	-8.3 
 2.22 	 .22 	 127.1 	 28.44 	 41 	 22.154 	 133.6 	 301 	 212 	 198 	 4681 	-8.4 
 2.42 	 .24 	 127.1 	 28.96 	 41 	 22.164 	 133.8 	 301 	 211 	 197 	 4678 	-8.1 
 2.63 	 .26 	 127.1 	 29.48 	 41 	 22.211 	 133.7 	 302 	 213 	 197 	 4681 	-8.6 
 2.83 	 .28 	 127.2 	 29.41 	 42 	 22.214 	 133.3 	 301 	 212 	 198 	 4677 	-9 
 3.03 	 .3 	 127.2 	 29.52 	 42 	 22.238 	 133 	 301 	 212 	 198 	 4676 	-8.9 
 3.23 	 .32 	 127.2 	 29.76 	 41 	 22.229 	 132.8 	 302 	 212 	 197 	 4676 	-8.6 
 3.43 	 .34 	 127.2 	 29.6 	 42 	 22.26 	 132.6 	 302 	 212 	 196 	 4678 	-8.1 
 3.64 	 .36 	 127.2 	 29.3 	 41 	 22.253 	 133 	 301 	 211 	 197 	 4678 	-8.5 
 3.84 	 .38 	 127.3 	 29.33 	 42 	 22.254 	 132.9 	 302 	 211 	 197 	 4680 	-8.4 
 4.04 	 .4 	 127.3 	 29.44 	 42 	 22.263 	 133.4 	 301 	 212 	 196 	 4679 	-8.5 
 4.24 	 .42 	 127.2 	 29.16 	 41 	 22.257 	 133.6 	 301 	 212 	 197 	 4680 	-8.9 
 4.44 	 .44 	 127.2 	 28.81 	 40 	 22.271 	 133.6 	 301 	 212 	 197 	 4680 	-8.6 
 4.65 	 .46 	 127.2 	 28.24 	 37 	 22.262 	 133.4 	 301 	 212 	 197 	 4676 	-8.1 
 4.85 	 .48 	 127.2 	 26.45 	 37 	 22.223 	 133.1 	 301 	 211 	 197 	 4677 	-8.3 
 5.05 	 .5 	 127.2 	 25.61 	 35 	 22.223 	 132.7 	 302 	 212 	 196 	 4676 	-8.1 
 5.25 	 .52 	 127.1 	 24.64 	 34 	 22.181 	 132.5 	 301 	 212 	 196 	 4677 	-8.3 
 5.45 	 .54 	 127.1 	 23.06 	 32 	 22.159 	 132.7 	 301 	 212 	 197 	 4677 	-8 
 5.66 	 .56 	 127.1 	 21.88 	 30 	 22.106 	 133.2 	 301 	 211 	 197 	 4679 	-8.5 
 5.86 	 .58 	 127 	 21.09 	 29 	 22.1 	 133.5 	 302 	 212 	 197 	 4678 	-8.1 
 6.06 	 .6 	 127.2 	 20.14 	 27 	 22.064 	 133.5 	 301 	 212 	 198 	 4676 	-8.3 
 6.26 	 .62 	 127.1 	 18.9 	 26 	 22.008 	 133.7 	 302 	 212 	 197 	 4677 	-8.6 
 6.46 	 .64 	 127 	 17.99 	 25 	 21.957 	 133.2 	 301 	 212 	 199 	 4679 	-7.9 
 6.67 	 .66 	 127 	 17.56 	 23 	 21.922 	 133 	 300 	 212 	 197 	 4681 	-8.9 
 6.87 	 .68 	 126.9 	 16.41 	 24 	 21.852 	 133.2 	 300 	 214 	 198 	 4678 	-8.5 
 7.07 	 .7 	 126.9 	 15.85 	 22 	 21.811 	 132.8 	 299 	 213 	 199 	 4682 	-8.5 
 7.27 	 .72 	 126.9 	 15.44 	 21 	 21.793 	 133 	 300 	 213 	 198 	 4676 	-7.9 
 7.47 	 .74 	 126.8 	 14.62 	 20 	 21.696 	 133.4 	 301 	 214 	 199 	 4680 	-8.6 
 7.68 	 .76 	 126.8 	 14.18 	 20 	 21.65 	 133.5 	 300 	 214 	 199 	 4677 	-8 
 7.88 	 .78 	 126.8 	 14 	 20 	 21.633 	 133.6 	 300 	 214 	 199 	 4679 	-8.5 
 8.08 	 .8 	 126.7 	 13.63 	 19 	 21.592 	 133.4 	 300 	 214 	 200 	 4678 	-8.6 
 8.28 	 .82 	 126.7 	 13.72 	 19 	 21.594 	 133 	 300 	 214 	 200 	 4680 	-8.8 
 8.48 	 .84 	 126.8 	 13.74 	 19 	 21.551 	 132.9 	 301 	 215 	 200 	 4679 	-8.6 
 8.69 	 .86 	 126.6 	 13.65 	 19 	 21.573 	 132.6 	 300 	 215 	 199 	 4679 	-8 
 8.89 	 .88 	 126.7 	 13.69 	 19 	 21.575 	 133.1 	 300 	 214 	 200 	 4677 	-7.9 
 9.09 	 .9 	 126.6 	 13.73 	 20 	 21.561 	 133.7 	 300 	 215 	 200 	 4677 	-8.8 
 9.29 	 .92 	 126.7 	 13.92 	 21 	 21.556 	 133.8 	 300 	 215 	 201 	 4678 	-8.3 
 9.49 	 .94 	 126.6 	 14.37 	 22 	 21.572 	 133.6 	 300 	 215 	 200 	 4679 	-8.3 
 9.7 	 .96 	 126.8 	 15.38 	 23 	 21.605 	 133.4 	 300 	 216 	 200 	 4678 	-8.6 
 9.9 	 .99 	 126.8 	 16.4 	 24 	 21.652 	 133 	 300 	 215 	 201 	 4682 	-8.3 
 10.1 	 1.01 	 126.8 	 17.09 	 26 	 21.683 	 132.5 	 300 	 215 	 200 	 4680 	-8.6 
 10.3 	 1.03 	 126.9 	 18.71 	 27 	 21.805 	 132.6 	 300 	 216 	 201 	 4677 	-8 
 10.5 	 1.05 	 126.9 	 19.7 	 29 	 21.841 	 132.6 	 300 	 215 	 200 	 4679 	-8.1 
 10.71 	 1.07 	 127 	 20.47 	 31 	 21.887 	 132.9 	 299 	 215 	 200 	 4675 	-8.4 
 10.91 	 1.09 	 127 	 22.77 	 32 	 22.022 	 132.9 	 300 	 215 	 198 	 4681 	-8.4 
 11.11 	 1.11 	 127 	 24 	 35 	 22.056 	 133.6 	 300 	 213 	 199 	 4680 	-8.1 
 11.31 	 1.13 	 127.1 	 24.88 	 37 	 22.107 	 133.7 	 301 	 213 	 198 	 4679 	-8.5 
 11.51 	 1.15 	 127.2 	 25.83 	 38 	 22.13 	 133.3 	 301 	 213 	 199 	 4683 	-8.4 
 11.72 	 1.17 	 127.1 	 27.3 	 39 	 22.208 	 132.9 	 301 	 213 	 197 	 4679 	-8.3 
 11.92 	 1.19 	 127.3 	 28 	 40 	 22.251 	 132.8 	 302 	 212 	 198 	 4681 	-8.8 
 12.12 	 1.21 	 127.3 	 28.49 	 40 	 22.267 	 133 	 301 	 212 	 198 	 4681 	-8.3 
 12.32 	 1.23 	 127.2 	 29.22 	 42 	 22.319 	 132.8 	 301 	 212 	 197 	 4679 	-8.4 
 12.52 	 1.25 	 127.3 	 29.48 	 42 	 22.353 	 132.9 	 301 	 212 	 198 	 4679 	-8.4 
 12.73 	 1.27 	 127.3 	 29.87 	 41 	 22.36 	 133.4 	 301 	 211 	 197 	 4678 	-8.5 
 12.93 	 1.29 	 127.4 	 30.02 	 42 	 22.38 	 133.6 	 301 	 211 	 197 	 4678 	-8.3 
 13.13 	 1.31 	 127.3 	 29.9 	 42 	 22.405 	 134 	 300 	 211 	 197 	 4678 	-8.9 
 13.33 	 1.33 	 127.3 	 30.01 	 42 	 22.414 	 133.4 	 301 	 211 	 197 	 4682 	-7.6 
 13.53 	 1.35 	 127.4 	 29.86 	 42 	 22.407 	 132.7 	 301 	 211 	 197 	 4681 	-8.5 
 13.74 	 1.37 	 127.3 	 29.63 	 42 	 22.427 	 132.8 	 300 	 211 	 196 	 4678 	-8.3 
 13.94 	 1.39 	 127.4 	 29.59 	 40 	 22.418 	 132.6 	 301 	 210 	 197 	 4678 	-8.4 
 14.14 	 1.41 	 127.4 	 29.46 	 40 	 22.425 	 133.1 	 301 	 211 	 196 	 4676 	-8.3 
 14.34 	 1.43 	 127.4 	 29.14 	 40 	 22.423 	 133 	 301 	 212 	 196 	 4676 	-8.1 
 14.54 	 1.45 	 127.4 	 28.64 	 40 	 22.419 	 133.6 	 301 	 211 	 197 	 4679 	-8.1 
 14.75 	 1.47 	 127.4 	 27.58 	 38 	 22.434 	 133.9 	 301 	 211 	 196 	 4681 	-8.1 
 14.95 	 1.49 	 127.4 	 26.74 	 36 	 22.398 	 133 	 301 	 211 	 197 	 4678 	-8.5 
 15.15 	 1.51 	 127.4 	 24.99 	 34 	 22.342 	 133.4 	 301 	 211 	 196 	 4677 	-8.5 
 15.35 	 1.53 	 127.3 	 23.79 	 32 	 22.317 	 133.2 	 301 	 211 	 196 	 4678 	-8.3 
 15.55 	 1.55 	 127.3 	 23 	 31 	 22.296 	 132.5 	 301 	 212 	 196 	 4678 	-8 
 15.76 	 1.57 	 127.3 	 21.23 	 30 	 22.251 	 132.7 	 301 	 212 	 197 	 4677 	-8.3 
 15.96 	 1.59 	 127.2 	 20.39 	 28 	 22.228 	 133.2 	 301 	 212 	 197 	 4680 	-8.1 
 16.16 	 1.61 	 127.3 	 19.65 	 26 	 22.181 	 133.4 	 301 	 212 	 197 	 4676 	-8.5 
 16.36 	 1.63 	 127.1 	 18.96 	 26 	 22.158 	 133.4 	 300 	 212 	 198 	 4680 	-8.6 
 16.56 	 1.65 	 127 	 17.62 	 24 	 22.097 	 133.7 	 301 	 212 	 198 	 4678 	-8.5 
 16.77 	 1.67 	 127.2 	 17 	 23 	 22.053 	 133.3 	 300 	 213 	 198 	 4676 	-8.9 
 16.97 	 1.69 	 127.1 	 16.45 	 24 	 22.006 	 133.2 	 300 	 214 	 198 	 4679 	-8.5 
 17.17 	 1.71 	 127 	 15.52 	 22 	 21.938 	 132.9 	 300 	 214 	 198 	 4680 	-9.1 
 17.37 	 1.73 	 126.9 	 15.03 	 21 	 21.903 	 132.8 	 300 	 213 	 199 	 4681 	-8.5 
 17.57 	 1.75 	 127 	 14.62 	 21 	 21.837 	 132.9 	 300 	 213 	 199 	 4679 	-8.6 
 17.78 	 1.77 	 127 	 14.19 	 20 	 21.827 	 133 	 301 	 215 	 199 	 4680 	-8.4 
 17.98 	 1.79 	 127 	 13.82 	 19 	 21.748 	 133.8 	 300 	 215 	 199 	 4680 	-8.3 
 18.18 	 1.81 	 126.8 	 13.88 	 19 	 21.743 	 133.5 	 300 	 214 	 200 	 4679 	-8.8 
 18.38 	 1.83 	 126.9 	 13.84 	 20 	 21.716 	 133.5 	 300 	 215 	 200 	 4678 	-8.1 
 18.58 	 1.85 	 126.9 	 13.8 	 19 	 21.717 	 133.7 	 299 	 214 	 200 	 4681 	-8.6 
 18.79 	 1.87 	 126.9 	 13.63 	 20 	 21.745 	 133 	 300 	 214 	 200 	 4681 	-7.9 
 18.99 	 1.89 	 126.9 	 13.85 	 19 	 21.706 	 132.1 	 300 	 215 	 200 	 4680 	-8.6 
 19.19 	 1.91 	 126.8 	 14.12 	 20 	 21.713 	 132.6 	 299 	 215 	 200 	 4682 	-8.5 
 19.39 	 1.93 	 126.8 	 14.41 	 20 	 21.742 	 132.7 	 300 	 214 	 200 	 4678 	-8.4 
 19.59 	 1.95 	 126.8 	 15.07 	 22 	 21.728 	 133.3 	 300 	 215 	 200 	 4677 	-9 
 19.8 	 1.97 	 126.9 	 15.41 	 23 	 21.777 	 133.9 	 300 	 214 	 201 	 4681 	-8.8 
 20 	 2 	 126.9 	 17.09 	 25 	 21.845 	 133.6 	 300 	 216 	 200 	 4678 	-8.3 
 20.2 	 2.02 	 126.9 	 17.98 	 27 	 21.901 	 133.6 	 299 	 215 	 200 	 4682 	-8.6 
 20.4 	 2.04 	 126.9 	 18.94 	 28 	 21.96 	 133.2 	 300 	 215 	 200 	 4679 	-8.6 
 20.6 	 2.06 	 127.1 	 20.65 	 30 	 22.057 	 132.9 	 300 	 213 	 200 	 4677 	-8.3 
 20.81 	 2.08 	 127.1 	 21.78 	 32 	 22.094 	 132.6 	 300 	 215 	 200 	 4679 	-8.4 
 21.01 	 2.1 	 127.3 	 22.93 	 33 	 22.145 	 133 	 301 	 214 	 199 	 4678 	-8.9 
 21.21 	 2.12 	 127.2 	 23.89 	 35 	 22.218 	 132.9 	 300 	 214 	 198 	 4679 	-8.5 
 21.41 	 2.14 	 127.3 	 25.78 	 38 	 22.31 	 132.9 	 301 	 213 	 199 	 4678 	-8.1 
 21.61 	 2.16 	 127.2 	 26.67 	 38 	 22.34 	 133.8 	 300 	 213 	 197 	 4681 	-8.3 
 21.82 	 2.18 	 127.4 	 27.3 	 40 	 22.38 	 133.6 	 301 	 212 	 198 	 4678 	-8.4 
 22.02 	 2.2 	 127.5 	 28.42 	 41 	 22.434 	 133.6 	 302 	 212 	 198 	 4680 	-8.1 
 22.22 	 2.22 	 127.4 	 28.88 	 42 	 22.44 	 133.3 	 301 	 212 	 197 	 4680 	-8.8 
 22.42 	 2.24 	 127.5 	 29.45 	 42 	 22.46 	 132.8 	 301 	 212 	 197 	 4679 	-8 
 22.62 	 2.26 	 127.6 	 29.81 	 42 	 22.51 	 132.6 	 301 	 212 	 197 	 4675 	-8.1 
 22.83 	 2.28 	 127.4 	 29.68 	 43 	 22.534 	 132.6 	 300 	 211 	 197 	 4678 	-8.5 
 23.03 	 2.3 	 127.5 	 29.91 	 43 	 22.548 	 133.1 	 301 	 212 	 196 	 4678 	-8.1 
 23.23 	 2.32 	 127.5 	 30.07 	 42 	 22.555 	 133.3 	 301 	 211 	 196 	 4680 	-8.3 
 23.43 	 2.34 	 127.5 	 29.72 	 42 	 22.55 	 133.6 	 300 	 211 	 196 	 4680 	-8.6 
 23.63 	 2.36 	 127.6 	 29.56 	 42 	 22.569 	 133.4 	 301 	 211 	 196 	 4677 	-8.1 
 23.84 	 2.38 	 127.5 	 29.52 	 42 	 22.573 	 133.8 	 302 	 211 	 197 	 4679 	-8.5 
 24.04 	 2.4 	 127.5 	 29.38 	 42 	 22.579 	 133.7 	 301 	 212 	 196 	 4677 	-8.5 
 24.24 	 2.42 	 127.7 	 29.22 	 41 	 22.579 	 133.1 	 301 	 211 	 197 	 4680 	-8.6 
 24.44 	 2.44 	 127.5 	 29.23 	 40 	 22.589 	 132.6 	 301 	 211 	 196 	 4680 	-7.9 
 24.64 	 2.46 	 127.6 	 28.47 	 39 	 22.583 	 132.5 	 300 	 211 	 197 	 4678 	-8.1 
 24.85 	 2.48 	 127.5 	 26.68 	 37 	 22.538 	 133 	 300 	 211 	 197 	 4680 	-8.3 
 25.05 	 2.5 	 127.5 	 25.9 	 35 	 22.522 	 133.5 	 301 	 211 	 197 	 4677 	-8.6 
 25.25 	 2.52 	 127.5 	 24.96 	 33 	 22.521 	 133.5 	 301 	 211 	 196 	 4677 	-8.6 
 25.45 	 2.54 	 127.5 	 23.16 	 32 	 22.46 	 133.9 	 301 	 212 	 197 	 4679 	-8 
 25.65 	 2.56 	 127.4 	 22.13 	 30 	 22.42 	 133.7 	 301 	 211 	 197 	 4678 	-8.9 
 25.86 	 2.58 	 127.4 	 21.36 	 29 	 22.407 	 133.1 	 302 	 211 	 196 	 4680 	-8.5 
 26.06 	 2.6 	 127.4 	 19.73 	 27 	 22.356 	 133.3 	 301 	 212 	 198 	 4676 	-8.5 
 26.26 	 2.62 	 127.3 	 18.86 	 26 	 22.306 	 132.5 	 300 	 212 	 197 	 4678 	-8.6 
 26.46 	 2.64 	 127.3 	 18.23 	 25 	 22.275 	 132.6 	 301 	 213 	 197 	 4680 	-7.6 
 26.66 	 2.66 	 127.2 	 17.53 	 24 	 22.233 	 132.8 	 300 	 213 	 197 	 4677 	-8.4 
 26.87 	 2.68 	 127.3 	 16.59 	 22 	 22.152 	 133.1 	 301 	 212 	 198 	 4679 	-8.6 
 27.07 	 2.7 	 127.3 	 16.03 	 24 	 22.128 	 133.1 	 300 	 213 	 199 	 4680 	-8.9 
 27.27 	 2.72 	 127.2 	 15.36 	 22 	 22.099 	 133.8 	 300 	 214 	 199 	 4677 	-8.4 
 27.47 	 2.74 	 127.1 	 14.82 	 20 	 21.997 	 133.5 	 300 	 214 	 199 	 4679 	-8 
 27.67 	 2.76 	 127.1 	 14.53 	 19 	 21.972 	 133.6 	 299 	 214 	 199 	 4681 	-9 
 27.88 	 2.78 	 127 	 14.2 	 20 	 21.94 	 133.1 	 300 	 215 	 199 	 4679 	-8.1 
 28.08 	 2.8 	 127 	 13.95 	 20 	 21.926 	 132.7 	 300 	 216 	 199 	 4680 	-8.9 
 28.28 	 2.82 	 127.1 	 13.74 	 19 	 21.868 	 132.6 	 299 	 214 	 200 	 4678 	-8.6 
 28.48 	 2.84 	 126.9 	 13.73 	 19 	 21.891 	 132.5 	 300 	 215 	 200 	 4680 	-8.4 
 28.68 	 2.86 	 127 	 13.95 	 19 	 21.879 	 133.2 	 300 	 214 	 200 	 4677 	-8.1 
 28.89 	 2.88 	 127.2 	 13.74 	 20 	 21.866 	 133.3 	 300 	 215 	 200 	 4679 	-8.5 
 29.09 	 2.9 	 127 	 13.77 	 19 	 21.878 	 133.7 	 300 	 215 	 199 	 4678 	-8.3 
 29.29 	 2.92 	 127 	 14.14 	 21 	 21.876 	 133.3 	 300 	 215 	 200 	 4677 	-8.5 
 29.49 	 2.94 	 126.9 	 14.62 	 21 	 21.874 	 133.6 	 299 	 215 	 199 	 4677 	-8 
 29.69 	 2.96 	 127 	 15.63 	 23 	 21.918 	 133.2 	 300 	 215 	 201 	 4678 	-8.3 
 29.9 	 2.99 	 127 	 16.21 	 23 	 21.953 	 132.9 	 300 	 215 	 200 	 4678 	-8.4 
 30.1 	 3.01 	 127.1 	 17.05 	 27 	 21.994 	 132.9 	 300 	 215 	 200 	 4679 	-8.6 
 30.3 	 3.03 	 127.1 	 18.92 	 28 	 22.108 	 132.7 	 300 	 215 	 200 	 4676 	-8.3 
 30.5 	 3.05 	 127.2 	 19.77 	 29 	 22.16 	 132.6 	 300 	 215 	 200 	 4678 	-8.6 
 30.7 	 3.07 	 127.3 	 20.55 	 31 	 22.234 	 133 	 300 	 214 	 200 	 4683 	-8.3 
 30.91 	 3.09 	 127.3 	 22.86 	 33 	 22.317 	 133.4 	 300 	 214 	 199 	 4677 	-8.4 
 31.11 	 3.11 	 127.3 	 24.05 	 34 	 22.373 	 133.7 	 300 	 214 	 199 	 4680 	-8.5 
 31.31 	 3.13 	 127.5 	 24.95 	 37 	 22.421 	 133.5 	 300 	 213 	 199 	 4679 	-8.3 
 31.51 	 3.15 	 127.5 	 25.65 	 38 	 22.465 	 133.3 	 301 	 213 	 198 	 4680 	-9.1 
 31.71 	 3.17 	 127.5 	 27.28 	 39 	 22.531 	 133.1 	 300 	 213 	 198 	 4682 	-8.8 
 31.92 	 3.19 	 127.6 	 27.84 	 40 	 22.55 	 133 	 301 	 212 	 197 	 4680 	-8.3 
 32.12 	 3.21 	 127.5 	 28.48 	 42 	 22.577 	 132.1 	 302 	 213 	 197 	 4679 	-8.4 
 32.32 	 3.23 	 127.6 	 29.25 	 42 	 22.636 	 132.4 	 302 	 212 	 197 	 4677 	-8.8 
 32.52 	 3.25 	 127.7 	 29.67 	 42 	 22.64 	 132.6 	 301 	 212 	 197 	 4678 	-8.4 
 32.72 	 3.27 	 127.5 	 29.66 	 42 	 22.669 	 133 	 301 	 211 	 197 	 4678 	-8.5 
 32.93 	 3.29 	 127.6 	 29.82 	 43 	 22.694 	 133.3 	 301 	 212 	 196 	 4678 	-8 
 33.13 	 3.31 	 127.7 	 29.97 	 43 	 22.714 	 133.5 	 301 	 211 	 197 	 4682 	-8.5 
 33.33 	 3.33 	 127.6 	 30.02 	 42 	 22.723 	 133.7 	 301 	 211 	 196 	 4677 	-8.3 
 33.53 	 3.35 	 127.7 	 29.95 	 42 	 22.733 	 133.2 	 301 	 211 	 197 	 4679 	-8.3 
 33.73 	 3.37 	 127.6 	 29.69 	 42 	 22.717 	 133 	 300 	 212 	 197 	 4677 	-7.6 
 33.94 	 3.39 	 127.6 	 29.61 	 41 	 22.71 	 132.7 	 301 	 211 	 196 	 4680 	-8.4 
 34.14 	 3.41 	 127.7 	 29.38 	 41 	 22.73 	 133 	 301 	 211 	 197 	 4678 	-8.5 
 34.34 	 3.43 	 127.8 	 29.2 	 41 	 22.736 	 132.7 	 301 	 211 	 198 	 4680 	-8.3 
 34.54 	 3.45 	 127.6 	 28.63 	 40 	 22.722 	 133 	 300 	 211 	 196 	 4680 	-7.4 
 34.74 	 3.47 	 127.8 	 27.79 	 37 	 22.731 	 133.1 	 301 	 211 	 197 	 4679 	-8.9 
 34.95 	 3.49 	 127.7 	 26.84 	 36 	 22.712 	 133.6 	 301 	 211 	 197 	 4679 	-8.4 
 35.15 	 3.51 	 127.7 	 24.89 	 34 	 22.659 	 133.4 	 301 	 210 	 197 	 4678 	-8 
 35.35 	 3.53 	 127.6 	 23.97 	 32 	 22.635 	 133.6 	 300 	 211 	 196 	 4678 	-9 
 35.55 	 3.55 	 127.6 	 23.16 	 32 	 22.61 	 133.6 	 301 	 211 	 196 	 4682 	-8.4 
 35.75 	 3.57 	 127.5 	 21.36 	 29 	 22.551 	 132.9 	 301 	 212 	 197 	 4677 	-8.1 
 35.96 	 3.59 	 127.5 	 20.27 	 28 	 22.538 	 132.5 	 300 	 211 	 197 	 4679 	-8.5 
 36.16 	 3.61 	 127.4 	 19.64 	 27 	 22.496 	 132.7 	 300 	 212 	 197 	 4678 	-7.8 
 36.36 	 3.63 	 127.5 	 18.91 	 26 	 22.462 	 132.7 	 300 	 212 	 197 	 4679 	-8.6 
 36.56 	 3.65 	 127.5 	 17.71 	 24 	 22.408 	 132.9 	 299 	 212 	 198 	 4680 	-7.9 
 36.76 	 3.67 	 127.4 	 16.87 	 23 	 22.349 	 133.4 	 300 	 213 	 198 	 4677 	-8.5 
 36.97 	 3.69 	 127.4 	 16.56 	 22 	 22.322 	 133.9 	 300 	 213 	 198 	 4679 	-8.6 
 37.17 	 3.71 	 127.4 	 15.55 	 21 	 22.227 	 134.3 	 300 	 213 	 199 	 4680 	-8.3 
 37.37 	 3.73 	 127.3 	 15.21 	 21 	 22.189 	 133.6 	 300 	 214 	 199 	 4679 	-8.5 
 37.57 	 3.75 	 127.2 	 14.57 	 21 	 22.15 	 133.6 	 299 	 214 	 199 	 4677 	-8 
 37.77 	 3.77 	 127.2 	 14.46 	 20 	 22.115 	 132.7 	 300 	 214 	 199 	 4681 	-8.5 
 37.98 	 3.79 	 127 	 13.85 	 20 	 22.057 	 132.7 	 299 	 215 	 200 	 4679 	-8 
 38.18 	 3.81 	 127.2 	 13.87 	 19 	 22.038 	 132.9 	 300 	 215 	 200 	 4677 	-8.5 
 38.38 	 3.83 	 127 	 13.83 	 20 	 22.046 	 132.9 	 300 	 215 	 200 	 4679 	-8.4 
 38.58 	 3.85 	 127.1 	 13.81 	 19 	 22.031 	 132.9 	 299 	 215 	 200 	 4677 	-8.6 
 38.78 	 3.87 	 127.1 	 13.89 	 20 	 22.033 	 133.3 	 300 	 214 	 200 	 4682 	-7.6 
 38.99 	 3.89 	 127.1 	 13.83 	 20 	 22.031 	 133.5 	 300 	 214 	 200 	 4678 	-8.3 
 39.19 	 3.91 	 127.1 	 13.98 	 20 	 22.021 	 133.5 	 300 	 216 	 200 	 4676 	-8.8 
 39.39 	 3.93 	 127.1 	 14.5 	 21 	 22.036 	 133.4 	 299 	 215 	 200 	 4677 	-8.5 
 39.59 	 3.95 	 127.1 	 15.04 	 22 	 22.04 	 133.6 	 301 	 215 	 201 	 4680 	-8.8 
 39.79 	 3.97 	 127.3 	 15.37 	 24 	 22.052 	 132.7 	 300 	 215 	 200 	 4677 	-8.6 
 40 	 4 	 127.3 	 16.96 	 25 	 22.14 	 132.4 	 300 	 215 	 200 	 4678 	-8.6 
 40.2 	 4.02 	 127.1 	 17.94 	 26 	 22.201 	 132.5 	 300 	 215 	 200 	 4680 	-8.8 
 40.4 	 4.04 	 127.3 	 18.84 	 28 	 22.257 	 132.5 	 300 	 215 	 200 	 4679 	-8.5 
 40.6 	 4.06 	 127.3 	 20.79 	 30 	 22.37 	 133 	 300 	 215 	 200 	 4678 	-8.9 
 40.8 	 4.08 	 127.3 	 21.79 	 32 	 22.423 	 133.3 	 300 	 214 	 200 	 4677 	-7.9 
 41.01 	 4.1 	 127.6 	 22.74 	 34 	 22.461 	 133.6 	 300 	 214 	 199 	 4682 	-8.6 
 41.21 	 4.12 	 127.6 	 23.94 	 37 	 22.518 	 133.9 	 301 	 213 	 200 	 4679 	-8.6 
 41.41 	 4.14 	 127.6 	 25.85 	 37 	 22.613 	 133.4 	 301 	 214 	 199 	 4679 	-8.6 
 41.61 	 4.16 	 127.7 	 26.59 	 38 	 22.646 	 133 	 301 	 213 	 199 	 4682 	-8.6 
 41.81 	 4.18 	 127.6 	 27.2 	 39 	 22.667 	 133.4 	 302 	 213 	 199 	 4681 	-8.3 
 42.02 	 4.2 	 127.6 	 28.58 	 41 	 22.738 	 132.7 	 301 	 212 	 197 	 4679 	-8.5 
 42.22 	 4.22 	 127.9 	 28.76 	 41 	 22.747 	 133 	 301 	 213 	 197 	 4679 	-8.5 
 42.42 	 4.24 	 127.6 	 29.08 	 43 	 22.774 	 132.6 	 300 	 212 	 197 	 4680 	-8.6 
 42.62 	 4.26 	 127.8 	 29.78 	 42 	 22.807 	 133.2 	 301 	 212 	 197 	 4678 	-8.6 
 42.82 	 4.28 	 127.7 	 29.99 	 42 	 22.831 	 133.4 	 301 	 211 	 197 	 4678 	-8.5 
 43.03 	 4.3 	 127.7 	 29.89 	 42 	 22.854 	 133.1 	 300 	 212 	 197 	 4677 	-8.1 
 43.23 	 4.32 	 127.8 	 30.06 	 42 	 22.853 	 133.6 	 302 	 211 	 196 	 4679 	-8.6 
 43.43 	 4.34 	 127.8 	 29.89 	 42 	 22.874 	 133.8 	 301 	 210 	 196 	 4680 	-8.5 
 43.63 	 4.36 	 127.9 	 29.72 	 43 	 22.873 	 133.2 	 302 	 211 	 197 	 4678 	-8.6 
 43.83 	 4.38 	 127.8 	 29.7 	 42 	 22.87 	 133.1 	 301 	 212 	 196 	 4681 	-8.9 
 44.04 	 4.4 	 127.9 	 29.44 	 41 	 22.882 	 132.7 	 302 	 211 	 197 	 4680 	-8.1 
 44.24 	 4.42 	 127.8 	 29.37 	 41 	 22.868 	 132.4 	 301 	 211 	 197 	 4678 	-8.4 
 44.44 	 4.44 	 127.8 	 29.19 	 39 	 22.885 	 132.9 	 302 	 211 	 196 	 4681 	-7.9 
 44.64 	 4.46 	 127.9 	 28.39 	 38 	 22.879 	 133 	 301 	 211 	 197 	 4677 	-8.3 
 44.84 	 4.48 	 127.9 	 26.9 	 37 	 22.852 	 133.4 	 300 	 211 	 197 	 4680 	-8.5 
 45.05 	 4.5 	 127.8 	 25.77 	 34 	 22.832 	 133.5 	 302 	 212 	 197 	 4682 	-8.6 
 45.25 	 4.52 	 127.8 	 24.89 	 33 	 22.805 	 133.5 	 301 	 211 	 196 	 4680 	-9.1 
 45.45 	 4.54 	 127.8 	 22.87 	 32 	 22.77 	 133.9 	 301 	 211 	 196 	 4677 	-8.1 
 45.65 	 4.56 	 127.6 	 22.13 	 30 	 22.748 	 133 	 301 	 212 	 197 	 4681 	-8.4 
 45.85 	 4.58 	 127.7 	 21.2 	 29 	 22.709 	 132.7 	 301 	 211 	 197 	 4681 	-8.4 
 46.06 	 4.6 	 127.7 	 20.44 	 28 	 22.659 	 132.9 	 301 	 211 	 197 	 4679 	-8.4 
 46.26 	 4.62 	 127.6 	 18.85 	 26 	 22.604 	 133.2 	 300 	 211 	 198 	 4678 	-8.6 
 46.46 	 4.64 	 127.6 	 18.27 	 25 	 22.563 	 133 	 301 	 213 	 198 	 4678 	-8 
 46.66 	 4.66 	 127.6 	 17.61 	 24 	 22.537 	 133.3 	 300 	 212 	 198 	 4678 	-8 
 46.86 	 4.68 	 127.5 	 16.47 	 23 	 22.453 	 133.5 	 300 	 214 	 199 	 4677 	-8.9 
 47.07 	 4.7 	 127.5 	 16.07 	 21 	 22.427 	 134.1 	 300 	 213 	 198 	 4682 	-8.5 
 47.27 	 4.72 	 127.3 	 15.36 	 21 	 22.388 	 133.6 	 300 	 214 	 199 	 4679 	-8.3 
 47.47 	 4.74 	 127.3 	 14.77 	 21 	 22.302 	 133.1 	 300 	 214 	 199 	 4680 	-8.4 
 47.67 	 4.76 	 127.3 	 14.3 	 21 	 22.283 	 132.9 	 300 	 214 	 200 	 4678 	-8.9 
 47.87 	 4.78 	 127.3 	 14.07 	 19 	 22.233 	 132.7 	 300 	 215 	 200 	 4683 	-8 
 48.08 	 4.8 	 127.4 	 13.69 	 19 	 22.202 	 132.4 	 299 	 214 	 199 	 4680 	-8.3 
 48.28 	 4.82 	 127.3 	 13.69 	 19 	 22.185 	 132.5 	 299 	 215 	 200 	 4679 	-8.1 
 48.48 	 4.84 	 127.2 	 13.58 	 19 	 22.174 	 132.4 	 300 	 215 	 201 	 4676 	-8.8 
 48.68 	 4.86 	 127.3 	 13.91 	 20 	 22.175 	 133.4 	 300 	 215 	 201 	 4680 	-8.8 
 48.88 	 4.88 	 127.3 	 13.79 	 18 	 22.157 	 133.5 	 300 	 215 	 200 	 4680 	-9 
 49.09 	 4.9 	 127.2 	 13.86 	 20 	 22.174 	 133.6 	 300 	 215 	 200 	 4680 	-8.5 
 49.29 	 4.92 	 127.3 	 14.04 	 20 	 22.178 	 133.7 	 300 	 215 	 201 	 4681 	-8 
 49.49 	 4.94 	 127.2 	 14.49 	 22 	 22.174 	 133.5 	 299 	 215 	 200 	 4679 	-8.3 
 49.69 	 4.96 	 127.3 	 15.61 	 23 	 22.205 	 133 	 299 	 216 	 200 	 4679 	-8.4 
 49.89 	 4.98 	 127.3 	 16.45 	 24 	 22.255 	 133.2 	 299 	 216 	 200 	 4676 	-8.5 
 50.1 	 5.01 	 127.3 	 17.14 	 26 	 22.309 	 132.9 	 300 	 215 	 200 	 4680 	-8.4 
 50.3 	 5.03 	 127.4 	 18.63 	 27 	 22.392 	 132.8 	 300 	 216 	 200 	 4680 	-8.3 
 50.5 	 5.05 	 127.5 	 19.76 	 29 	 22.456 	 132.6 	 300 	 215 	 200 	 4680 	-8 
 50.7 	 5.07 	 127.5 	 20.81 	 31 	 22.497 	 133.1 	 300 	 215 	 200 	 4680 	-8 
 50.9 	 5.09 	 127.6 	 22.86 	 32 	 22.63 	 133.4 	 300 	 214 	 200 	 4677 	-8.3 
 51.11 	 5.11 	 127.5 	 23.84 	 35 	 22.686 	 133.8 	 300 	 214 	 199 	 4682 	-8.9 
 51.31 	 5.13 	 127.6 	 24.95 	 37 	 22.709 	 133.6 	 300 	 213 	 199 	 4682 	-8.4 
 51.51 	 5.15 	 127.7 	 25.94 	 38 	 22.746 	 134 	 300 	 213 	 198 	 4679 	-8.5 
 51.71 	 5.17 	 127.7 	 27.26 	 40 	 22.824 	 133.4 	 301 	 214 	 199 	 4683 	-8.6 
 51.91 	 5.19 	 127.9 	 28.12 	 40 	 22.856 	 132.7 	 301 	 213 	 197 	 4675 	-8.1 
 52.12 	 5.21 	 127.8 	 28.41 	 41 	 22.9 	 132.8 	 301 	 213 	 198 	 4677 	-8.4 
 52.32 	 5.23 	 127.8 	 29.13 	 41 	 22.921 	 132.5 	 301 	 212 	 198 	 4678 	-8.5 
 52.52 	 5.25 	 127.9 	 29.64 	 42 	 22.965 	 132.6 	 301 	 212 	 197 	 4681 	-8.8 
 52.72 	 5.27 	 127.9 	 29.76 	 42 	 22.954 	 132.7 	 301 	 212 	 197 	 4677 	-8.4 
 52.92 	 5.29 	 127.9 	 29.87 	 43 	 22.973 	 133.1 	 301 	 211 	 197 	 4681 	-9.3 
 53.13 	 5.31 	 128.1 	 30.09 	 42 	 23.017 	 133.8 	 301 	 211 	 197 	 4682 	-8.5 
 53.33 	 5.33 	 127.9 	 30.05 	 43 	 23.009 	 133.6 	 301 	 211 	 196 	 4677 	-7.9 
 53.53 	 5.35 	 128.1 	 29.83 	 42 	 23.024 	 133.6 	 302 	 212 	 197 	 4681 	-8.4 
 53.73 	 5.37 	 127.9 	 29.85 	 42 	 23.027 	 133.8 	 301 	 212 	 196 	 4680 	-8.5 
 53.93 	 5.39 	 127.9 	 29.73 	 41 	 23.026 	 133.3 	 301 	 211 	 197 	 4680 	-8.5 
 54.14 	 5.41 	 127.9 	 29.49 	 42 	 23.023 	 132.9 	 301 	 211 	 197 	 4677 	-7.8 
 54.34 	 5.43 	 128.1 	 29.2 	 41 	 23.019 	 132.9 	 303 	 211 	 196 	 4679 	-8.6 
 54.54 	 5.45 	 128 	 28.55 	 39 	 23.029 	 132.4 	 301 	 211 	 196 	 4679 	-9.1 
 54.74 	 5.47 	 128 	 27.69 	 38 	 23.011 	 132.7 	 301 	 212 	 197 	 4677 	-8.4 
 54.94 	 5.49 	 127.9 	 26.66 	 37 	 22.997 	 133 	 301 	 210 	 196 	 4678 	-8.5 
 55.15 	 5.51 	 127.9 	 24.67 	 34 	 22.959 	 133 	 300 	 212 	 197 	 4676 	-8.6 
 55.35 	 5.53 	 127.9 	 23.8 	 33 	 22.925 	 133.4 	 300 	 211 	 196 	 4680 	-8.1 
 55.55 	 5.55 	 128 	 23.11 	 31 	 22.897 	 133.6 	 301 	 211 	 197 	 4680 	-8.6 
 55.75 	 5.57 	 127.8 	 21.19 	 29 	 22.845 	 133.7 	 301 	 212 	 198 	 4678 	-8.5 
 55.95 	 5.59 	 127.8 	 20.25 	 28 	 22.822 	 133.7 	 301 	 212 	 198 	 4678 	-8.4 
 56.16 	 5.61 	 127.8 	 19.5 	 27 	 22.788 	 133.3 	 300 	 211 	 196 	 4679 	-8.9 
 56.36 	 5.63 	 127.7 	 18.87 	 26 	 22.747 	 132.8 	 301 	 212 	 197 	 4680 	-9 
 56.56 	 5.65 	 127.9 	 17.61 	 24 	 22.683 	 132.6 	 301 	 213 	 197 	 4678 	-8 
 56.76 	 5.67 	 127.6 	 16.98 	 25 	 22.659 	 132.5 	 301 	 213 	 198 	 4677 	-7.8 
 56.96 	 5.69 	 127.6 	 16.61 	 22 	 22.626 	 133.1 	 300 	 213 	 198 	 4679 	-8.3 
 57.17 	 5.71 	 127.5 	 15.49 	 21 	 22.52 	 133.1 	 300 	 214 	 198 	 4678 	-8.3 
 57.37 	 5.73 	 127.5 	 15.01 	 21 	 22.496 	 133.4 	 300 	 213 	 200 	 4682 	-8.3 
 57.57 	 5.75 	 127.5 	 14.88 	 20 	 22.447 	 134 	 300 	 214 	 200 	 4680 	-8.4 
 57.77 	 5.77 	 127.4 	 14.41 	 20 	 22.413 	 133.3 	 300 	 213 	 200 	 4678 	-8.5 
 57.97 	 5.79 	 127.4 	 14.11 	 20 	 22.361 	 133.4 	 300 	 215 	 200 	 4678 	-8.4 
 58.18 	 5.81 	 127.5 	 13.77 	 20 	 22.332 	 133.2 	 300 	 215 	 200 	 4678 	-8.9 
 58.38 	 5.83 	 127.4 	 13.87 	 20 	 22.315 	 132.7 	 300 	 215 	 199 	 4676 	-8.4 
 58.58 	 5.85 	 127.5 	 13.75 	 20 	 22.294 	 132.5 	 299 	 215 	 200 	 4682 	-8.4 
 58.78 	 5.87 	 127.4 	 13.71 	 19 	 22.314 	 133 	 299 	 215 	 201 	 4680 	-8.1 
 58.98 	 5.89 	 127.4 	 13.69 	 20 	 22.315 	 132.8 	 300 	 215 	 200 	 4677 	-8.4 
 59.19 	 5.91 	 127.5 	 14.02 	 21 	 22.313 	 133.3 	 300 	 216 	 201 	 4683 	-8.4 
 59.39 	 5.93 	 127.5 	 14.35 	 20 	 22.314 	 133.3 	 300 	 215 	 200 	 4677 	-8 
 59.59 	 5.95 	 127.4 	 15 	 22 	 22.324 	 133.3 	 299 	 216 	 200 	 4678 	-8.8 
 59.79 	 5.97 	 127.4 	 15.72 	 24 	 22.36 	 133.7 	 300 	 216 	 200 	 4677 	-7.6 
 59.99 	 5.99 	 127.4 	 16.94 	 24 	 22.417 	 133.4 	 300 	 215 	 201 	 4680 	-8.5 
 60.2 	 6.02 	 127.6 	 17.78 	 26 	 22.469 	 133.4 	 300 	 216 	 200 	 4681 	-8.1 
 60.4 	 6.04 	 127.5 	 18.79 	 27 	 22.553 	 133 	 300 	 216 	 200 	 4682 	-8.4 
 60.6 	 6.06 	 127.6 	 20.65 	 30 	 22.656 	 132.6 	 300 	 215 	 200 	 4679 	-8.5 
 60.8 	 6.08 	 127.8 	 21.72 	 32 	 22.697 	 132.4 	 301 	 215 	 201 	 4678 	-8.4 
 61 	 6.1 	 127.7 	 22.77 	 34 	 22.767 	 132.7 	 300 	 215 	 200 	 4681 	-8.4 
 61.21 	 6.12 	 127.8 	 23.83 	 35 	 22.806 	 133 	 300 	 214 	 199 	 4683 	-8.1 
 61.41 	 6.14 	 127.8 	 25.94 	 37 	 22.901 	 133.2 	 301 	 213 	 198 	 4681 	-8.5 
 61.61 	 6.16 	 127.9 	 26.45 	 38 	 22.917 	 133.6 	 301 	 212 	 199 	 4678 	-8.6 
 61.81 	 6.18 	 128 	 27.32 	 40 	 22.97 	 133.9 	 300 	 213 	 198 	 4679 	-8.4 
 62.01 	 6.2 	 128 	 28.45 	 40 	 23.029 	 133.6 	 301 	 212 	 198 	 4680 	-8.4 
 62.22 	 6.22 	 127.9 	 28.97 	 41 	 23.071 	 133.6 	 301 	 212 	 197 	 4679 	-7.9 
 62.42 	 6.24 	 127.9 	 29.24 	 42 	 23.078 	 133.2 	 301 	 212 	 197 	 4680 	-8.5 
 62.62 	 6.26 	 128 	 29.45 	 42 	 23.088 	 133.4 	 301 	 212 	 196 	 4677 	-8.3 
 62.82 	 6.28 	 128.1 	 30.04 	 42 	 23.132 	 133 	 301 	 212 	 197 	 4676 	-8.3 
 63.02 	 6.3 	 128 	 29.95 	 43 	 23.129 	 132.4 	 301 	 211 	 197 	 4677 	-8.5 
 63.23 	 6.32 	 128 	 30.06 	 42 	 23.14 	 132.9 	 301 	 210 	 196 	 4681 	-8.5 
 63.43 	 6.34 	 128.1 	 29.94 	 42 	 23.157 	 132.5 	 302 	 212 	 197 	 4678 	-8.6 
 63.63 	 6.36 	 128.1 	 29.82 	 41 	 23.17 	 133.5 	 301 	 211 	 197 	 4677 	-9.3 
 63.83 	 6.38 	 128.1 	 29.88 	 41 	 23.178 	 133.3 	 301 	 212 	 197 	 4682 	-8 
 64.03 	 6.4 	 128.1 	 29.4 	 41 	 23.168 	 133.5 	 302 	 212 	 197 	 4678 	-8.4 
 64.24 	 6.42 	 128.1 	 29.38 	 41 	 23.156 	 133.7 	 301 	 212 	 196 	 4679 	-8.9 
 64.44 	 6.44 	 128.2 	 29.2 	 40 	 23.153 	 133.7 	 301 	 211 	 197 	 4679 	-8.6 
 64.64 	 6.46 	 128.1 	 28.57 	 39 	 23.172 	 133.7 	 301 	 211 	 196 	 4678 	-8 
 64.84 	 6.48 	 128.1 	 26.71 	 37 	 23.14 	 133 	 301 	 211 	 197 	 4680 	-8.1 
 65.04 	 6.5 	 128.1 	 25.78 	 35 	 23.123 	 132.8 	 301 	 211 	 196 	 4682 	-8.6 
 65.25 	 6.52 	 128.1 	 24.78 	 33 	 23.078 	 132.8 	 301 	 211 	 197 	 4678 	-8.3 
 65.45 	 6.54 	 128 	 23.17 	 32 	 23.045 	 132.8 	 301 	 212 	 196 	 4678 	-8.9 
 65.65 	 6.56 	 128 	 22.14 	 30 	 23.003 	 133.1 	 301 	 212 	 196 	 4682 	-8.4 
 65.85 	 6.58 	 127.9 	 21.51 	 29 	 22.992 	 133.5 	 300 	 213 	 197 	 4682 	-8.9 
 66.05 	 6.6 	 127.9 	 20.41 	 27 	 22.949 	 133.6 	 301 	 212 	 198 	 4678 	-8.8 
 66.26 	 6.62 	 127.9 	 19.1 	 26 	 22.898 	 133.7 	 300 	 212 	 198 	 4681 	-8.3 
 66.46 	 6.64 	 127.8 	 18.1 	 25 	 22.861 	 132.9 	 301 	 212 	 198 	 4678 	-8.6 
 66.66 	 6.66 	 127.9 	 17.49 	 24 	 22.818 	 133.5 	 301 	 213 	 198 	 4680 	-8.6 
 66.86 	 6.68 	 127.7 	 16.44 	 23 	 22.746 	 133.3 	 300 	 213 	 199 	 4679 	-8.8 
 67.06 	 6.7 	 127.8 	 15.79 	 22 	 22.693 	 132.5 	 300 	 214 	 199 	 4679 	-8.6 
 67.27 	 6.72 	 127.7 	 15.45 	 21 	 22.665 	 132.6 	 300 	 214 	 200 	 4682 	-8.6 
 67.47 	 6.74 	 127.7 	 14.83 	 20 	 22.576 	 132.6 	 300 	 214 	 200 	 4679 	-8.4 
 67.67 	 6.76 	 127.6 	 14.52 	 20 	 22.546 	 133 	 300 	 214 	 199 	 4678 	-8.3 
 67.87 	 6.78 	 127.6 	 14.15 	 20 	 22.535 	 133.3 	 300 	 215 	 200 	 4680 	-8.4 
 68.07 	 6.8 	 127.5 	 14.02 	 20 	 22.491 	 133.4 	 300 	 215 	 200 	 4677 	-8.6 
 68.28 	 6.82 	 127.5 	 13.74 	 20 	 22.45 	 133.6 	 300 	 216 	 199 	 4680 	-9.1 
 68.48 	 6.84 	 127.5 	 13.8 	 19 	 22.463 	 134.1 	 300 	 216 	 199 	 4677 	-8.3 
 68.68 	 6.86 	 127.5 	 13.77 	 20 	 22.457 	 133.6 	 300 	 215 	 201 	 4681 	-8.5 
 68.88 	 6.88 	 127.5 	 13.97 	 20 	 22.451 	 133.3 	 300 	 215 	 201 	 4678 	-8.3 
 69.08 	 6.9 	 127.6 	 13.98 	 20 	 22.46 	 133.1 	 300 	 216 	 200 	 4676 	-8.8 
 69.29 	 6.92 	 127.5 	 14.09 	 21 	 22.455 	 132.6 	 300 	 214 	 201 	 4683 	-8.8 
 69.49 	 6.94 	 127.5 	 14.61 	 21 	 22.464 	 132.6 	 300 	 215 	 201 	 4680 	-8.8 
 69.69 	 6.96 	 127.6 	 15.69 	 24 	 22.51 	 132.8 	 300 	 216 	 201 	 4678 	-8.6 
 69.89 	 6.98 	 127.7 	 16.21 	 24 	 22.537 	 133.2 	 300 	 217 	 201 	 4681 	-8.8 
 70.09 	 7.01 	 127.6 	 16.99 	 26 	 22.565 	 133.1 	 300 	 215 	 200 	 4678 	-8.6 
 70.3 	 7.03 	 127.7 	 18.75 	 27 	 22.683 	 133 	 300 	 216 	 201 	 4678 	-8.3 
 70.5 	 7.05 	 127.7 	 19.62 	 29 	 22.744 	 133.6 	 299 	 215 	 201 	 4677 	-8 
 70.7 	 7.07 	 127.7 	 20.89 	 32 	 22.795 	 133.5 	 299 	 216 	 200 	 4680 	-8.3 
 70.9 	 7.09 	 128 	 22.69 	 33 	 22.905 	 133.4 	 300 	 215 	 199 	 4684 	-8.3 
 71.1 	 7.11 	 127.9 	 23.92 	 35 	 22.954 	 133.2 	 301 	 214 	 200 	 4680 	-8.6 
 71.31 	 7.13 	 128 	 24.93 	 36 	 22.994 	 133 	 300 	 214 	 199 	 4678 	-8.6 
 71.51 	 7.15 	 128 	 25.77 	 38 	 23.038 	 132.7 	 301 	 213 	 198 	 4677 	-8 
 71.71 	 7.17 	 128 	 27.34 	 39 	 23.104 	 132.4 	 301 	 213 	 198 	 4677 	-8.4 
 71.91 	 7.19 	 127.9 	 27.87 	 41 	 23.138 	 132.6 	 301 	 213 	 197 	 4679 	-7.9 
 72.11 	 7.21 	 128.2 	 28.71 	 41 	 23.145 	 132.8 	 301 	 212 	 198 	 4680 	-8.8 
 72.32 	 7.23 	 128.1 	 29.3 	 42 	 23.209 	 132.7 	 301 	 212 	 198 	 4679 	-8.6 
 72.52 	 7.25 	 128.2 	 29.83 	 42 	 23.231 	 133.5 	 301 	 212 	 197 	 4680 	-8.5 
 72.72 	 7.27 	 128.3 	 29.6 	 42 	 23.244 	 133.8 	 301 	 211 	 197 	 4682 	-8 
 72.92 	 7.29 	 128.2 	 29.96 	 43 	 23.261 	 133.6 	 301 	 212 	 197 	 4678 	-8.5 
 73.12 	 7.31 	 128.1 	 30.15 	 42 	 23.287 	 133.5 	 302 	 212 	 197 	 4677 	-8.4 
 73.33 	 7.33 	 128.3 	 30.09 	 42 	 23.307 	 133.2 	 302 	 211 	 197 	 4677 	-8.5 
 73.53 	 7.35 	 128.2 	 29.89 	 42 	 23.287 	 132.9 	 302 	 212 	 197 	 4678 	-8.3 
 73.73 	 7.37 	 128.3 	 29.68 	 41 	 23.312 	 132.9 	 301 	 212 	 197 	 4678 	-9.1 
 73.93 	 7.39 	 128.2 	 29.46 	 42 	 23.31 	 132.6 	 301 	 211 	 197 	 4679 	-8.8 
 74.13 	 7.41 	 128.2 	 29.61 	 42 	 23.304 	 132.6 	 301 	 212 	 197 	 4678 	-8.5 
 74.34 	 7.43 	 128.2 	 29.3 	 40 	 23.305 	 133 	 301 	 211 	 197 	 4678 	-8.3 
 74.54 	 7.45 	 128.2 	 28.28 	 40 	 23.306 	 133.1 	 301 	 212 	 197 	 4681 	-8.4 
 74.74 	 7.47 	 128.2 	 27.69 	 38 	 23.271 	 133.3 	 301 	 212 	 196 	 4679 	-7.8 
 74.94 	 7.49 	 128.3 	 26.64 	 36 	 23.279 	 133.7 	 301 	 211 	 196 	 4681 	-8.4 
 75.14 	 7.51 	 128.1 	 24.7 	 34 	 23.213 	 133.5 	 301 	 211 	 197 	 4677 	-8.3 
 75.35 	 7.53 	 128.1 	 23.86 	 33 	 23.206 	 132.9 	 301 	 212 	 197 	 4680 	-8.6 
 75.55 	 7.55 	 128 	 22.76 	 31 	 23.166 	 132.9 	 300 	 211 	 197 	 4681 	-7.8 
 75.75 	 7.57 	 128 	 21.25 	 30 	 23.132 	 132.8 	 300 	 212 	 198 	 4680 	-8.5 
 75.95 	 7.59 	 128 	 20.31 	 28 	 23.096 	 132.4 	 302 	 212 	 197 	 4676 	-8.9 
 76.15 	 7.61 	 128 	 19.59 	 27 	 23.081 	 132.8 	 300 	 212 	 197 	 4680 	-8.6 
 76.36 	 7.63 	 128 	 18.88 	 27 	 23.038 	 133 	 300 	 212 	 198 	 4675 	-7.9 
 76.56 	 7.65 	 127.9 	 17.62 	 25 	 22.98 	 133 	 300 	 212 	 198 	 4677 	-8.4 
 76.76 	 7.67 	 127.9 	 16.99 	 23 	 22.923 	 133.8 	 300 	 214 	 199 	 4681 	-7.9 
 76.96 	 7.69 	 127.8 	 16.53 	 22 	 22.88 	 133.6 	 300 	 213 	 198 	 4677 	-8.1 
 77.16 	 7.71 	 127.8 	 15.56 	 22 	 22.814 	 133.8 	 300 	 214 	 199 	 4680 	-8.6 
 77.37 	 7.73 	 127.8 	 15.11 	 21 	 22.77 	 133.4 	 300 	 214 	 200 	 4680 	-8.1 
 77.57 	 7.75 	 127.8 	 14.6 	 21 	 22.711 	 133.3 	 299 	 214 	 199 	 4678 	-8.1 
 77.77 	 7.77 	 127.6 	 14.36 	 20 	 22.684 	 132.6 	 300 	 215 	 200 	 4679 	-8 
 77.97 	 7.79 	 127.7 	 13.79 	 20 	 22.633 	 132.6 	 300 	 214 	 201 	 4681 	-8 
 78.17 	 7.81 	 127.7 	 13.85 	 19 	 22.619 	 132.4 	 300 	 215 	 201 	 4679 	-8.6 
 78.38 	 7.83 	 127.8 	 13.8 	 19 	 22.6 	 132.3 	 300 	 216 	 201 	 4678 	-8.4 
 78.58 	 7.85 	 127.5 	 13.95 	 20 	 22.607 	 132.8 	 300 	 216 	 201 	 4677 	-8.6 
 78.78 	 7.87 	 127.6 	 13.92 	 20 	 22.599 	 132.5 	 300 	 216 	 201 	 4679 	-8.6 
 78.98 	 7.89 	 127.6 	 13.72 	 20 	 22.593 	 133.1 	 299 	 215 	 200 	 4678 	-8.4 
 79.18 	 7.91 	 127.5 	 14.01 	 20 	 22.593 	 133.2 	 300 	 215 	 200 	 4678 	-8.6 
 79.39 	 7.93 	 127.6 	 14.55 	 21 	 22.584 	 133.5 	 300 	 216 	 201 	 4677 	-8 
 79.59 	 7.95 	 127.7 	 15.13 	 23 	 22.605 	 133.9 	 300 	 216 	 201 	 4677 	-8.3 
 79.79 	 7.97 	 127.7 	 15.37 	 23 	 22.64 	 133.7 	 300 	 216 	 200 	 4674 	-8.6 
 79.99 	 7.99 	 127.8 	 17.17 	 24 	 22.72 	 133.2 	 300 	 216 	 201 	 4678 	-8.5 
 80.19 	 8.02 	 127.8 	 17.89 	 27 	 22.759 	 133.1 	 300 	 216 	 200 	 4678 	-8.3 
 80.4 	 8.04 	 127.9 	 18.68 	 28 	 22.822 	 133.2 	 300 	 216 	 200 	 4677 	-8.6 
 80.6 	 8.06 	 127.9 	 20.81 	 30 	 22.929 	 132.5 	 301 	 215 	 200 	 4679 	-8.6 
 80.8 	 8.08 	 128.1 	 21.81 	 32 	 22.975 	 132.6 	 300 	 214 	 200 	 4680 	-8.6 
 81 	 8.1 	 128 	 22.93 	 33 	 23.038 	 132.6 	 300 	 215 	 199 	 4678 	-8.1 
 81.2 	 8.12 	 128.1 	 23.89 	 35 	 23.092 	 133.3 	 301 	 215 	 200 	 4679 	-8.5 
 81.41 	 8.14 	 128.1 	 25.8 	 37 	 23.17 	 133.4 	 300 	 213 	 199 	 4679 	-8.1 
 81.61 	 8.16 	 128.1 	 26.44 	 39 	 23.214 	 133.6 	 301 	 213 	 198 	 4679 	-8.8 
 81.81 	 8.18 	 128.1 	 27.35 	 40 	 23.254 	 133.7 	 300 	 213 	 198 	 4682 	-8.5 
 82.01 	 8.2 	 128.3 	 28.42 	 41 	 23.303 	 133.6 	 301 	 213 	 198 	 4677 	-8.5 
 82.21 	 8.22 	 128.2 	 29.03 	 41 	 23.32 	 133.5 	 301 	 213 	 197 	 4680 	-8.1 
 82.42 	 8.24 	 128.3 	 29.32 	 41 	 23.338 	 133.6 	 301 	 213 	 197 	 4678 	-8.6 
 82.62 	 8.26 	 128.3 	 29.6 	 41 	 23.355 	 133.1 	 301 	 212 	 197 	 4676 	-8.6 
 82.82 	 8.28 	 128.3 	 29.91 	 42 	 23.38 	 132.8 	 301 	 211 	 198 	 4676 	-8.6 
 83.02 	 8.3 	 128.4 	 29.9 	 43 	 23.405 	 132.3 	 301 	 211 	 197 	 4677 	-7.6 
 83.22 	 8.32 	 128.3 	 29.76 	 42 	 23.418 	 132.4 	 301 	 212 	 197 	 4679 	-8.6 
 83.43 	 8.34 	 128.4 	 29.74 	 42 	 23.419 	 133.2 	 301 	 211 	 196 	 4680 	-8.6 
 83.63 	 8.36 	 128.4 	 29.91 	 42 	 23.453 	 132.8 	 301 	 212 	 197 	 4679 	-8.6 
 83.83 	 8.38 	 128.3 	 29.6 	 42 	 23.442 	 133.3 	 301 	 211 	 197 	 4677 	-8.1 
 84.03 	 8.4 	 128.3 	 29.61 	 42 	 23.426 	 133.6 	 301 	 212 	 196 	 4680 	-8.8 
 84.23 	 8.42 	 128.3 	 29.58 	 41 	 23.419 	 133.9 	 301 	 212 	 197 	 4678 	-8.3 
 84.44 	 8.44 	 128.4 	 29.17 	 39 	 23.446 	 133 	 301 	 212 	 197 	 4676 	-8.6 
 84.64 	 8.46 	 128.3 	 28.36 	 39 	 23.442 	 133.5 	 301 	 212 	 197 	 4680 	-8.4 
 84.84 	 8.48 	 128.4 	 26.61 	 37 	 23.403 	 133.4 	 301 	 212 	 197 	 4678 	-8.8 
 85.04 	 8.5 	 128.4 	 25.57 	 36 	 23.384 	 132.9 	 301 	 211 	 197 	 4681 	-8.5 
 85.24 	 8.52 	 128.2 	 24.86 	 34 	 23.35 	 132.9 	 301 	 212 	 198 	 4681 	-8.3 
 85.45 	 8.54 	 128.3 	 23.04 	 32 	 23.319 	 132.8 	 301 	 212 	 197 	 4682 	-8.1 
 85.65 	 8.56 	 128.3 	 21.96 	 30 	 23.291 	 132.4 	 301 	 212 	 197 	 4679 	-8.5 
 85.85 	 8.58 	 128.2 	 21.23 	 29 	 23.255 	 132.9 	 301 	 212 	 198 	 4677 	-8.5 
 86.05 	 8.6 	 128.2 	 20.42 	 27 	 23.24 	 133.3 	 300 	 212 	 198 	 4680 	-8.6 
 86.25 	 8.62 	 128.2 	 18.95 	 26 	 23.157 	 133.6 	 300 	 213 	 197 	 4680 	-8.3 
 86.46 	 8.64 	 128.1 	 18.16 	 25 	 23.136 	 133.4 	 301 	 212 	 198 	 4679 	-8.4 
 86.66 	 8.66 	 128.1 	 17.48 	 25 	 23.091 	 133.9 	 300 	 213 	 198 	 4678 	-8.8 
 86.86 	 8.68 	 128.1 	 16.43 	 23 	 23.031 	 133.8 	 299 	 214 	 198 	 4678 	-8.1 
 87.06 	 8.7 	 128.1 	 15.98 	 21 	 22.968 	 133.5 	 300 	 214 	 199 	 4678 	-8 
 87.26 	 8.72 	 128.1 	 15.42 	 21 	 22.944 	 132.8 	 300 	 214 	 200 	 4677 	-7.8 
 87.47 	 8.74 	 127.9 	 14.7 	 20 	 22.857 	 132.2 	 300 	 215 	 199 	 4678 	-8.5 
 87.67 	 8.76 	 127.9 	 14.39 	 21 	 22.803 	 132.5 	 300 	 215 	 200 	 4680 	-8.4 
 87.87 	 8.78 	 127.9 	 14.17 	 20 	 22.786 	 132.5 	 300 	 215 	 201 	 4680 	-8.3 
 88.07 	 8.8 	 127.8 	 14.08 	 19 	 22.759 	 133 	 300 	 215 	 202 	 4678 	-8.1 
 88.27 	 8.82 	 127.8 	 13.89 	 19 	 22.737 	 133.2 	 300 	 215 	 201 	 4677 	-8.6 
 88.48 	 8.84 	 127.9 	 13.79 	 19 	 22.72 	 133.6 	 299 	 216 	 200 	 4678 	-8.1 
 88.68 	 8.86 	 127.8 	 13.87 	 20 	 22.745 	 134.1 	 299 	 215 	 200 	 4679 	-8.4 
 88.88 	 8.88 	 127.9 	 13.85 	 20 	 22.727 	 133.8 	 299 	 215 	 200 	 4679 	-8.4 
 89.08 	 8.9 	 127.8 	 13.82 	 20 	 22.718 	 133.6 	 300 	 215 	 200 	 4677 	-8.4 
 89.28 	 8.92 	 127.8 	 13.85 	 21 	 22.724 	 133.5 	 301 	 215 	 201 	 4679 	-8.4 
 89.49 	 8.94 	 127.7 	 14.55 	 22 	 22.73 	 133.5 	 300 	 216 	 201 	 4680 	-8.3 
 89.69 	 8.96 	 127.8 	 15.51 	 23 	 22.762 	 132.9 	 299 	 215 	 201 	 4683 	-8.4 
 89.89 	 8.98 	 128 	 16.24 	 24 	 22.796 	 132.5 	 300 	 216 	 201 	 4681 	-8.4 
 90.09 	 9 	 127.8 	 16.83 	 26 	 22.848 	 132.5 	 300 	 216 	 202 	 4682 	-8.4 
 90.29 	 9.03 	 127.9 	 18.88 	 27 	 22.939 	 132.5 	 300 	 216 	 201 	 4681 	-8.3 
 90.5 	 9.05 	 128.1 	 19.92 	 28 	 23.006 	 132.6 	 300 	 215 	 200 	 4680 	-7.5 
 90.7 	 9.07 	 127.9 	 20.75 	 32 	 23.069 	 132.9 	 300 	 216 	 200 	 4678 	-8.3 
 90.9 	 9.09 	 128.1 	 22.85 	 33 	 23.177 	 133.2 	 300 	 215 	 199 	 4682 	-7.8 
 91.1 	 9.11 	 128.2 	 23.91 	 35 	 23.218 	 133.4 	 300 	 214 	 199 	 4679 	-8.5 
 91.3 	 9.13 	 128.3 	 24.96 	 37 	 23.281 	 133.5 	 301 	 214 	 199 	 4676 	-8.3 
 91.51 	 9.15 	 128.2 	 25.72 	 38 	 23.309 	 133.7 	 300 	 213 	 199 	 4678 	-8.6 
 91.71 	 9.17 	 128.2 	 27.32 	 39 	 23.39 	 133.8 	 301 	 213 	 199 	 4680 	-8.5 
 91.91 	 9.19 	 128.2 	 27.98 	 40 	 23.403 	 133.4 	 301 	 213 	 198 	 4677 	-8.8 
 92.11 	 9.21 	 128.2 	 28.5 	 41 	 23.441 	 133.3 	 301 	 212 	 197 	 4678 	-8.6 
 92.31 	 9.23 	 128.4 	 29.2 	 42 	 23.485 	 132.8 	 300 	 213 	 198 	 4679 	-8.3 
 92.52 	 9.25 	 128.5 	 29.32 	 42 	 23.515 	 132.7 	 302 	 212 	 197 	 4681 	-8.9 
 92.72 	 9.27 	 128.3 	 29.87 	 42 	 23.516 	 132.8 	 301 	 213 	 197 	 4678 	-8.4 
 92.92 	 9.29 	 128.5 	 29.96 	 43 	 23.526 	 132.9 	 301 	 211 	 198 	 4682 	-8.5 
 93.12 	 9.31 	 128.5 	 29.95 	 42 	 23.539 	 133.3 	 301 	 212 	 197 	 4680 	-8.1 
 93.32 	 9.33 	 128.3 	 30.04 	 42 	 23.561 	 133.2 	 301 	 211 	 198 	 4683 	-8.6 
 93.53 	 9.35 	 128.5 	 29.94 	 42 	 23.581 	 133.5 	 301 	 212 	 198 	 4678 	-9 
 93.73 	 9.37 	 128.6 	 29.8 	 42 	 23.563 	 133.6 	 300 	 212 	 197 	 4679 	-8.6 
 93.93 	 9.39 	 128.4 	 29.73 	 42 	 23.578 	 133.7 	 301 	 212 	 196 	 4678 	-8 
 94.13 	 9.41 	 128.6 	 29.56 	 42 	 23.559 	 133.3 	 302 	 211 	 198 	 4677 	-8.4 
 94.33 	 9.43 	 128.4 	 29.47 	 41 	 23.57 	 133.3 	 301 	 211 	 198 	 4679 	-8.9 
 94.54 	 9.45 	 128.4 	 28.52 	 39 	 23.564 	 132.8 	 302 	 212 	 198 	 4680 	-8.4 
 94.74 	 9.47 	 128.5 	 27.49 	 37 	 23.548 	 132.7 	 301 	 212 	 197 	 4683 	-8.5 
 94.94 	 9.49 	 128.4 	 26.79 	 36 	 23.536 	 132.6 	 302 	 212 	 197 	 4679 	-8.8 
 95.14 	 9.51 	 128.3 	 24.72 	 34 	 23.502 	 132.7 	 300 	 212 	 197 	 4679 	-7.8 
 95.34 	 9.53 	 128.3 	 23.99 	 33 	 23.463 	 133.1 	 301 	 211 	 197 	 4679 	-8.5 
 95.55 	 9.55 	 128.4 	 22.95 	 30 	 23.453 	 133.7 	 301 	 212 	 198 	 4678 	-8.5 
 95.75 	 9.57 	 128.4 	 21.28 	 31 	 23.405 	 134 	 301 	 212 	 197 	 4675 	-8.8 
 95.95 	 9.59 	 128.3 	 20.32 	 28 	 23.36 	 134.1 	 301 	 212 	 198 	 4679 	-8.3 
 96.15 	 9.61 	 128.3 	 19.69 	 26 	 23.323 	 133.3 	 300 	 213 	 198 	 4682 	-7.9 
 96.35 	 9.63 	 128.3 	 18.95 	 25 	 23.305 	 133.2 	 300 	 213 	 197 	 4679 	-8.3 
 96.56 	 9.65 	 128.3 	 17.4 	 24 	 23.227 	 133.1 	 300 	 213 	 199 	 4678 	-8.5 
 96.76 	 9.67 	 128.2 	 17.01 	 24 	 23.197 	 132.8 	 300 	 214 	 198 	 4678 	-8.4 
 96.96 	 9.69 	 128.2 	 16.34 	 23 	 23.153 	 132.6 	 299 	 214 	 198 	 4678 	-7.6 
 97.16 	 9.71 	 128 	 15.23 	 22 	 23.055 	 132.8 	 300 	 214 	 199 	 4678 	-8.8 
 97.36 	 9.73 	 128.1 	 15.02 	 21 	 23.022 	 132.9 	 300 	 214 	 200 	 4681 	-8.4 
 97.57 	 9.75 	 128 	 14.83 	 21 	 22.992 	 133.3 	 300 	 214 	 200 	 4681 	-8.5 
 97.77 	 9.77 	 128 	 14.56 	 20 	 22.944 	 133.9 	 300 	 214 	 200 	 4678 	-8.9 
 97.97 	 9.79 	 127.9 	 14.02 	 21 	 22.903 	 134.2 	 300 	 215 	 200 	 4679 	-8.6 
 98.17 	 9.81 	 127.9 	 13.91 	 19 	 22.878 	 133.4 	 300 	 215 	 200 	 4681 	-8.6 
 98.37 	 9.83 	 127.9 	 13.79 	 19 	 22.87 	 133.1 	 300 	 216 	 201 	 4676 	-8.9 
 98.58 	 9.85 	 128 	 13.98 	 20 	 22.839 	 133.2 	 299 	 215 	 200 	 4681 	-8.8 
 98.78 	 9.87 	 127.9 	 13.77 	 20 	 22.863 	 133 	 300 	 216 	 201 	 4680 	-9 
 98.98 	 9.89 	 128 	 13.76 	 19 	 22.869 	 132.4 	 299 	 216 	 200 	 4677 	-8.5 
 99.18 	 9.91 	 127.9 	 13.76 	 20 	 22.869 	 132.8 	 300 	 216 	 201 	 4682 	-8.4 
 99.38 	 9.93 	 127.8 	 14.55 	 20 	 22.853 	 132.7 	 300 	 215 	 200 	 4678 	-8.3 
 99.59 	 9.95 	 128 	 14.9 	 22 	 22.859 	 133.1 	 300 	 216 	 201 	 4678 	-8.4 
 99.79 	 9.97 	 127.9 	 15.46 	 24 	 22.903 	 133.3 	 300 	 216 	 200 	 4683 	-8.6 
 99.99 	 9.99 	 127.9 	 17.14 	 25 	 22.98 	 133.7 	 300 	 216 	 202 	 4679 	-8.8 
8 
