时间(S)	振次	轴位移(mm)	力(kN)	应力(kPa)	变形(mm)	侧位移(mm)	围压(kPa)	孔压(kPa)	反压(kPa)	体变(ml)	小体变(ml)
0.00	0.00	 121 	 22.03 	 312 	 15.373 	 132.9 	 301 	 204 	 190 	 4678 	-8.4 
 .2 	 .02 	 120.8 	 22.02 	 31 	 15.354 	 132.1 	 301 	 204 	 188 	 4680 	-9.1 
 .4 	 .04 	 120.8 	 22 	 31 	 15.36 	 133.2 	 301 	 205 	 190 	 4678 	-8.8 
 .61 	 .06 	 120.8 	 21.86 	 31 	 15.374 	 132.7 	 301 	 205 	 189 	 4677 	-8.4 
 .81 	 .08 	 120.9 	 21.88 	 31 	 15.353 	 132.3 	 301 	 204 	 190 	 4678 	-8.6 
 1.01 	 .1 	 120.9 	 22.08 	 32 	 15.362 	 133.1 	 301 	 205 	 190 	 4680 	-8.8 
 1.21 	 .12 	 120.9 	 22.12 	 32 	 15.36 	 132.2 	 300 	 205 	 189 	 4678 	-8.3 
 1.41 	 .14 	 120.8 	 22.22 	 31 	 15.368 	 132.8 	 300 	 205 	 189 	 4676 	-8.3 
 1.62 	 .16 	 120.9 	 22.58 	 32 	 15.381 	 132.6 	 300 	 205 	 189 	 4681 	-8.4 
 1.82 	 .18 	 120.8 	 22.84 	 32 	 15.383 	 132.3 	 301 	 204 	 190 	 4680 	-8.1 
 2.02 	 .2 	 120.8 	 23.06 	 33 	 15.382 	 133.2 	 301 	 205 	 190 	 4677 	-8.3 
 2.22 	 .22 	 120.9 	 23.25 	 33 	 15.395 	 132.1 	 301 	 205 	 190 	 4682 	-8.4 
 2.42 	 .24 	 120.9 	 23.38 	 34 	 15.406 	 133.2 	 301 	 203 	 190 	 4680 	-8.4 
 2.63 	 .26 	 120.9 	 23.75 	 34 	 15.41 	 132.3 	 301 	 204 	 190 	 4678 	-8.4 
 2.83 	 .28 	 120.9 	 23.72 	 34 	 15.422 	 132.4 	 301 	 205 	 189 	 4678 	-8.3 
 3.03 	 .3 	 120.9 	 24.11 	 34 	 15.417 	 132.9 	 301 	 205 	 190 	 4678 	-8.5 
 3.23 	 .32 	 120.9 	 23.95 	 34 	 15.44 	 132 	 301 	 204 	 190 	 4679 	-8.5 
 3.43 	 .34 	 120.9 	 24.07 	 34 	 15.458 	 133.1 	 300 	 205 	 189 	 4679 	-8.5 
 3.64 	 .36 	 121.1 	 24.03 	 33 	 15.451 	 132.6 	 301 	 204 	 190 	 4678 	-8.6 
 3.84 	 .38 	 120.9 	 23.93 	 34 	 15.459 	 132.6 	 301 	 205 	 190 	 4676 	-8 
 4.04 	 .4 	 120.9 	 23.95 	 34 	 15.453 	 133.1 	 300 	 205 	 190 	 4680 	-8.8 
 4.24 	 .42 	 120.9 	 23.8 	 34 	 15.466 	 132.2 	 300 	 205 	 190 	 4678 	-8 
 4.44 	 .44 	 120.9 	 23.76 	 33 	 15.471 	 133.3 	 300 	 205 	 190 	 4677 	-8.3 
 4.65 	 .46 	 120.9 	 23.65 	 33 	 15.47 	 132.6 	 301 	 204 	 190 	 4678 	-8.5 
 4.85 	 .48 	 121.1 	 23.57 	 33 	 15.479 	 132.3 	 300 	 205 	 190 	 4680 	-8.3 
 5.05 	 .5 	 121 	 23.5 	 33 	 15.482 	 133.2 	 301 	 204 	 190 	 4679 	-8 
 5.25 	 .52 	 121 	 23.56 	 33 	 15.457 	 132.1 	 301 	 204 	 190 	 4678 	-8 
 5.45 	 .54 	 121 	 23.32 	 33 	 15.473 	 132.9 	 301 	 204 	 189 	 4679 	-8.8 
 5.66 	 .56 	 121 	 23.34 	 33 	 15.472 	 133 	 301 	 204 	 190 	 4680 	-8.3 
 5.86 	 .58 	 121.1 	 22.72 	 31 	 15.471 	 132.5 	 301 	 204 	 190 	 4677 	-8.1 
 6.06 	 .6 	 121 	 22.38 	 31 	 15.465 	 133.2 	 301 	 204 	 190 	 4680 	-9 
 6.26 	 .62 	 121 	 22.01 	 31 	 15.452 	 132.1 	 301 	 204 	 190 	 4679 	-8.6 
 6.46 	 .64 	 120.9 	 21.62 	 30 	 15.44 	 132.6 	 301 	 205 	 189 	 4678 	-8.5 
 6.67 	 .66 	 120.9 	 21.34 	 29 	 15.439 	 132.6 	 300 	 205 	 189 	 4677 	-8.9 
 6.87 	 .68 	 121 	 21.09 	 29 	 15.425 	 132.5 	 301 	 204 	 189 	 4678 	-8.6 
 7.07 	 .7 	 120.8 	 20.45 	 29 	 15.417 	 133.1 	 301 	 205 	 189 	 4681 	-8.4 
 7.27 	 .72 	 120.9 	 20.26 	 29 	 15.414 	 132.2 	 300 	 204 	 190 	 4679 	-8.5 
 7.47 	 .74 	 121 	 19.85 	 28 	 15.396 	 132.8 	 300 	 205 	 189 	 4679 	-8.5 
 7.68 	 .76 	 121 	 19.65 	 28 	 15.402 	 132.6 	 300 	 205 	 189 	 4679 	-8.4 
 7.88 	 .78 	 121 	 19.28 	 27 	 15.384 	 132.5 	 301 	 205 	 189 	 4679 	-8.4 
 8.08 	 .8 	 120.9 	 19.29 	 27 	 15.373 	 133.2 	 300 	 205 	 190 	 4681 	-8.3 
 8.28 	 .82 	 120.9 	 19.08 	 27 	 15.381 	 132.1 	 300 	 204 	 189 	 4677 	-8.4 
 8.48 	 .84 	 120.9 	 19.01 	 27 	 15.388 	 133.1 	 301 	 204 	 189 	 4682 	-8.4 
 8.69 	 .86 	 120.9 	 18.99 	 27 	 15.375 	 132.4 	 300 	 205 	 189 	 4682 	-8.6 
 8.89 	 .88 	 120.9 	 18.99 	 27 	 15.378 	 133.2 	 300 	 204 	 190 	 4678 	-8.4 
 9.09 	 .9 	 120.9 	 19.1 	 27 	 15.371 	 132.9 	 301 	 204 	 190 	 4677 	-8.1 
 9.29 	 .92 	 121 	 19.17 	 27 	 15.372 	 131.9 	 300 	 205 	 188 	 4676 	-8.4 
 9.49 	 .94 	 120.9 	 19.19 	 27 	 15.369 	 133.6 	 300 	 204 	 190 	 4681 	-8.4 
 9.7 	 .96 	 120.9 	 19.15 	 27 	 15.389 	 132.4 	 301 	 204 	 189 	 4679 	-8.4 
 9.9 	 .99 	 120.9 	 19.21 	 27 	 15.367 	 133 	 300 	 204 	 189 	 4677 	-8.3 
 10.1 	 1.01 	 121 	 19.66 	 29 	 15.364 	 133.1 	 301 	 204 	 189 	 4679 	-8.6 
 10.3 	 1.03 	 120.9 	 20 	 29 	 15.374 	 132.2 	 301 	 205 	 189 	 4679 	-8.4 
 10.5 	 1.05 	 120.8 	 20.14 	 29 	 15.385 	 133.6 	 301 	 205 	 189 	 4677 	-8.3 
 10.71 	 1.07 	 120.8 	 20.94 	 31 	 15.393 	 132.4 	 300 	 205 	 189 	 4677 	-8.3 
 10.91 	 1.09 	 120.9 	 21.22 	 31 	 15.409 	 132.9 	 300 	 205 	 189 	 4677 	-8.4 
 11.11 	 1.11 	 121 	 21.61 	 31 	 15.408 	 133.1 	 300 	 205 	 190 	 4680 	-8.8 
 11.31 	 1.13 	 121 	 22.21 	 32 	 15.444 	 132.3 	 300 	 205 	 190 	 4680 	-8.3 
 11.51 	 1.15 	 121.1 	 22.45 	 32 	 15.44 	 133.1 	 300 	 205 	 189 	 4677 	-8.3 
 11.72 	 1.17 	 121 	 22.74 	 33 	 15.44 	 132.5 	 301 	 205 	 190 	 4678 	-8.1 
 11.92 	 1.19 	 121 	 23.3 	 33 	 15.47 	 132.6 	 300 	 205 	 190 	 4679 	-8.4 
 12.12 	 1.21 	 121 	 23.53 	 34 	 15.47 	 133.1 	 300 	 205 	 190 	 4679 	-8.3 
 12.32 	 1.23 	 121 	 23.72 	 34 	 15.494 	 132 	 301 	 204 	 190 	 4681 	-8.4 
 12.52 	 1.25 	 120.9 	 23.95 	 34 	 15.495 	 133.2 	 301 	 205 	 190 	 4679 	-8.4 
 12.73 	 1.27 	 121 	 24.17 	 34 	 15.515 	 132.4 	 300 	 205 	 190 	 4679 	-8.4 
 12.93 	 1.29 	 121 	 24.15 	 35 	 15.515 	 132.7 	 300 	 205 	 190 	 4679 	-8.5 
 13.13 	 1.31 	 120.9 	 24.24 	 34 	 15.532 	 133 	 300 	 205 	 190 	 4677 	-8.5 
 13.33 	 1.33 	 121.1 	 24.25 	 34 	 15.536 	 132.4 	 300 	 205 	 190 	 4678 	-8.5 
 13.53 	 1.35 	 121 	 24.09 	 34 	 15.537 	 133.2 	 300 	 205 	 191 	 4677 	-8.6 
 13.74 	 1.37 	 121.1 	 24.18 	 35 	 15.546 	 132 	 301 	 205 	 190 	 4680 	-8.6 
 13.94 	 1.39 	 121.1 	 24.15 	 34 	 15.55 	 133 	 300 	 205 	 190 	 4678 	-8.1 
 14.14 	 1.41 	 120.9 	 24.03 	 33 	 15.558 	 132.9 	 301 	 205 	 190 	 4678 	-8.5 
 14.34 	 1.43 	 121.1 	 23.92 	 34 	 15.576 	 132.5 	 300 	 205 	 190 	 4679 	-8.1 
 14.54 	 1.45 	 121 	 23.89 	 34 	 15.564 	 133.2 	 301 	 205 	 190 	 4678 	-8.6 
 14.75 	 1.47 	 121.1 	 23.66 	 34 	 15.575 	 131.6 	 300 	 205 	 190 	 4677 	-8.4 
 14.95 	 1.49 	 121 	 23.78 	 33 	 15.57 	 132.7 	 301 	 205 	 190 	 4680 	-8.3 
 15.15 	 1.51 	 121 	 23.78 	 33 	 15.567 	 132.7 	 301 	 205 	 190 	 4679 	-8.3 
 15.35 	 1.53 	 121.1 	 23.55 	 33 	 15.569 	 132.1 	 301 	 205 	 190 	 4677 	-8 
 15.55 	 1.55 	 121.1 	 23.37 	 33 	 15.58 	 133.2 	 300 	 205 	 190 	 4679 	-8.6 
 15.76 	 1.57 	 121.1 	 23.19 	 32 	 15.563 	 132.4 	 301 	 204 	 190 	 4677 	-8.8 
 15.96 	 1.59 	 121.1 	 22.6 	 32 	 15.583 	 132.8 	 301 	 205 	 190 	 4678 	-8.1 
 16.16 	 1.61 	 121 	 22.17 	 31 	 15.556 	 132.7 	 300 	 205 	 190 	 4681 	-8.6 
 16.36 	 1.63 	 121 	 21.79 	 31 	 15.553 	 132.3 	 301 	 205 	 190 	 4679 	-8.5 
 16.56 	 1.65 	 121.1 	 21.45 	 30 	 15.544 	 133.3 	 301 	 205 	 190 	 4677 	-8.3 
 16.77 	 1.67 	 121.2 	 21 	 30 	 15.533 	 132.5 	 301 	 205 	 190 	 4680 	-8.5 
 16.97 	 1.69 	 121 	 20.78 	 29 	 15.508 	 132.9 	 300 	 205 	 190 	 4679 	-8.1 
 17.17 	 1.71 	 121 	 20.48 	 29 	 15.527 	 132.8 	 301 	 205 	 190 	 4679 	-8.8 
 17.37 	 1.73 	 121 	 20.35 	 29 	 15.501 	 132.2 	 301 	 205 	 190 	 4679 	-8.3 
 17.57 	 1.75 	 121 	 19.89 	 28 	 15.485 	 133.1 	 300 	 204 	 190 	 4680 	-8.9 
 17.78 	 1.77 	 120.9 	 19.56 	 28 	 15.488 	 131.7 	 300 	 205 	 190 	 4678 	-8.5 
 17.98 	 1.79 	 121.1 	 19.52 	 27 	 15.469 	 132.9 	 301 	 205 	 189 	 4679 	-8.8 
 18.18 	 1.81 	 121.1 	 19.32 	 27 	 15.473 	 132.7 	 300 	 205 	 190 	 4681 	-8.3 
 18.38 	 1.83 	 120.9 	 19.19 	 27 	 15.483 	 132.4 	 300 	 205 	 190 	 4678 	-8.4 
 18.58 	 1.85 	 121 	 19.29 	 27 	 15.471 	 133.3 	 301 	 204 	 190 	 4678 	-8.1 
 18.79 	 1.87 	 121 	 19.19 	 27 	 15.492 	 132.5 	 300 	 205 	 190 	 4678 	-8.5 
 18.99 	 1.89 	 120.9 	 19.18 	 28 	 15.473 	 133 	 300 	 205 	 189 	 4679 	-8.6 
 19.19 	 1.91 	 121.1 	 19.1 	 27 	 15.478 	 132.6 	 300 	 204 	 190 	 4680 	-8.5 
 19.39 	 1.93 	 120.9 	 19.23 	 27 	 15.479 	 132.5 	 300 	 205 	 190 	 4678 	-8.1 
 19.59 	 1.95 	 121.1 	 19.44 	 27 	 15.474 	 133.4 	 300 	 205 	 190 	 4678 	-8.4 
 19.8 	 1.97 	 121 	 19.33 	 27 	 15.465 	 131.8 	 300 	 204 	 190 	 4679 	-8.6 
 20 	 2 	 121 	 19.34 	 27 	 15.476 	 133.3 	 300 	 204 	 190 	 4677 	-8.5 
 20.2 	 2.02 	 120.9 	 19.8 	 28 	 15.467 	 132.5 	 301 	 205 	 190 	 4679 	-8.5 
 20.4 	 2.04 	 121 	 20.22 	 29 	 15.477 	 132.6 	 300 	 204 	 191 	 4680 	-8.5 
 20.6 	 2.06 	 121 	 20.46 	 29 	 15.493 	 132.8 	 300 	 205 	 190 	 4680 	-8.3 
 20.81 	 2.08 	 121 	 20.77 	 30 	 15.498 	 131.9 	 300 	 204 	 190 	 4678 	-8.1 
 21.01 	 2.1 	 121 	 21.52 	 31 	 15.5 	 133.4 	 301 	 205 	 190 	 4679 	-8.5 
 21.21 	 2.12 	 121.1 	 21.82 	 31 	 15.524 	 132.4 	 301 	 204 	 191 	 4680 	-8.6 
 21.41 	 2.14 	 121 	 22.25 	 32 	 15.531 	 132.4 	 300 	 205 	 190 	 4678 	-8 
 21.61 	 2.16 	 121.1 	 22.77 	 33 	 15.546 	 133.3 	 301 	 205 	 190 	 4679 	-8.6 
 21.82 	 2.18 	 121 	 23.09 	 33 	 15.561 	 132.3 	 301 	 205 	 190 	 4676 	-8.1 
 22.02 	 2.2 	 121 	 23.3 	 33 	 15.562 	 133.2 	 300 	 205 	 190 	 4677 	-8.5 
 22.22 	 2.22 	 121.1 	 23.59 	 33 	 15.559 	 132.5 	 300 	 205 	 190 	 4678 	-8.6 
 22.42 	 2.24 	 121.2 	 23.91 	 34 	 15.586 	 132.7 	 300 	 205 	 190 	 4677 	-8.1 
 22.62 	 2.26 	 121.1 	 23.97 	 34 	 15.598 	 133.2 	 300 	 205 	 191 	 4680 	-8.6 
 22.83 	 2.28 	 121.1 	 24.13 	 35 	 15.609 	 132.2 	 301 	 205 	 190 	 4678 	-8.5 
 23.03 	 2.3 	 121.1 	 24.15 	 34 	 15.623 	 133 	 301 	 205 	 190 	 4678 	-8.4 
 23.23 	 2.32 	 121.2 	 24.3 	 34 	 15.626 	 132.4 	 301 	 205 	 190 	 4678 	-8.6 
 23.43 	 2.34 	 121.1 	 24.25 	 35 	 15.644 	 132.8 	 301 	 205 	 190 	 4676 	-8.4 
 23.63 	 2.36 	 121.2 	 24.02 	 34 	 15.652 	 133 	 301 	 205 	 191 	 4677 	-8.5 
 23.84 	 2.38 	 121.1 	 24.09 	 34 	 15.643 	 132.2 	 301 	 205 	 190 	 4679 	-8.4 
 24.04 	 2.4 	 121.1 	 24.07 	 33 	 15.647 	 133.3 	 300 	 205 	 190 	 4679 	-8.8 
 24.24 	 2.42 	 121.2 	 24.12 	 34 	 15.644 	 132.1 	 300 	 205 	 190 	 4677 	-8.8 
 24.44 	 2.44 	 121.2 	 23.87 	 34 	 15.654 	 132.9 	 300 	 205 	 190 	 4679 	-8.6 
 24.64 	 2.46 	 121.3 	 23.87 	 34 	 15.654 	 132.3 	 300 	 205 	 190 	 4680 	-8.1 
 24.85 	 2.48 	 121.1 	 23.78 	 34 	 15.649 	 132.2 	 301 	 205 	 190 	 4678 	-7.9 
 25.05 	 2.5 	 121.2 	 23.9 	 34 	 15.635 	 133.2 	 301 	 205 	 190 	 4676 	-8.3 
 25.25 	 2.52 	 121.1 	 23.68 	 34 	 15.655 	 132.2 	 300 	 206 	 190 	 4677 	-8.1 
 25.45 	 2.54 	 121.2 	 23.64 	 33 	 15.644 	 133.3 	 301 	 205 	 190 	 4680 	-8.4 
 25.65 	 2.56 	 121.1 	 23.38 	 32 	 15.662 	 133.1 	 300 	 205 	 190 	 4680 	-8.4 
 25.86 	 2.58 	 121.2 	 22.73 	 32 	 15.652 	 132.2 	 301 	 205 	 190 	 4676 	-7.9 
 26.06 	 2.6 	 121.1 	 22.4 	 31 	 15.639 	 133.3 	 300 	 206 	 190 	 4677 	-8.3 
 26.26 	 2.62 	 121.1 	 22.17 	 31 	 15.636 	 132.2 	 300 	 205 	 190 	 4678 	-8.6 
 26.46 	 2.64 	 121.1 	 21.62 	 30 	 15.628 	 133.2 	 301 	 205 	 190 	 4680 	-8.6 
 26.66 	 2.66 	 121.1 	 21.22 	 29 	 15.627 	 132.3 	 300 	 205 	 191 	 4680 	-8.6 
 26.87 	 2.68 	 121.2 	 21.01 	 29 	 15.614 	 132.6 	 301 	 205 	 190 	 4678 	-8 
 27.07 	 2.7 	 121.2 	 20.62 	 28 	 15.612 	 133.3 	 301 	 204 	 190 	 4681 	-8.1 
 27.27 	 2.72 	 121.1 	 20.08 	 29 	 15.592 	 132.1 	 300 	 205 	 190 	 4679 	-9 
 27.47 	 2.74 	 121.2 	 19.98 	 28 	 15.581 	 133 	 301 	 205 	 190 	 4679 	-8.3 
 27.67 	 2.76 	 121.1 	 19.83 	 27 	 15.568 	 132.3 	 300 	 205 	 190 	 4680 	-8.4 
 27.88 	 2.78 	 121.1 	 19.32 	 27 	 15.568 	 132.3 	 300 	 205 	 190 	 4681 	-8.4 
 28.08 	 2.8 	 121.2 	 19.27 	 27 	 15.565 	 133.3 	 300 	 205 	 190 	 4677 	-7.8 
 28.28 	 2.82 	 121 	 19.13 	 27 	 15.559 	 132.3 	 301 	 205 	 190 	 4678 	-8.4 
 28.48 	 2.84 	 121 	 19.02 	 27 	 15.558 	 133.2 	 300 	 205 	 190 	 4679 	-8.8 
 28.68 	 2.86 	 121 	 18.9 	 27 	 15.56 	 133.2 	 300 	 205 	 190 	 4679 	-8 
 28.89 	 2.88 	 121.1 	 19.13 	 27 	 15.55 	 132.5 	 300 	 205 	 190 	 4678 	-7.8 
 29.09 	 2.9 	 121.1 	 19.09 	 27 	 15.558 	 133.1 	 300 	 205 	 190 	 4681 	-8.6 
 29.29 	 2.92 	 121 	 19.15 	 27 	 15.551 	 132.3 	 300 	 205 	 190 	 4676 	-8.4 
 29.49 	 2.94 	 120.9 	 19.08 	 28 	 15.561 	 133 	 301 	 204 	 190 	 4678 	-8.6 
 29.69 	 2.96 	 121.1 	 19.17 	 27 	 15.552 	 133.1 	 300 	 205 	 190 	 4677 	-8.1 
 29.9 	 2.99 	 121.2 	 19.35 	 27 	 15.56 	 132.4 	 300 	 205 	 190 	 4681 	-8 
 30.1 	 3.01 	 121 	 19.55 	 28 	 15.538 	 133.2 	 300 	 205 	 190 	 4678 	-8.5 
 30.3 	 3.03 	 121.1 	 19.94 	 29 	 15.558 	 132.4 	 300 	 205 	 190 	 4677 	-8.1 
 30.5 	 3.05 	 121.1 	 20.52 	 29 	 15.571 	 133.1 	 300 	 205 	 190 	 4677 	-8.1 
 30.7 	 3.07 	 121 	 20.74 	 29 	 15.574 	 132.8 	 301 	 204 	 190 	 4679 	-8.3 
 30.91 	 3.09 	 121.2 	 21.23 	 30 	 15.592 	 132.4 	 300 	 205 	 191 	 4681 	-8.3 
 31.11 	 3.11 	 121.1 	 21.64 	 31 	 15.592 	 133.2 	 301 	 205 	 190 	 4677 	-8.8 
 31.31 	 3.13 	 121.2 	 22.34 	 32 	 15.618 	 132.1 	 300 	 205 	 190 	 4680 	-8.4 
 31.51 	 3.15 	 121.1 	 22.6 	 32 	 15.624 	 132.8 	 300 	 205 	 190 	 4677 	-7.8 
 31.71 	 3.17 	 121.1 	 22.84 	 33 	 15.627 	 132.6 	 301 	 205 	 190 	 4678 	-8.6 
 31.92 	 3.19 	 121 	 23.36 	 34 	 15.656 	 132.3 	 300 	 205 	 190 	 4677 	-8 
 32.12 	 3.21 	 121.1 	 23.58 	 34 	 15.654 	 133.1 	 300 	 206 	 191 	 4679 	-8.3 
 32.32 	 3.23 	 121.1 	 23.88 	 34 	 15.655 	 132.2 	 301 	 206 	 190 	 4676 	-8.1 
 32.52 	 3.25 	 121.3 	 23.94 	 34 	 15.676 	 133.7 	 300 	 205 	 191 	 4680 	-8.1 
 32.72 	 3.27 	 121.1 	 24.1 	 34 	 15.691 	 132.8 	 301 	 205 	 190 	 4678 	-8.5 
 32.93 	 3.29 	 121.2 	 24.14 	 35 	 15.696 	 132.9 	 301 	 205 	 190 	 4678 	-8.3 
 33.13 	 3.31 	 121.2 	 24.28 	 35 	 15.694 	 133.2 	 300 	 205 	 190 	 4679 	-8.5 
 33.33 	 3.33 	 121.1 	 24.29 	 34 	 15.704 	 132.1 	 300 	 205 	 191 	 4680 	-8.4 
 33.53 	 3.35 	 121.2 	 24.3 	 34 	 15.718 	 133.2 	 301 	 205 	 190 	 4677 	-8.6 
 33.73 	 3.37 	 121.2 	 24.34 	 35 	 15.723 	 132.4 	 301 	 205 	 190 	 4677 	-8.1 
 33.94 	 3.39 	 121.2 	 24.29 	 34 	 15.714 	 132.8 	 301 	 205 	 191 	 4680 	-8.6 
 34.14 	 3.41 	 121.2 	 23.99 	 34 	 15.721 	 133.2 	 301 	 205 	 190 	 4680 	-8.5 
 34.34 	 3.43 	 121.3 	 24.12 	 34 	 15.711 	 131.9 	 301 	 205 	 190 	 4682 	-8.6 
 34.54 	 3.45 	 121.2 	 24.01 	 35 	 15.719 	 133.1 	 301 	 206 	 190 	 4677 	-8.6 
 34.74 	 3.47 	 121.2 	 23.89 	 34 	 15.729 	 132.5 	 300 	 206 	 190 	 4678 	-8 
 34.95 	 3.49 	 121.2 	 23.77 	 34 	 15.735 	 132.9 	 301 	 205 	 191 	 4679 	-8.4 
 35.15 	 3.51 	 121.2 	 23.96 	 34 	 15.732 	 133.2 	 301 	 205 	 190 	 4677 	-8.3 
 35.35 	 3.53 	 121.3 	 23.64 	 33 	 15.717 	 132.2 	 300 	 205 	 190 	 4675 	-8 
 35.55 	 3.55 	 121.4 	 23.46 	 33 	 15.749 	 133.4 	 301 	 205 	 191 	 4680 	-8.3 
 35.75 	 3.57 	 121.2 	 23.06 	 32 	 15.732 	 132.3 	 300 	 206 	 190 	 4678 	-8 
 35.96 	 3.59 	 121.3 	 22.78 	 32 	 15.719 	 132.5 	 300 	 205 	 190 	 4678 	-7.6 
 36.16 	 3.61 	 121.2 	 22.15 	 31 	 15.725 	 133.3 	 301 	 205 	 191 	 4679 	-8.4 
 36.36 	 3.63 	 121.3 	 21.86 	 30 	 15.711 	 132.1 	 301 	 205 	 190 	 4678 	-8.4 
 36.56 	 3.65 	 121.2 	 21.51 	 30 	 15.699 	 133.5 	 301 	 205 	 191 	 4681 	-8.3 
 36.76 	 3.67 	 121.2 	 20.92 	 29 	 15.695 	 132.4 	 300 	 205 	 190 	 4678 	-8.4 
 36.97 	 3.69 	 121.2 	 20.51 	 29 	 15.671 	 132.9 	 301 	 205 	 190 	 4677 	-8.1 
 37.17 	 3.71 	 121.2 	 20.44 	 29 	 15.668 	 133.1 	 301 	 205 	 190 	 4678 	-8 
 37.37 	 3.73 	 121.2 	 20.08 	 28 	 15.66 	 132.3 	 301 	 206 	 190 	 4679 	-8.1 
 37.57 	 3.75 	 121.2 	 19.6 	 28 	 15.641 	 133.3 	 301 	 206 	 190 	 4680 	-8.4 
 37.77 	 3.77 	 121.2 	 19.58 	 27 	 15.641 	 132.3 	 301 	 205 	 190 	 4680 	-8.8 
 37.98 	 3.79 	 121.2 	 19.3 	 27 	 15.636 	 133.1 	 301 	 205 	 190 	 4677 	-8.3 
 38.18 	 3.81 	 121.3 	 19.24 	 27 	 15.632 	 133 	 301 	 205 	 191 	 4678 	-8 
 38.38 	 3.83 	 121.2 	 19.2 	 26 	 15.648 	 132.2 	 300 	 204 	 190 	 4677 	-8.3 
 38.58 	 3.85 	 121.2 	 19.26 	 27 	 15.632 	 133.4 	 301 	 206 	 190 	 4677 	-8.6 
 38.78 	 3.87 	 121.1 	 19.09 	 27 	 15.629 	 132.4 	 301 	 205 	 191 	 4682 	-8.4 
 38.99 	 3.89 	 121.1 	 19.02 	 27 	 15.635 	 133 	 301 	 205 	 190 	 4678 	-8.4 
 39.19 	 3.91 	 121.2 	 19.15 	 27 	 15.625 	 132.9 	 301 	 205 	 190 	 4679 	-8.6 
 39.39 	 3.93 	 121.1 	 19.13 	 27 	 15.633 	 132.6 	 301 	 206 	 190 	 4679 	-8.5 
 39.59 	 3.95 	 121.1 	 19.36 	 26 	 15.632 	 133.5 	 301 	 205 	 191 	 4680 	-8.5 
 39.79 	 3.98 	 121.1 	 19.23 	 27 	 15.631 	 132.3 	 301 	 205 	 190 	 4679 	-8.3 
 40 	 4 	 121.2 	 19.22 	 28 	 15.626 	 133.1 	 301 	 205 	 190 	 4678 	-8.4 
 40.2 	 4.02 	 121 	 19.81 	 28 	 15.628 	 132.9 	 301 	 206 	 190 	 4680 	-8.5 
 40.4 	 4.04 	 121.1 	 20.31 	 29 	 15.621 	 131.9 	 301 	 205 	 190 	 4680 	-8.4 
 40.6 	 4.06 	 121.2 	 20.41 	 30 	 15.646 	 133.3 	 300 	 205 	 190 	 4677 	-8.3 
 40.8 	 4.08 	 121.1 	 20.88 	 29 	 15.638 	 132.2 	 300 	 206 	 190 	 4677 	-8 
 41.01 	 4.1 	 121.2 	 21.66 	 31 	 15.663 	 133 	 300 	 206 	 191 	 4680 	-8 
 41.21 	 4.12 	 121.1 	 21.83 	 32 	 15.684 	 132.7 	 301 	 205 	 191 	 4680 	-8.3 
 41.41 	 4.14 	 121.2 	 22.31 	 32 	 15.685 	 132.6 	 301 	 205 	 191 	 4681 	-8.6 
 41.61 	 4.16 	 121.2 	 22.84 	 33 	 15.701 	 133.2 	 301 	 206 	 191 	 4680 	-8.3 
 41.81 	 4.18 	 121.2 	 23.19 	 33 	 15.717 	 132.5 	 301 	 205 	 191 	 4677 	-8.5 
 42.02 	 4.2 	 121.1 	 23.48 	 34 	 15.724 	 133.4 	 301 	 206 	 190 	 4680 	-8.4 
 42.22 	 4.22 	 121.2 	 23.68 	 34 	 15.728 	 132.9 	 301 	 206 	 191 	 4679 	-8.5 
 42.42 	 4.24 	 121.1 	 23.84 	 34 	 15.754 	 133 	 300 	 206 	 191 	 4678 	-8.1 
 42.62 	 4.26 	 121.2 	 24.11 	 34 	 15.759 	 133.2 	 301 	 205 	 191 	 4676 	-8.3 
 42.82 	 4.28 	 121.3 	 24.2 	 34 	 15.761 	 132.2 	 301 	 205 	 191 	 4679 	-8.1 
 43.03 	 4.3 	 121.2 	 24.15 	 34 	 15.759 	 133.3 	 300 	 205 	 191 	 4679 	-8.1 
 43.23 	 4.32 	 121.3 	 24.33 	 35 	 15.765 	 132.4 	 300 	 205 	 191 	 4678 	-8.6 
 43.43 	 4.34 	 121.3 	 24.33 	 34 	 15.776 	 132.9 	 300 	 206 	 191 	 4677 	-7.8 
 43.63 	 4.36 	 121.3 	 24.29 	 34 	 15.78 	 133.3 	 301 	 206 	 190 	 4677 	-8.3 
 43.83 	 4.38 	 121.3 	 24.17 	 34 	 15.796 	 132.2 	 300 	 206 	 190 	 4678 	-7.9 
 44.04 	 4.4 	 121.3 	 24.18 	 34 	 15.787 	 133.2 	 301 	 206 	 191 	 4682 	-8.1 
 44.24 	 4.42 	 121.2 	 24.18 	 33 	 15.797 	 132.5 	 300 	 206 	 190 	 4679 	-8.4 
 44.44 	 4.44 	 121.2 	 24.05 	 34 	 15.795 	 132.6 	 301 	 205 	 191 	 4678 	-8.1 
 44.64 	 4.46 	 121.2 	 23.91 	 34 	 15.795 	 133.1 	 301 	 206 	 191 	 4679 	-8 
 44.84 	 4.48 	 121.2 	 23.94 	 34 	 15.788 	 132 	 300 	 206 	 190 	 4679 	-8.1 
 45.05 	 4.5 	 121.2 	 23.82 	 34 	 15.796 	 133.2 	 300 	 206 	 191 	 4681 	-8.6 
 45.25 	 4.52 	 121.2 	 23.74 	 34 	 15.79 	 132.6 	 300 	 206 	 191 	 4679 	-8.5 
 45.45 	 4.54 	 121.3 	 23.69 	 33 	 15.8 	 132.7 	 301 	 205 	 191 	 4678 	-8.3 
 45.65 	 4.56 	 121.3 	 23.4 	 32 	 15.794 	 133.3 	 301 	 206 	 191 	 4679 	-8.5 
 45.85 	 4.58 	 121.3 	 22.58 	 32 	 15.785 	 132.1 	 300 	 205 	 191 	 4681 	-8.3 
 46.06 	 4.6 	 121.3 	 22.4 	 32 	 15.799 	 133.2 	 301 	 206 	 191 	 4679 	-8.3 
 46.26 	 4.62 	 121.2 	 22.07 	 30 	 15.786 	 132.5 	 301 	 206 	 191 	 4679 	-8.5 
 46.46 	 4.64 	 121.2 	 21.52 	 30 	 15.765 	 132.9 	 301 	 205 	 191 	 4678 	-8.6 
 46.66 	 4.66 	 121.3 	 21.12 	 29 	 15.745 	 133.3 	 301 	 205 	 191 	 4679 	-8.4 
 46.86 	 4.68 	 121.3 	 20.89 	 29 	 15.743 	 132.2 	 300 	 205 	 191 	 4681 	-8 
 47.07 	 4.7 	 121.3 	 20.22 	 28 	 15.722 	 133.7 	 301 	 206 	 191 	 4680 	-8.4 
 47.27 	 4.72 	 121.2 	 19.95 	 28 	 15.715 	 132.6 	 301 	 206 	 190 	 4677 	-8.3 
 47.47 	 4.74 	 121.4 	 19.75 	 28 	 15.708 	 133.1 	 301 	 205 	 191 	 4678 	-8.1 
 47.67 	 4.76 	 121.3 	 19.66 	 27 	 15.706 	 133.3 	 300 	 206 	 190 	 4676 	-8.1 
 47.87 	 4.78 	 121.3 	 19.42 	 27 	 15.697 	 132.2 	 300 	 206 	 190 	 4678 	-8.8 
 48.08 	 4.8 	 121.3 	 19.27 	 27 	 15.706 	 133.3 	 300 	 205 	 191 	 4681 	-8.9 
 48.28 	 4.82 	 121.2 	 19.36 	 27 	 15.686 	 132.4 	 301 	 205 	 191 	 4678 	-8.5 
 48.48 	 4.84 	 121.2 	 19.23 	 27 	 15.693 	 132.9 	 300 	 206 	 190 	 4677 	-8.4 
 48.68 	 4.86 	 121.2 	 19.09 	 27 	 15.699 	 132.8 	 301 	 205 	 190 	 4679 	-8.3 
 48.88 	 4.88 	 121.2 	 19.1 	 27 	 15.706 	 132.2 	 301 	 205 	 190 	 4678 	-8.8 
 49.09 	 4.9 	 121.2 	 19.17 	 27 	 15.693 	 133.4 	 301 	 205 	 190 	 4679 	-8.3 
 49.29 	 4.92 	 121.2 	 19.13 	 27 	 15.693 	 132.7 	 301 	 205 	 191 	 4680 	-8.4 
 49.49 	 4.94 	 121.3 	 19.24 	 27 	 15.674 	 132.7 	 301 	 206 	 190 	 4680 	-8.6 
 49.69 	 4.97 	 121.2 	 19.03 	 27 	 15.691 	 132.7 	 300 	 205 	 190 	 4677 	-8.3 
 49.89 	 4.99 	 121.2 	 19.22 	 28 	 15.693 	 132.4 	 300 	 205 	 190 	 4679 	-7.9 
 50.1 	 5.01 	 121.2 	 19.52 	 27 	 15.692 	 132.9 	 300 	 205 	 191 	 4679 	-8.5 
 50.3 	 5.03 	 121.2 	 20.06 	 29 	 15.695 	 132.3 	 301 	 206 	 190 	 4679 	-8.6 
 50.5 	 5.05 	 121.1 	 20.14 	 29 	 15.682 	 133 	 301 	 205 	 191 	 4678 	-8.3 
 50.7 	 5.07 	 121.3 	 20.85 	 30 	 15.712 	 133 	 301 	 205 	 191 	 4677 	-8.4 
 50.9 	 5.09 	 121.2 	 21.3 	 31 	 15.728 	 132.4 	 301 	 206 	 191 	 4677 	-8.5 
 51.11 	 5.11 	 121.2 	 21.47 	 31 	 15.731 	 133.6 	 300 	 205 	 191 	 4681 	-8.6 
 51.31 	 5.13 	 121.3 	 22.15 	 32 	 15.745 	 132.5 	 301 	 205 	 190 	 4676 	-8 
 51.51 	 5.15 	 121.2 	 22.55 	 33 	 15.758 	 133.1 	 301 	 206 	 191 	 4680 	-8.1 
 51.71 	 5.17 	 121.4 	 22.92 	 33 	 15.758 	 132.8 	 301 	 206 	 191 	 4678 	-8.4 
 51.91 	 5.19 	 121.2 	 23.33 	 34 	 15.779 	 132.4 	 300 	 206 	 191 	 4678 	-8.5 
 52.12 	 5.21 	 121.3 	 23.56 	 33 	 15.784 	 133.2 	 300 	 206 	 191 	 4677 	-8.1 
 52.32 	 5.23 	 121.3 	 23.75 	 33 	 15.8 	 132.2 	 300 	 206 	 191 	 4680 	-8.5 
 52.52 	 5.25 	 121.2 	 23.88 	 34 	 15.808 	 132.9 	 300 	 206 	 191 	 4678 	-8.1 
 52.72 	 5.27 	 121.3 	 24.1 	 35 	 15.83 	 132.8 	 300 	 206 	 191 	 4677 	-8.5 
 52.92 	 5.29 	 121.2 	 24.21 	 34 	 15.825 	 132.4 	 301 	 206 	 191 	 4677 	-8.1 
 53.13 	 5.31 	 121.4 	 24.28 	 34 	 15.822 	 133.3 	 300 	 206 	 191 	 4680 	-8.3 
 53.33 	 5.33 	 121.4 	 24.28 	 34 	 15.832 	 132.6 	 300 	 206 	 191 	 4676 	-8.3 
 53.53 	 5.35 	 121.3 	 24.35 	 34 	 15.84 	 133.1 	 301 	 206 	 191 	 4678 	-8.8 
 53.73 	 5.37 	 121.3 	 24.24 	 35 	 15.842 	 132.7 	 301 	 206 	 191 	 4677 	-8.3 
 53.93 	 5.39 	 121.3 	 24.24 	 34 	 15.826 	 132.7 	 301 	 206 	 190 	 4677 	-8.4 
 54.14 	 5.41 	 121.3 	 24.13 	 34 	 15.854 	 133.1 	 301 	 206 	 191 	 4677 	-8.6 
 54.34 	 5.43 	 121.3 	 24.17 	 34 	 15.854 	 132.2 	 301 	 205 	 191 	 4678 	-8.4 
 54.54 	 5.45 	 121.3 	 24.06 	 34 	 15.841 	 133.2 	 301 	 206 	 191 	 4678 	-8.6 
 54.74 	 5.47 	 121.3 	 23.92 	 34 	 15.844 	 132.8 	 300 	 206 	 190 	 4677 	-8.4 
 54.94 	 5.49 	 121.4 	 23.86 	 34 	 15.858 	 132.8 	 301 	 205 	 190 	 4679 	-8.5 
 55.15 	 5.51 	 121.3 	 23.92 	 34 	 15.864 	 133.4 	 301 	 206 	 191 	 4677 	-8.5 
 55.35 	 5.53 	 121.3 	 23.61 	 34 	 15.854 	 132.2 	 300 	 206 	 191 	 4681 	-8.4 
 55.55 	 5.55 	 121.3 	 23.59 	 33 	 15.849 	 133.3 	 300 	 206 	 191 	 4679 	-8.5 
 55.75 	 5.57 	 121.4 	 23.09 	 32 	 15.847 	 132.8 	 301 	 206 	 191 	 4678 	-8.6 
 55.95 	 5.59 	 121.4 	 22.59 	 32 	 15.836 	 132.7 	 301 	 205 	 190 	 4677 	-8.4 
 56.16 	 5.61 	 121.3 	 22.11 	 31 	 15.829 	 133.3 	 300 	 206 	 191 	 4678 	-8.4 
 56.36 	 5.63 	 121.4 	 21.78 	 30 	 15.816 	 132.5 	 301 	 205 	 191 	 4676 	-7.9 
 56.56 	 5.65 	 121.3 	 21.47 	 29 	 15.812 	 133.3 	 301 	 206 	 191 	 4679 	-8.5 
 56.76 	 5.67 	 121.3 	 20.9 	 30 	 15.779 	 132.6 	 301 	 206 	 191 	 4681 	-8.5 
 56.96 	 5.69 	 121.3 	 20.52 	 28 	 15.795 	 133 	 300 	 205 	 191 	 4678 	-8.4 
 57.17 	 5.71 	 121.4 	 20.14 	 28 	 15.783 	 133.5 	 301 	 205 	 191 	 4679 	-8.4 
 57.37 	 5.73 	 121.3 	 19.86 	 28 	 15.776 	 132.1 	 301 	 206 	 191 	 4681 	-8.6 
 57.57 	 5.75 	 121.3 	 19.65 	 28 	 15.757 	 133.4 	 301 	 205 	 191 	 4678 	-8.4 
 57.77 	 5.77 	 121.3 	 19.56 	 27 	 15.76 	 132.9 	 301 	 205 	 191 	 4678 	-8 
 57.97 	 5.79 	 121.2 	 19.37 	 27 	 15.76 	 132.8 	 301 	 205 	 191 	 4682 	-8.5 
 58.18 	 5.81 	 121.1 	 19.22 	 27 	 15.765 	 133.6 	 301 	 206 	 191 	 4677 	-8.1 
 58.38 	 5.83 	 121.3 	 19.24 	 27 	 15.757 	 132.3 	 300 	 206 	 190 	 4679 	-8.5 
 58.58 	 5.85 	 121.2 	 19.2 	 27 	 15.753 	 133.3 	 301 	 206 	 190 	 4678 	-8.8 
 58.78 	 5.87 	 121.3 	 19.03 	 27 	 15.74 	 133 	 301 	 206 	 190 	 4679 	-8.4 
 58.98 	 5.89 	 121.2 	 19.14 	 27 	 15.747 	 132.9 	 301 	 206 	 191 	 4678 	-8.6 
 59.19 	 5.91 	 121.2 	 19.19 	 27 	 15.75 	 133.2 	 301 	 206 	 190 	 4677 	-8 
 59.39 	 5.93 	 121.2 	 19.24 	 27 	 15.746 	 132.1 	 301 	 206 	 190 	 4677 	-7.9 
 59.59 	 5.96 	 121.2 	 19.25 	 27 	 15.762 	 133.3 	 301 	 206 	 190 	 4679 	-8.5 
 59.79 	 5.98 	 121.2 	 19.14 	 27 	 15.741 	 132.5 	 301 	 206 	 191 	 4678 	-8.6 
 59.99 	 6 	 121.3 	 19.31 	 27 	 15.745 	 132.7 	 300 	 205 	 190 	 4678 	-8.5 
 60.2 	 6.02 	 121.2 	 19.86 	 28 	 15.744 	 133.1 	 301 	 205 	 191 	 4678 	-8.3 
 60.4 	 6.04 	 121.2 	 20.17 	 29 	 15.749 	 132.1 	 300 	 206 	 190 	 4678 	-8.3 
 60.6 	 6.06 	 121.3 	 20.41 	 30 	 15.75 	 133.3 	 300 	 205 	 190 	 4679 	-8.6 
 60.8 	 6.08 	 121.3 	 20.82 	 31 	 15.759 	 132.7 	 301 	 206 	 191 	 4680 	-8.5 
 61 	 6.1 	 121.3 	 21.45 	 31 	 15.784 	 132.7 	 301 	 206 	 191 	 4680 	-8.9 
 61.21 	 6.12 	 121.4 	 21.91 	 32 	 15.798 	 133.2 	 301 	 206 	 191 	 4681 	-8.9 
 61.41 	 6.14 	 121.3 	 22.3 	 32 	 15.804 	 132.2 	 301 	 206 	 190 	 4677 	-8.3 
 61.61 	 6.16 	 121.3 	 22.84 	 32 	 15.808 	 133.6 	 301 	 206 	 191 	 4677 	-8.5 
 61.81 	 6.18 	 121.2 	 23.17 	 33 	 15.821 	 132.5 	 301 	 205 	 191 	 4681 	-9 
 62.01 	 6.2 	 121.3 	 23.43 	 34 	 15.828 	 132.8 	 301 	 207 	 191 	 4679 	-8.4 
 62.22 	 6.22 	 121.2 	 23.66 	 33 	 15.859 	 132.6 	 301 	 205 	 191 	 4680 	-8.5 
 62.42 	 6.24 	 121.4 	 24.17 	 34 	 15.859 	 132.4 	 300 	 206 	 191 	 4681 	-8.5 
 62.62 	 6.26 	 121.3 	 24.07 	 35 	 15.859 	 133.4 	 301 	 206 	 192 	 4680 	-8.5 
 62.82 	 6.28 	 121.4 	 24.19 	 34 	 15.869 	 132.7 	 301 	 206 	 191 	 4680 	-8.6 
 63.02 	 6.3 	 121.4 	 24.31 	 34 	 15.888 	 132.6 	 301 	 206 	 191 	 4680 	-8.5 
 63.23 	 6.32 	 121.5 	 24.31 	 35 	 15.871 	 133.4 	 301 	 206 	 191 	 4679 	-8.5 
 63.43 	 6.34 	 121.4 	 24.4 	 35 	 15.893 	 132.2 	 300 	 206 	 191 	 4678 	-8.4 
 63.63 	 6.36 	 121.4 	 24.32 	 35 	 15.898 	 133.2 	 301 	 206 	 191 	 4678 	-8.3 
 63.83 	 6.38 	 121.4 	 24.26 	 34 	 15.883 	 132.6 	 301 	 206 	 191 	 4676 	-8 
 64.03 	 6.4 	 121.3 	 24.13 	 34 	 15.894 	 132.5 	 301 	 206 	 191 	 4678 	-8.4 
 64.24 	 6.42 	 121.3 	 24.18 	 34 	 15.891 	 133.6 	 301 	 206 	 191 	 4679 	-8.4 
 64.44 	 6.44 	 121.4 	 24.15 	 34 	 15.888 	 132.1 	 301 	 206 	 191 	 4678 	-8.8 
 64.64 	 6.46 	 121.4 	 24.07 	 34 	 15.902 	 133.3 	 301 	 206 	 191 	 4681 	-8.1 
 64.84 	 6.48 	 121.4 	 24.09 	 34 	 15.903 	 132.6 	 301 	 206 	 191 	 4679 	-8.5 
 65.04 	 6.5 	 121.4 	 24.02 	 34 	 15.905 	 133.1 	 301 	 207 	 190 	 4678 	-8.1 
 65.25 	 6.52 	 121.4 	 23.88 	 33 	 15.904 	 133 	 302 	 206 	 191 	 4681 	-8.5 
 65.45 	 6.54 	 121.4 	 23.78 	 33 	 15.898 	 132 	 300 	 207 	 191 	 4680 	-8.5 
 65.65 	 6.56 	 121.4 	 23.17 	 33 	 15.914 	 133.4 	 300 	 206 	 191 	 4677 	-8.4 
 65.85 	 6.58 	 121.3 	 22.53 	 32 	 15.907 	 132.6 	 300 	 206 	 191 	 4680 	-8.5 
 66.05 	 6.6 	 121.4 	 22.27 	 31 	 15.884 	 133 	 300 	 207 	 191 	 4678 	-8.4 
 66.26 	 6.62 	 121.5 	 22.11 	 31 	 15.873 	 133.6 	 300 	 206 	 191 	 4681 	-8.1 
 66.46 	 6.64 	 121.4 	 21.42 	 30 	 15.859 	 132.4 	 301 	 206 	 190 	 4679 	-8.3 
 66.66 	 6.66 	 121.4 	 21.14 	 30 	 15.842 	 133.5 	 300 	 206 	 191 	 4677 	-8.6 
 66.86 	 6.68 	 121.3 	 20.63 	 29 	 15.851 	 132.9 	 301 	 206 	 191 	 4678 	-8.6 
 67.06 	 6.7 	 121.4 	 20.25 	 29 	 15.826 	 132.6 	 301 	 206 	 190 	 4676 	-8.3 
 67.27 	 6.72 	 121.3 	 19.92 	 28 	 15.815 	 133.3 	 300 	 206 	 191 	 4680 	-8.4 
 67.47 	 6.74 	 121.4 	 19.72 	 27 	 15.816 	 132 	 301 	 206 	 192 	 4683 	-8.6 
 67.67 	 6.76 	 121.4 	 19.56 	 28 	 15.81 	 133.6 	 301 	 206 	 191 	 4681 	-8.3 
 67.87 	 6.78 	 121.3 	 19.22 	 27 	 15.801 	 132.9 	 300 	 206 	 191 	 4680 	-8.8 
 68.07 	 6.8 	 121.4 	 19.24 	 27 	 15.796 	 132.6 	 301 	 206 	 191 	 4679 	-8.6 
 68.28 	 6.82 	 121.4 	 19.25 	 27 	 15.798 	 133.8 	 301 	 206 	 190 	 4679 	-8.6 
 68.48 	 6.84 	 121.3 	 19.15 	 27 	 15.799 	 132.6 	 300 	 206 	 191 	 4677 	-7.9 
 68.68 	 6.86 	 121.3 	 19.1 	 27 	 15.793 	 133.4 	 300 	 206 	 191 	 4678 	-8.6 
 68.88 	 6.88 	 121.4 	 19.12 	 27 	 15.798 	 132.5 	 300 	 206 	 191 	 4679 	-8.4 
 69.08 	 6.9 	 121.3 	 19.16 	 28 	 15.79 	 132.7 	 301 	 205 	 191 	 4680 	-8.6 
 69.29 	 6.92 	 121.2 	 19.12 	 27 	 15.797 	 133.2 	 301 	 206 	 191 	 4680 	-8.3 
 69.49 	 6.95 	 121.3 	 19.07 	 27 	 15.797 	 132.1 	 301 	 206 	 191 	 4678 	-8.5 
 69.69 	 6.97 	 121.4 	 19.12 	 27 	 15.802 	 133.2 	 300 	 206 	 191 	 4678 	-8.1 
 69.89 	 6.99 	 121.3 	 19.33 	 28 	 15.793 	 132.9 	 301 	 205 	 191 	 4679 	-8.5 
 70.09 	 7.01 	 121.4 	 19.59 	 28 	 15.793 	 133 	 301 	 205 	 191 	 4679 	-8.3 
 70.3 	 7.03 	 121.3 	 19.96 	 28 	 15.794 	 133.2 	 301 	 205 	 191 	 4678 	-8.4 
 70.5 	 7.05 	 121.4 	 20.45 	 30 	 15.818 	 132.2 	 300 	 206 	 191 	 4681 	-8.6 
 70.7 	 7.07 	 121.4 	 20.86 	 30 	 15.81 	 133.2 	 300 	 206 	 191 	 4678 	-8 
 70.9 	 7.09 	 121.4 	 21.27 	 30 	 15.819 	 132.5 	 301 	 206 	 191 	 4678 	-8.5 
 71.1 	 7.11 	 121.3 	 21.57 	 31 	 15.825 	 132.8 	 301 	 206 	 191 	 4680 	-8.5 
 71.31 	 7.13 	 121.4 	 22.25 	 31 	 15.853 	 132.7 	 301 	 206 	 191 	 4678 	-8.4 
 71.51 	 7.15 	 121.3 	 22.48 	 32 	 15.862 	 132.3 	 301 	 206 	 191 	 4679 	-8.6 
 71.71 	 7.17 	 121.4 	 22.94 	 33 	 15.863 	 133.5 	 300 	 206 	 191 	 4680 	-8.6 
 71.91 	 7.19 	 121.3 	 23.33 	 33 	 15.883 	 132.2 	 301 	 206 	 191 	 4678 	-8.4 
 72.11 	 7.21 	 121.4 	 23.6 	 34 	 15.886 	 133.2 	 301 	 206 	 191 	 4677 	-8.4 
 72.32 	 7.23 	 121.4 	 23.74 	 35 	 15.888 	 132.9 	 301 	 206 	 191 	 4681 	-8.5 
 72.52 	 7.25 	 121.3 	 23.95 	 34 	 15.901 	 132.1 	 300 	 206 	 191 	 4680 	-8.1 
 72.72 	 7.27 	 121.4 	 24.03 	 35 	 15.929 	 133.4 	 301 	 206 	 191 	 4677 	-8.3 
 72.92 	 7.29 	 121.4 	 24.23 	 35 	 15.918 	 132.2 	 300 	 206 	 191 	 4678 	-7.9 
 73.12 	 7.31 	 121.4 	 24.22 	 34 	 15.93 	 133.1 	 300 	 206 	 191 	 4676 	-8.3 
 73.33 	 7.33 	 121.4 	 24.31 	 35 	 15.929 	 132.9 	 301 	 206 	 191 	 4680 	-8.5 
 73.53 	 7.35 	 121.3 	 24.19 	 34 	 15.93 	 132.2 	 301 	 206 	 191 	 4678 	-8.4 
 73.73 	 7.37 	 121.4 	 24.29 	 35 	 15.948 	 133.3 	 300 	 206 	 191 	 4679 	-8.5 
 73.93 	 7.39 	 121.4 	 24.29 	 35 	 15.935 	 132.4 	 301 	 206 	 191 	 4678 	-8.3 
 74.13 	 7.41 	 121.4 	 24.23 	 34 	 15.949 	 132.9 	 301 	 206 	 191 	 4679 	-8.3 
 74.34 	 7.43 	 121.4 	 24.12 	 33 	 15.939 	 133.3 	 301 	 206 	 191 	 4680 	-8.4 
 74.54 	 7.45 	 121.4 	 24.27 	 34 	 15.956 	 132.3 	 301 	 206 	 191 	 4678 	-8.4 
 74.74 	 7.47 	 121.4 	 24.08 	 34 	 15.947 	 133.3 	 300 	 207 	 192 	 4680 	-8 
 74.94 	 7.49 	 121.4 	 23.95 	 34 	 15.952 	 132.4 	 301 	 206 	 191 	 4678 	-8.4 
 75.14 	 7.51 	 121.4 	 24 	 33 	 15.944 	 133.2 	 300 	 206 	 191 	 4679 	-8.4 
 75.35 	 7.53 	 121.5 	 23.45 	 33 	 15.951 	 133.2 	 301 	 206 	 191 	 4678 	-7.9 
 75.55 	 7.55 	 121.5 	 23.34 	 33 	 15.94 	 132.5 	 301 	 206 	 192 	 4679 	-8.6 
 75.75 	 7.57 	 121.4 	 22.92 	 32 	 15.952 	 133.4 	 300 	 206 	 191 	 4678 	-8.1 
 75.95 	 7.59 	 121.5 	 22.59 	 32 	 15.922 	 132.4 	 301 	 206 	 190 	 4676 	-8.4 
 76.15 	 7.61 	 121.4 	 22 	 31 	 15.926 	 133.1 	 300 	 206 	 191 	 4678 	-8.5 
 76.36 	 7.63 	 121.4 	 21.69 	 31 	 15.914 	 133.5 	 300 	 206 	 191 	 4680 	-8.4 
 76.56 	 7.65 	 121.4 	 21.28 	 30 	 15.915 	 132.5 	 300 	 206 	 191 	 4682 	-8.5 
 76.76 	 7.67 	 121.4 	 20.81 	 29 	 15.886 	 133.4 	 300 	 206 	 191 	 4678 	-8.8 
 76.96 	 7.69 	 121.5 	 20.59 	 28 	 15.888 	 132.1 	 301 	 206 	 191 	 4678 	-8.4 
 77.16 	 7.71 	 121.3 	 20.08 	 28 	 15.869 	 133.5 	 301 	 205 	 191 	 4681 	-8.4 
 77.37 	 7.73 	 121.4 	 19.9 	 28 	 15.868 	 133 	 301 	 205 	 191 	 4680 	-8.1 
 77.57 	 7.75 	 121.3 	 19.58 	 28 	 15.852 	 132.6 	 301 	 206 	 191 	 4680 	-8.4 
 77.77 	 7.77 	 121.4 	 19.42 	 27 	 15.854 	 133.6 	 301 	 206 	 191 	 4680 	-8.6 
 77.97 	 7.79 	 121.4 	 19.4 	 27 	 15.843 	 132.3 	 300 	 206 	 192 	 4682 	-8 
 78.17 	 7.81 	 121.4 	 19.16 	 27 	 15.849 	 132.6 	 301 	 206 	 191 	 4678 	-7.9 
 78.38 	 7.83 	 121.3 	 19.33 	 27 	 15.844 	 132.7 	 300 	 206 	 191 	 4679 	-8.3 
 78.58 	 7.85 	 121.3 	 19.11 	 27 	 15.848 	 132.7 	 301 	 205 	 191 	 4679 	-8.6 
 78.78 	 7.87 	 121.3 	 19.17 	 27 	 15.838 	 133.6 	 300 	 206 	 191 	 4677 	-8.5 
 78.98 	 7.89 	 121.4 	 19.15 	 27 	 15.836 	 132 	 301 	 206 	 191 	 4680 	-8.5 
 79.18 	 7.91 	 121.4 	 19.07 	 26 	 15.829 	 132.8 	 301 	 206 	 191 	 4679 	-8.3 
 79.39 	 7.94 	 121.2 	 19.21 	 26 	 15.839 	 132.9 	 301 	 206 	 191 	 4680 	-8.6 
 79.59 	 7.96 	 121.2 	 19.1 	 27 	 15.849 	 132.5 	 300 	 206 	 191 	 4675 	-7.6 
 79.79 	 7.98 	 121.4 	 19.23 	 27 	 15.842 	 133.4 	 300 	 206 	 191 	 4678 	-8.8 
 79.99 	 8 	 121.3 	 19.39 	 28 	 15.849 	 132.2 	 301 	 206 	 191 	 4678 	-8.4 
 80.19 	 8.02 	 121.4 	 19.85 	 28 	 15.845 	 132.7 	 300 	 206 	 191 	 4680 	-8.6 
 80.4 	 8.04 	 121.3 	 20.11 	 28 	 15.848 	 133 	 301 	 206 	 191 	 4679 	-8.5 
 80.6 	 8.06 	 121.4 	 20.43 	 30 	 15.85 	 132.5 	 300 	 206 	 191 	 4679 	-8.6 
 80.8 	 8.08 	 121.5 	 20.7 	 30 	 15.867 	 133.4 	 300 	 206 	 191 	 4680 	-8.6 
 81 	 8.1 	 121.3 	 21.5 	 30 	 15.871 	 132.1 	 301 	 206 	 191 	 4680 	-8.3 
 81.2 	 8.12 	 121.4 	 21.88 	 31 	 15.885 	 133.2 	 300 	 206 	 191 	 4677 	-8.4 
 81.41 	 8.14 	 121.5 	 22.1 	 32 	 15.894 	 133 	 300 	 207 	 192 	 4678 	-8.8 
 81.61 	 8.16 	 121.4 	 22.86 	 33 	 15.923 	 132.6 	 300 	 206 	 191 	 4679 	-8.8 
 81.81 	 8.18 	 121.5 	 23.12 	 33 	 15.922 	 133.3 	 301 	 206 	 191 	 4677 	-8.5 
 82.01 	 8.2 	 121.4 	 23.35 	 33 	 15.935 	 132.1 	 301 	 206 	 191 	 4679 	-8.1 
 82.21 	 8.22 	 121.5 	 23.82 	 33 	 15.933 	 133.3 	 300 	 207 	 191 	 4682 	-8.4 
 82.42 	 8.24 	 121.4 	 24.02 	 34 	 15.938 	 132.9 	 300 	 206 	 191 	 4678 	-8.5 
 82.62 	 8.26 	 121.5 	 24.1 	 34 	 15.95 	 132.6 	 300 	 206 	 191 	 4680 	-8.4 
 82.82 	 8.28 	 121.5 	 24.1 	 34 	 15.965 	 133.3 	 300 	 207 	 191 	 4680 	-8.3 
 83.02 	 8.3 	 121.5 	 24.22 	 35 	 15.969 	 132 	 301 	 207 	 191 	 4677 	-8.3 
 83.22 	 8.32 	 121.4 	 24.35 	 35 	 15.973 	 133.3 	 300 	 207 	 191 	 4678 	-8.8 
 83.43 	 8.34 	 121.5 	 24.31 	 35 	 15.974 	 132.4 	 301 	 207 	 191 	 4677 	-8.3 
 83.63 	 8.36 	 121.5 	 24.24 	 34 	 15.979 	 132.3 	 300 	 207 	 191 	 4677 	-7.8 
 83.83 	 8.38 	 121.5 	 24.26 	 35 	 15.989 	 133.5 	 300 	 207 	 191 	 4678 	-8.3 
 84.03 	 8.4 	 121.6 	 24.26 	 34 	 15.988 	 132.1 	 300 	 207 	 191 	 4681 	-8.5 
 84.23 	 8.42 	 121.5 	 24.3 	 34 	 15.982 	 132.7 	 300 	 206 	 191 	 4679 	-8.4 
 84.44 	 8.44 	 121.5 	 24.09 	 34 	 15.979 	 132.9 	 301 	 206 	 191 	 4680 	-8.3 
 84.64 	 8.46 	 121.5 	 24.26 	 34 	 15.986 	 132.4 	 300 	 207 	 191 	 4678 	-8.6 
 84.84 	 8.48 	 121.4 	 24.12 	 34 	 15.993 	 133.4 	 300 	 207 	 191 	 4676 	-8.6 
 85.04 	 8.5 	 121.5 	 24 	 33 	 15.993 	 132.3 	 300 	 207 	 191 	 4678 	-8.3 
 85.24 	 8.52 	 121.4 	 23.96 	 34 	 15.969 	 133.3 	 300 	 207 	 191 	 4678 	-8.3 
 85.45 	 8.54 	 121.5 	 23.62 	 33 	 15.993 	 133.1 	 301 	 206 	 191 	 4680 	-8.4 
 85.65 	 8.56 	 121.5 	 23.41 	 32 	 15.976 	 132.7 	 300 	 206 	 191 	 4681 	-8.1 
 85.85 	 8.58 	 121.6 	 22.66 	 32 	 15.97 	 133.6 	 301 	 207 	 191 	 4678 	-8.4 
 86.05 	 8.6 	 121.4 	 22.4 	 31 	 15.956 	 132.3 	 300 	 206 	 192 	 4679 	-8.3 
 86.25 	 8.62 	 121.5 	 22.01 	 30 	 15.954 	 132.9 	 301 	 206 	 191 	 4681 	-8.3 
 86.46 	 8.64 	 121.4 	 21.4 	 30 	 15.947 	 132.8 	 300 	 206 	 191 	 4677 	-8.3 
 86.66 	 8.66 	 121.4 	 21.02 	 29 	 15.94 	 132.5 	 300 	 207 	 190 	 4679 	-8.6 
 86.86 	 8.68 	 121.3 	 20.73 	 29 	 15.927 	 133.4 	 300 	 206 	 191 	 4678 	-8.6 
 87.06 	 8.7 	 121.4 	 20.11 	 28 	 15.904 	 132.1 	 300 	 207 	 191 	 4677 	-8.5 
 87.26 	 8.72 	 121.3 	 19.83 	 27 	 15.9 	 133.3 	 300 	 206 	 191 	 4678 	-8.6 
 87.47 	 8.74 	 121.3 	 19.77 	 28 	 15.902 	 132.9 	 301 	 206 	 191 	 4678 	-8.1 
 87.67 	 8.76 	 121.4 	 19.56 	 27 	 15.889 	 132.8 	 300 	 207 	 191 	 4678 	-8.5 
 87.87 	 8.78 	 121.3 	 19.43 	 27 	 15.884 	 133.3 	 300 	 206 	 190 	 4679 	-8.5 
 88.07 	 8.8 	 121.5 	 19.39 	 27 	 15.889 	 132.4 	 301 	 206 	 191 	 4677 	-8.8 
 88.27 	 8.82 	 121.4 	 19.32 	 27 	 15.897 	 133 	 300 	 206 	 191 	 4677 	-8.4 
 88.48 	 8.84 	 121.4 	 19.23 	 27 	 15.883 	 132.7 	 301 	 205 	 191 	 4679 	-8 
 88.68 	 8.86 	 121.4 	 19.22 	 27 	 15.877 	 132.5 	 300 	 206 	 190 	 4680 	-8.6 
 88.88 	 8.88 	 121.4 	 19.06 	 27 	 15.878 	 133.6 	 300 	 206 	 191 	 4678 	-8.4 
 89.08 	 8.9 	 121.4 	 19.14 	 27 	 15.878 	 132.4 	 301 	 207 	 191 	 4679 	-8.8 
 89.28 	 8.93 	 121.4 	 19.21 	 27 	 15.888 	 132.9 	 301 	 206 	 191 	 4679 	-8.5 
 89.49 	 8.95 	 121.4 	 18.95 	 27 	 15.872 	 133.3 	 301 	 205 	 191 	 4680 	-8.5 
 89.69 	 8.97 	 121.4 	 19.19 	 27 	 15.876 	 132.2 	 301 	 206 	 191 	 4679 	-8.1 
 89.89 	 8.99 	 121.3 	 19.33 	 28 	 15.878 	 133.7 	 301 	 206 	 191 	 4676 	-8.4 
 90.09 	 9.01 	 121.3 	 19.56 	 28 	 15.875 	 132.3 	 301 	 206 	 191 	 4679 	-8.3 
 90.29 	 9.03 	 121.5 	 19.99 	 29 	 15.87 	 132.9 	 301 	 206 	 191 	 4678 	-8 
 90.5 	 9.05 	 121.4 	 20.13 	 28 	 15.895 	 133.2 	 301 	 206 	 191 	 4677 	-8.5 
 90.7 	 9.07 	 121.4 	 20.81 	 30 	 15.907 	 132 	 301 	 206 	 191 	 4682 	-8.8 
 90.9 	 9.09 	 121.4 	 21.12 	 30 	 15.904 	 133.1 	 300 	 207 	 191 	 4680 	-8.4 
 91.1 	 9.11 	 121.4 	 21.64 	 31 	 15.915 	 132.4 	 300 	 207 	 191 	 4680 	-8.5 
 91.3 	 9.13 	 121.4 	 22.2 	 32 	 15.948 	 132.8 	 300 	 206 	 191 	 4679 	-8.4 
 91.51 	 9.15 	 121.5 	 22.59 	 32 	 15.941 	 133.3 	 301 	 206 	 192 	 4679 	-8.5 
 91.71 	 9.17 	 121.3 	 22.91 	 33 	 15.951 	 132.2 	 300 	 206 	 192 	 4680 	-8.5 
 91.91 	 9.19 	 121.5 	 23.39 	 33 	 15.967 	 133.1 	 300 	 207 	 192 	 4680 	-8.4 
 92.11 	 9.21 	 121.4 	 23.66 	 34 	 15.983 	 132.7 	 300 	 207 	 191 	 4678 	-8.5 
 92.31 	 9.23 	 121.4 	 23.94 	 34 	 15.99 	 132.8 	 301 	 207 	 191 	 4677 	-8.3 
 92.52 	 9.25 	 121.5 	 23.99 	 35 	 15.992 	 133.6 	 301 	 206 	 192 	 4679 	-8.1 
 92.72 	 9.27 	 121.6 	 24.19 	 34 	 16.005 	 132.3 	 300 	 207 	 190 	 4677 	-8.3 
 92.92 	 9.29 	 121.5 	 24.17 	 35 	 16.004 	 133.3 	 301 	 207 	 192 	 4679 	-8.8 
 93.12 	 9.31 	 121.5 	 24.22 	 34 	 16.01 	 132.9 	 301 	 207 	 191 	 4680 	-8.9 
 93.32 	 9.33 	 121.4 	 24.44 	 34 	 16.016 	 132.5 	 300 	 207 	 192 	 4677 	-8.6 
 93.53 	 9.35 	 121.5 	 24.38 	 35 	 16.032 	 133.3 	 300 	 207 	 191 	 4678 	-8.8 
 93.73 	 9.37 	 121.5 	 24.34 	 35 	 16.014 	 132.4 	 300 	 206 	 191 	 4677 	-8.3 
 93.93 	 9.39 	 121.6 	 24.14 	 35 	 16.032 	 133 	 300 	 206 	 191 	 4679 	-9 
 94.13 	 9.41 	 121.5 	 24.29 	 34 	 16.025 	 133.3 	 301 	 206 	 191 	 4678 	-8.4 
 94.33 	 9.43 	 121.5 	 24.31 	 34 	 16.025 	 132.2 	 301 	 207 	 191 	 4678 	-8.3 
 94.54 	 9.45 	 121.4 	 24.22 	 35 	 16.02 	 133.4 	 301 	 207 	 191 	 4677 	-8 
 94.74 	 9.47 	 121.4 	 24 	 34 	 16.035 	 131.7 	 300 	 207 	 191 	 4676 	-8.1 
 94.94 	 9.49 	 121.4 	 24.12 	 34 	 16.029 	 133.2 	 300 	 207 	 191 	 4680 	-8.5 
 95.14 	 9.51 	 121.5 	 23.97 	 34 	 16.029 	 133.2 	 301 	 206 	 191 	 4676 	-8.3 
 95.34 	 9.53 	 121.5 	 23.72 	 33 	 16.022 	 132.3 	 301 	 206 	 192 	 4680 	-8.6 
 95.55 	 9.55 	 121.6 	 23.2 	 33 	 16.032 	 133.1 	 301 	 206 	 192 	 4678 	-8.1 
 95.75 	 9.57 	 121.5 	 22.82 	 32 	 16.035 	 132.6 	 300 	 206 	 191 	 4678 	-8.3 
 95.95 	 9.59 	 121.4 	 22.62 	 32 	 16.015 	 133.2 	 301 	 206 	 191 	 4677 	-8.3 
 96.15 	 9.61 	 121.5 	 22.04 	 31 	 16.001 	 133.6 	 300 	 206 	 192 	 4678 	-8.1 
 96.35 	 9.63 	 121.5 	 21.67 	 30 	 15.985 	 132.5 	 300 	 206 	 191 	 4680 	-8.1 
 96.56 	 9.65 	 121.6 	 21.29 	 30 	 15.991 	 133.3 	 300 	 206 	 192 	 4681 	-8.9 
 96.76 	 9.67 	 121.5 	 20.67 	 29 	 15.975 	 133 	 300 	 207 	 191 	 4681 	-8.5 
 96.96 	 9.69 	 121.5 	 20.39 	 29 	 15.963 	 132.7 	 300 	 207 	 191 	 4678 	-8 
 97.16 	 9.71 	 121.5 	 20.15 	 28 	 15.953 	 133.5 	 301 	 206 	 191 	 4678 	-8.6 
 97.36 	 9.73 	 121.5 	 19.71 	 27 	 15.942 	 132.3 	 300 	 206 	 191 	 4678 	-7.9 
 97.57 	 9.75 	 121.4 	 19.52 	 28 	 15.949 	 133.1 	 300 	 206 	 191 	 4677 	-8.5 
 97.77 	 9.77 	 121.4 	 19.43 	 27 	 15.937 	 133 	 300 	 206 	 191 	 4678 	-8.3 
 97.97 	 9.79 	 121.4 	 19.31 	 27 	 15.93 	 132.6 	 300 	 206 	 192 	 4678 	-8.8 
 98.17 	 9.81 	 121.4 	 19.17 	 27 	 15.929 	 133.4 	 301 	 206 	 192 	 4677 	-8.1 
 98.37 	 9.83 	 121.4 	 19.08 	 27 	 15.927 	 132.3 	 300 	 207 	 191 	 4677 	-8.1 
 98.58 	 9.85 	 121.4 	 19.19 	 26 	 15.937 	 133 	 301 	 207 	 191 	 4680 	-8.6 
 98.78 	 9.87 	 121.5 	 19.18 	 27 	 15.924 	 133.2 	 300 	 206 	 192 	 4681 	-8.4 
 98.98 	 9.89 	 121.5 	 19.14 	 27 	 15.924 	 132.7 	 301 	 206 	 191 	 4678 	-8.5 
 99.18 	 9.92 	 121.4 	 19.04 	 27 	 15.924 	 133.2 	 300 	 206 	 192 	 4679 	-8.4 
 99.38 	 9.94 	 121.4 	 19.15 	 27 	 15.914 	 132.7 	 301 	 207 	 190 	 4678 	-8.4 
 99.59 	 9.96 	 121.5 	 19.01 	 27 	 15.934 	 132.9 	 301 	 206 	 191 	 4677 	-8.5 
 99.79 	 9.98 	 121.4 	 19.3 	 27 	 15.918 	 133.2 	 301 	 206 	 191 	 4677 	-8.8 
 99.99 	 10 	 121.4 	 19.32 	 28 	 15.918 	 132.3 	 300 	 207 	 191 	 4679 	-8.1 
1 
