时间(S)	轴位移(mm)	力(kN)	力(kPa)	变形(mm)	 侧位移(mm)	围压(kPa)	孔压(kPa)	反压(kPa)	体变(kPa)	小体变(ml)
0.0	 90.4 	 12.49 	 177 	-6.966 	 0 	 300 	 296 	 270 	 3411 	-8.1 
 .5 	 90.5 	 12.55 	 .18 	-6.968 	 145 	 300 	 296 	 271 	 3412 	-7.9 
 1 	 90.7 	 12.68 	 .18 	-6.98 	 146 	 300 	 296 	 271 	 3411 	-8.1 
 1.5 	 90.6 	 12.58 	 .18 	-6.966 	 146 	 300 	 296 	 271 	 3412 	-8.1 
 2 	 90.5 	 12.11 	 .17 	-6.979 	 146 	 300 	 296 	 271 	 3413 	-7.6 
 2.5 	 90.7 	 12.09 	 .17 	-6.969 	 145 	 300 	 296 	 271 	 3411 	-8.3 
 3 	 90.5 	 12.17 	 .17 	-6.972 	 146 	 300 	 296 	 271 	 3414 	-8 
 3.5 	 90.6 	 12.2 	 .18 	-6.976 	 146 	 300 	 296 	 271 	 3414 	-8.1 
 4 	 90.7 	 12.18 	 .17 	-6.96 	 146 	 300 	 296 	 271 	 3412 	-8.4 
 4.5 	 90.5 	 12.22 	 .18 	-6.971 	 146 	 299 	 296 	 271 	 3413 	-8 
 5 	 90.7 	 12.12 	 .17 	-6.959 	 146 	 300 	 296 	 271 	 3411 	-8.4 
 5.5 	 90.7 	 12.31 	 .18 	-6.958 	 146 	 300 	 296 	 271 	 3412 	-8 
 6 	 90.7 	 12.38 	 .18 	-6.966 	 146 	 300 	 295 	 271 	 3413 	-7.9 
 6.5 	 90.7 	 12 	 .18 	-6.954 	 146 	 300 	 296 	 271 	 3413 	-8 
 7 	 90.7 	 12.26 	 .17 	-6.949 	 145 	 300 	 296 	 271 	 3411 	-8.1 
 7.5 	 90.6 	 12.29 	 .18 	-6.955 	 146 	 300 	 296 	 271 	 3413 	-8.4 
 8 	 90.7 	 12.3 	 .17 	-6.959 	 146 	 300 	 296 	 270 	 3411 	-8.1 
 8.5 	 90.6 	 12.16 	 .17 	-6.975 	 145 	 300 	 296 	 271 	 3410 	-7.9 
 9 	 90.7 	 11.97 	 .17 	-6.961 	 146 	 301 	 296 	 271 	 3411 	-8.1 
 9.5 	 90.8 	 11.8 	 .17 	-6.95 	 146 	 300 	 296 	 271 	 3412 	-8 
 10 	 90.6 	 11.8 	 .17 	-6.978 	 146 	 300 	 296 	 271 	 3411 	-7.9 
 10.5 	 90.7 	 11.83 	 .17 	-6.965 	 145 	 300 	 296 	 271 	 3413 	-8 
 11 	 90.6 	 11.68 	 .17 	-6.954 	 145 	 300 	 296 	 270 	 3411 	-8.4 
 11.5 	 90.7 	 11.69 	 .16 	-6.968 	 146 	 299 	 296 	 270 	 3413 	-8.1 
 12 	 90.5 	 11.72 	 .17 	-6.959 	 146 	 300 	 296 	 270 	 3411 	-8.3 
 12.5 	 90.5 	 11.73 	 .17 	-6.963 	 146 	 300 	 296 	 271 	 3413 	-8 
 13 	 90.4 	 11.67 	 .16 	-6.953 	 145 	 300 	 296 	 271 	 3412 	-8.4 
 13.5 	 90.5 	 11.66 	 .16 	-6.95 	 146 	 300 	 296 	 271 	 3411 	-8.4 
 14 	 90.4 	 11.61 	 .17 	-6.965 	 146 	 301 	 296 	 271 	 3415 	-8 
 14.5 	 90.6 	 11.64 	 .17 	-6.951 	 145 	 300 	 296 	 271 	 3415 	-7.9 
 15 	 90.7 	 11.66 	 .16 	-6.959 	 145 	 300 	 296 	 270 	 3411 	-8.3 
 15.5 	 90.4 	 11.56 	 .16 	-6.954 	 146 	 300 	 296 	 271 	 3412 	-7.8 
 16 	 90.4 	 11.44 	 .16 	-6.947 	 146 	 300 	 296 	 270 	 3413 	-8.4 
 16.5 	 90.5 	 11.45 	 .16 	-6.964 	 146 	 300 	 296 	 270 	 3411 	-7.9 
 17 	 90.7 	 11.5 	 .17 	-6.95 	 145 	 300 	 296 	 271 	 3411 	-8.1 
 17.5 	 90.5 	 11.36 	 .16 	-6.959 	 146 	 300 	 296 	 271 	 3412 	-8.5 
 18 	 90.7 	 11.53 	 .17 	-6.961 	 146 	 300 	 296 	 270 	 3412 	-8.3 
 18.5 	 90.6 	 11.49 	 .16 	-6.957 	 145 	 300 	 296 	 270 	 3411 	-8 
 19 	 90.4 	 11.46 	 .16 	-6.966 	 146 	 300 	 296 	 270 	 3402 	-8 
 19.5 	 90.4 	 11.65 	 .17 	-6.974 	 146 	 300 	 296 	 270 	 3404 	-8.3 
 20 	 90.4 	 11.47 	 .16 	-6.948 	 146 	 300 	 296 	 270 	 3398 	-8.3 
 20.5 	 90.5 	 11.46 	 .17 	-6.965 	 145 	 300 	 296 	 270 	 3393 	-8.1 
 21 	 90.6 	 11.68 	 .16 	-6.957 	 146 	 299 	 296 	 271 	 3387 	-8.3 
 21.5 	 90.5 	 11.45 	 .17 	-6.949 	 146 	 300 	 295 	 270 	 3385 	-8.5 
 22 	 90.4 	 11.4 	 .17 	-6.96 	 145 	 300 	 295 	 271 	 3380 	-8.4 
 22.5 	 90.5 	 11.55 	 .16 	-6.962 	 146 	 300 	 296 	 270 	 3373 	-8.4 
 23 	 90.6 	 11.42 	 .16 	-6.952 	 146 	 300 	 296 	 270 	 3368 	-8.6 
 23.5 	 90.6 	 11.4 	 .17 	-6.945 	 146 	 300 	 295 	 270 	 3367 	-8.1 
 24 	 90.5 	 11.59 	 .17 	-6.959 	 145 	 300 	 296 	 270 	 3362 	-7.9 
 24.5 	 90.7 	 11.59 	 .16 	-6.943 	 146 	 300 	 296 	 271 	 3358 	-8 
 25 	 90.6 	 11.82 	 .17 	-6.97 	 146 	 301 	 296 	 271 	 3363 	-8.6 
 25.5 	 90.6 	 11.9 	 .17 	-6.959 	 146 	 300 	 295 	 270 	 3358 	-8.8 
 26 	 90.5 	 11.96 	 .17 	-6.97 	 145 	 300 	 296 	 271 	 3353 	-8.1 
 26.5 	 90.6 	 12.14 	 .18 	-6.957 	 146 	 300 	 296 	 270 	 3353 	-8.4 
 27 	 90.5 	 12.24 	 .17 	-6.968 	 146 	 300 	 296 	 271 	 3355 	-8.3 
 27.5 	 90.6 	 12.37 	 .18 	-6.959 	 146 	 300 	 295 	 271 	 3355 	-8.4 
 28 	 90.4 	 12.34 	 .17 	-6.966 	 145 	 300 	 296 	 270 	 3355 	-8 
 28.5 	 90.6 	 12.37 	 .18 	-6.95 	 146 	 300 	 296 	 270 	 3353 	-8.6 
 29 	 90.5 	 12.2 	 .18 	-6.954 	 146 	 300 	 295 	 270 	 3358 	-8.5 
 29.5 	 90.6 	 12.41 	 .18 	-6.954 	 145 	 300 	 296 	 271 	 3353 	-8.3 
 30 	 90.6 	 12.48 	 .18 	-6.964 	 146 	 299 	 296 	 270 	 3354 	-8.1 
 30.5 	 90.7 	 12.4 	 .18 	-6.949 	 146 	 300 	 296 	 270 	 3352 	-8.3 
 31 	 90.5 	 12.43 	 .18 	-6.955 	 146 	 300 	 296 	 271 	 3353 	-7.9 
 31.5 	 90.6 	 12.37 	 .18 	-6.953 	 145 	 300 	 296 	 270 	 3351 	-8.1 
 32 	 90.6 	 12.51 	 .17 	-6.954 	 146 	 300 	 296 	 271 	 3354 	-7.8 
 32.5 	 90.5 	 12.54 	 .17 	-6.956 	 146 	 299 	 297 	 271 	 3355 	-7.9 
 33 	 90.7 	 12.43 	 .17 	-6.949 	 146 	 300 	 296 	 271 	 3353 	-8 
 33.5 	 90.7 	 12.55 	 .18 	-6.953 	 146 	 300 	 297 	 271 	 3353 	-8 
 34 	 90.6 	 12.56 	 .18 	-6.962 	 146 	 299 	 296 	 271 	 3353 	-8.5 
 34.5 	 90.4 	 12.61 	 .17 	-6.964 	 146 	 300 	 296 	 270 	 3356 	-8.8 
 35 	 90.6 	 12.42 	 .18 	-6.949 	 145 	 300 	 296 	 271 	 3351 	-8.5 
 35.5 	 90.6 	 12.71 	 .18 	-6.967 	 145 	 300 	 296 	 270 	 3354 	-8.4 
 36 	 90.5 	 12.47 	 .17 	-6.962 	 146 	 297 	 257 	 267 	 3354 	-8.6 
 36.5 	 90.6 	 12.31 	 .18 	-6.967 	 146 	 297 	 264 	 268 	 3393 	-8.4 
 37 	 90.7 	 12.34 	 .17 	-6.95 	 147 	 295 	 263 	 265 	 3419 	-8.1 
 37.5 	 90.7 	 12.45 	 .18 	-6.953 	 148 	 297 	 265 	 268 	 3452 	-8.3 
 38 	 90.8 	 12.24 	 .17 	-6.959 	 148 	 296 	 263 	 264 	 3477 	-8.4 
 38.5 	 90.6 	 12.34 	 .17 	-6.956 	 148 	 299 	 266 	 267 	 3505 	-8.4 
 39 	 90.6 	 12.48 	 .18 	-6.959 	 150 	 300 	 265 	 268 	 3543 	-8.8 
 39.5 	 90.8 	 11.84 	 .16 	-6.962 	 150 	 295 	 265 	 263 	 3569 	-8.1 
 40 	 90.8 	 12.47 	 .18 	-6.952 	 150 	 302 	 266 	 268 	 3594 	-8.4 
 40.5 	 90.6 	 11.9 	 .17 	-6.971 	 151 	 296 	 266 	 262 	 3622 	-8 
 41 	 90.8 	 12.49 	 .17 	-6.947 	 152 	 303 	 268 	 269 	 3647 	-8.5 
 41.5 	 90.7 	 11.83 	 .17 	-6.973 	 152 	 296 	 265 	 262 	 3679 	-8.5 
 42 	 90.6 	 12.15 	 .17 	-6.954 	 152 	 302 	 268 	 267 	 3703 	-7.9 
 42.5 	 90.6 	 11.98 	 .17 	-6.956 	 154 	 298 	 266 	 262 	 3724 	-8.3 
 43 	 90.7 	 11.84 	 .17 	-6.95 	 154 	 300 	 269 	 265 	 3748 	-8.5 
 43.5 	 90.7 	 11.4 	 .17 	-6.964 	 154 	 300 	 267 	 263 	 3769 	-8.6 
 44 	 90.6 	 11.23 	 .16 	-6.967 	 155 	 296 	 269 	 260 	 3799 	-7.6 
 44.5 	 90.5 	 11.5 	 .17 	-6.953 	 156 	 304 	 269 	 266 	 3817 	-8 
 45 	 90.7 	 11.01 	 .15 	-6.961 	 156 	 297 	 267 	 258 	 3843 	-8.3 
 45.5 	 90.5 	 11.31 	 .16 	-6.954 	 156 	 303 	 267 	 266 	 3863 	-8.3 
 46 	 90.7 	 10.98 	 .16 	-6.957 	 157 	 297 	 265 	 258 	 3891 	-8.1 
 46.5 	 90.6 	 11.12 	 .16 	-6.953 	 157 	 300 	 264 	 261 	 3918 	-8 
 47 	 90.7 	 11.17 	 .16 	-6.948 	 158 	 300 	 264 	 262 	 3942 	-8.1 
 47.5 	 90.7 	 10.94 	 .15 	-6.959 	 158 	 299 	 263 	 259 	 3965 	-7.9 
 48 	 90.7 	 11.33 	 .16 	-6.952 	 159 	 302 	 262 	 263 	 3990 	-8.1 
 48.5 	 90.7 	 10.9 	 .15 	-6.964 	 159 	 297 	 261 	 258 	 4011 	-8.1 
 49 	 90.5 	 11.31 	 .15 	-6.965 	 160 	 302 	 262 	 262 	 4044 	-8 
 49.5 	 90.6 	 11.02 	 .16 	-6.971 	 161 	 298 	 260 	 257 	 4068 	-7.9 
 50 	 90.5 	 11.16 	 .15 	-6.949 	 160 	 301 	 261 	 260 	 4096 	-8 
 50.5 	 90.5 	 11.13 	 .16 	-6.962 	 161 	 300 	 259 	 258 	 4119 	-8 
 51 	 90.5 	 10.98 	 .15 	-6.964 	 162 	 300 	 260 	 257 	 4146 	-8.8 
 51.5 	 90.6 	 11.56 	 .16 	-6.97 	 162 	 303 	 259 	 261 	 4180 	-8.3 
 52 	 90.6 	 10.74 	 .15 	-6.958 	 162 	 297 	 258 	 254 	 4204 	-8.3 
 52.5 	 90.5 	 11.38 	 .16 	-6.952 	 163 	 303 	 258 	 261 	 4229 	-8.6 
 53 	 90.6 	 10.69 	 .16 	-6.958 	 164 	 297 	 256 	 254 	 4250 	-7.8 
 53.5 	 90.6 	 11.24 	 .15 	-6.945 	 164 	 302 	 258 	 258 	 4277 	-8.6 
 54 	 90.3 	 11.41 	 .16 	-6.967 	 165 	 302 	 256 	 257 	 4306 	-7.9 
 54.5 	 90.4 	 10.77 	 .14 	-6.959 	 166 	 297 	 256 	 252 	 4338 	-8.3 
 55 	 90.5 	 11.34 	 .16 	-6.955 	 165 	 303 	 256 	 258 	 4357 	-8.4 
 55.5 	 90.5 	 10.57 	 .15 	-6.952 	 166 	 297 	 255 	 252 	 4385 	-8.1 
 56 	 90.5 	 11.38 	 .16 	-6.954 	 167 	 303 	 256 	 256 	 4406 	-8.5 
 56.5 	 90.5 	 10.99 	 .16 	-6.957 	 167 	 300 	 254 	 252 	 4443 	-7.9 
 57 	 90.6 	 10.98 	 .15 	-6.958 	 168 	 300 	 254 	 252 	 4461 	-8.1 
 57.5 	 90.5 	 11.18 	 .16 	-6.956 	 168 	 301 	 254 	 253 	 4490 	-8.5 
 58 	 90.5 	 10.76 	 .15 	-6.956 	 169 	 298 	 253 	 249 	 4512 	-8.3 
 58.5 	 90.5 	 11.53 	 .16 	-6.959 	 169 	 303 	 252 	 252 	 4538 	-7.5 
 59 	 90.6 	 11.04 	 .15 	-6.963 	 170 	 298 	 251 	 247 	 4571 	-7.9 
 59.5 	 90.5 	 11.27 	 .16 	-6.965 	 170 	 301 	 251 	 250 	 4593 	-8 
 60 	 90.5 	 11.19 	 .16 	-6.962 	 171 	 300 	 250 	 246 	 4619 	-8.5 
 60.5 	 90.7 	 11.18 	 .16 	-6.963 	 171 	 301 	 249 	 246 	 4641 	-8.3 
 61 	 90.5 	 11.15 	 .16 	-6.966 	 172 	 301 	 247 	 245 	 4666 	-8.4 
 61.5 	 90.7 	 11.08 	 .16 	-6.955 	 172 	 298 	 247 	 241 	 4694 	-7.8 
 62 	 90.5 	 11.17 	 .15 	-6.961 	 173 	 303 	 247 	 244 	 4719 	-8.6 
 62.5 	 90.6 	 10.72 	 .15 	-6.971 	 173 	 298 	 246 	 238 	 4740 	-8.6 
 63 	 90.5 	 11.13 	 .16 	-6.952 	 172 	 302 	 245 	 239 	 4758 	-8 
 63.5 	 90.8 	 10.78 	 .16 	-6.942 	 174 	 300 	 243 	 236 	 4780 	-7.8 
 64 	 90.5 	 10.7 	 .15 	-6.958 	 173 	 299 	 242 	 234 	 4808 	-8 
 64.5 	 90.7 	 10.77 	 .16 	-6.972 	 174 	 302 	 242 	 235 	 4828 	-8.3 
 65 	 90.5 	 10.54 	 .15 	-6.957 	 175 	 299 	 240 	 230 	 4845 	-8.3 
 65.5 	 90.6 	 10.6 	 .15 	-6.934 	 174 	 302 	 239 	 231 	 4868 	-7.5 
 66 	 90.5 	 10.6 	 .15 	-6.959 	 175 	 299 	 237 	 228 	 4886 	-8.4 
 66.5 	 90.4 	 10.39 	 .15 	-6.957 	 175 	 300 	 235 	 226 	 4906 	-7.9 
 67 	 90.5 	 10.51 	 .15 	-6.968 	 175 	 302 	 235 	 225 	 4925 	-7.9 
 67.5 	 90.6 	 10.28 	 .15 	-6.952 	 176 	 300 	 234 	 222 	 4943 	-8.4 
 68 	 90.7 	 10.4 	 .14 	-6.949 	 176 	 302 	 233 	 223 	 4957 	-8.4 
 68.5 	 90.5 	 10.09 	 .14 	-6.958 	 176 	 300 	 232 	 219 	 4974 	-8.5 
 69 	 90.5 	 10.16 	 .15 	-6.958 	 177 	 300 	 231 	 217 	 4993 	-8.6 
 69.5 	 90.5 	 10.22 	 .15 	-6.958 	 177 	 301 	 230 	 216 	 5007 	-8.5 
 70 	 90.6 	 10.17 	 .14 	-6.955 	 177 	 300 	 229 	 215 	 5019 	-8 
 70.5 	 90.5 	 10.08 	 .14 	-6.954 	 177 	 301 	 228 	 214 	 5034 	-8 
 71 	 90.5 	 10 	 .15 	-6.958 	 177 	 300 	 227 	 212 	 5045 	-8.6 
 71.5 	 90.5 	 9.95 	 .14 	-6.954 	 177 	 301 	 225 	 210 	 5062 	-8.3 
 72 	 90.8 	 9.88 	 .14 	-6.947 	 178 	 301 	 225 	 210 	 5073 	-8.1 
 72.5 	 90.6 	 9.73 	 .14 	-6.941 	 178 	 300 	 224 	 209 	 5083 	-8 
 73 	 90.4 	 9.75 	 .14 	-6.956 	 178 	 301 	 224 	 207 	 5093 	-8.3 
 73.5 	 90.6 	 9.59 	 .13 	-6.958 	 178 	 300 	 223 	 206 	 5101 	-8.3 
 74 	 90.8 	 9.65 	 .14 	-6.956 	 178 	 301 	 222 	 205 	 5115 	-8.3 
 74.5 	 90.7 	 9.76 	 .14 	-6.942 	 178 	 300 	 222 	 204 	 5122 	-8.3 
 75 	 90.7 	 9.69 	 .14 	-6.955 	 178 	 300 	 220 	 203 	 5133 	-8.6 
 75.5 	 90.7 	 9.44 	 .14 	-6.946 	 178 	 300 	 220 	 203 	 5142 	-8.5 
 76 	 90.7 	 9.2 	 .13 	-6.956 	 179 	 301 	 219 	 202 	 5146 	-8.4 
 76.5 	 90.7 	 8.85 	 .13 	-6.968 	 178 	 300 	 220 	 200 	 5151 	-8.4 
 77 	 90.4 	 9.01 	 .13 	-6.962 	 178 	 301 	 219 	 200 	 5162 	-8.1 
 77.5 	 90.6 	 8.96 	 .13 	-6.96 	 178 	 301 	 219 	 199 	 5166 	-8.9 
 78 	 90.6 	 8.86 	 .13 	-6.937 	 178 	 299 	 219 	 200 	 5169 	-8.3 
 78.5 	 90.6 	 9.02 	 .13 	-6.947 	 179 	 302 	 219 	 199 	 5172 	-8.1 
 79 	 90.4 	 8.9 	 .13 	-6.957 	 179 	 301 	 219 	 199 	 5177 	-8 
 79.5 	 90.4 	 8.82 	 .13 	-6.956 	 179 	 301 	 219 	 199 	 5179 	-8.6 
 80 	 90.5 	 8.92 	 .13 	-6.945 	 178 	 301 	 219 	 199 	 5182 	-8.4 
 80.5 	 90.6 	 8.95 	 .12 	-6.957 	 179 	 300 	 219 	 198 	 5182 	-7.5 
 81 	 90.5 	 8.87 	 .13 	-6.962 	 179 	 301 	 219 	 199 	 5187 	-8.4 
 81.5 	 90.7 	 9.04 	 .13 	-6.942 	 179 	 301 	 219 	 198 	 5189 	-8.5 
 82 	 90.4 	 8.8 	 .13 	-6.944 	 179 	 301 	 219 	 199 	 5187 	-8 
 82.5 	 90.5 	 9.04 	 .12 	-6.937 	 178 	 301 	 220 	 199 	 5188 	-8.3 
 83 	 90.3 	 8.86 	 .13 	-6.963 	 179 	 301 	 219 	 198 	 5191 	-8.3 
 83.5 	 90.5 	 8.9 	 .13 	-6.951 	 179 	 301 	 219 	 199 	 5191 	-8.4 
 84 	 90.7 	 8.95 	 .12 	-6.936 	 179 	 300 	 220 	 199 	 5191 	-8.1 
 84.5 	 90.5 	 9.09 	 .13 	-6.952 	 179 	 301 	 219 	 198 	 5192 	-8.1 
 85 	 90.5 	 9.06 	 .13 	-6.95 	 179 	 300 	 219 	 198 	 5192 	-7.8 
 85.5 	 90.3 	 9.08 	 .13 	-6.959 	 179 	 301 	 220 	 199 	 5194 	-7.9 
 86 	 90.3 	 9.05 	 .13 	-6.938 	 179 	 301 	 220 	 199 	 5193 	-8.1 
 86.5 	 90.5 	 9.11 	 .12 	-6.954 	 178 	 301 	 220 	 199 	 5195 	-7.8 
 87 	 90.6 	 9.08 	 .13 	-6.945 	 179 	 301 	 220 	 198 	 5196 	-8.4 
 87.5 	 90.5 	 9.32 	 .13 	-6.964 	 179 	 301 	 220 	 199 	 5195 	-8.6 
 88 	 90.4 	 9.37 	 .13 	-6.959 	 179 	 300 	 220 	 199 	 5196 	-7.9 
 88.5 	 90.5 	 9.43 	 .14 	-6.951 	 179 	 301 	 220 	 199 	 5195 	-8.4 
 89 	 90.5 	 9.49 	 .13 	-6.967 	 179 	 300 	 220 	 199 	 5199 	-7.5 
 89.5 	 90.6 	 9.36 	 .13 	-6.934 	 179 	 301 	 220 	 199 	 5196 	-8.1 
 90 	 90.6 	 9.35 	 .13 	-6.956 	 179 	 301 	 220 	 199 	 5200 	-8.6 
 90.5 	 90.4 	 9.41 	 .14 	-6.944 	 179 	 300 	 220 	 199 	 5199 	-8.5 
 91 	 90.5 	 9.52 	 .14 	-6.944 	 179 	 300 	 221 	 199 	 5198 	-8.5 
 91.5 	 90.6 	 9.59 	 .13 	-6.95 	 179 	 301 	 220 	 199 	 5200 	-8.5 
 92 	 90.6 	 9.65 	 .13 	-6.948 	 178 	 301 	 221 	 199 	 5198 	-8.5 
 92.5 	 90.6 	 9.66 	 .14 	-6.959 	 179 	 300 	 221 	 200 	 5199 	-8.3 
 93 	 90.5 	 9.6 	 .14 	-6.947 	 179 	 300 	 221 	 199 	 5203 	-8.5 
 93.5 	 90.7 	 9.7 	 .14 	-6.947 	 179 	 300 	 221 	 199 	 5202 	-8.4 
 94 	 90.8 	 9.75 	 .14 	-6.95 	 179 	 301 	 220 	 200 	 5205 	-8.5 
 94.5 	 90.8 	 9.74 	 .14 	-6.938 	 179 	 300 	 221 	 200 	 5206 	-8.4 
 95 	 90.6 	 9.82 	 .14 	-6.958 	 179 	 300 	 221 	 199 	 5203 	-8.4 
 95.5 	 90.5 	 9.72 	 .13 	-6.945 	 179 	 300 	 221 	 199 	 5204 	-8.1 
 96 	 90.7 	 9.71 	 .14 	-6.937 	 179 	 300 	 220 	 200 	 5200 	-8.1 
 96.5 	 90.5 	 9.77 	 .14 	-6.957 	 179 	 300 	 221 	 200 	 5207 	-8.8 
 97 	 90.8 	 9.81 	 .13 	-6.936 	 179 	 301 	 221 	 199 	 5205 	-8.5 
 97.5 	 90.6 	 9.72 	 .14 	-6.949 	 179 	 300 	 221 	 199 	 5205 	-8.3 
 98 	 90.6 	 9.68 	 .14 	-6.947 	 179 	 300 	 222 	 199 	 5205 	-8 
 98.5 	 90.7 	 9.75 	 .14 	-6.947 	 179 	 300 	 221 	 200 	 5206 	-8.4 
 99 	 90.5 	 9.79 	 .14 	-6.97 	 179 	 301 	 221 	 199 	 5205 	-8.4 
 99.5 	 90.6 	 9.86 	 .14 	-6.947 	 179 	 301 	 222 	 199 	 5206 	-8.1 
 100 	 90.5 	 9.8 	 .14 	-6.964 	 179 	 300 	 221 	 199 	 5207 	-8.3 
 100.5 	 90.5 	 9.62 	 .14 	-6.934 	 179 	 301 	 221 	 200 	 5204 	-8 
 101 	 90.5 	 9.58 	 .14 	-6.953 	 179 	 299 	 221 	 199 	 5205 	-8.1 
 101.5 	 90.6 	 9.67 	 .14 	-6.931 	 179 	 301 	 221 	 199 	 5205 	-8.4 
 102 	 90.7 	 9.57 	 .14 	-6.944 	 179 	 300 	 221 	 200 	 5206 	-8 
 102.5 	 90.5 	 9.71 	 .14 	-6.951 	 179 	 301 	 221 	 200 	 5206 	-8.3 
 103 	 90.4 	 9.58 	 .14 	-6.963 	 179 	 300 	 222 	 199 	 5208 	-8.1 
 103.5 	 90.7 	 9.65 	 .14 	-6.957 	 179 	 300 	 220 	 200 	 5208 	-8.4 
 104 	 90.7 	 9.65 	 .13 	-6.94 	 179 	 300 	 221 	 200 	 5207 	-8.3 
 104.5 	 90.7 	 9.49 	 .14 	-6.936 	 179 	 300 	 221 	 200 	 5210 	-8.5 
 105 	 90.5 	 9.29 	 .13 	-6.937 	 179 	 300 	 221 	 200 	 5209 	-8.5 
 105.5 	 90.6 	 9.3 	 .13 	-6.946 	 179 	 299 	 221 	 200 	 5210 	-8 
 106 	 90.6 	 9.36 	 .14 	-6.939 	 179 	 300 	 221 	 200 	 5211 	-8.4 
 106.5 	 90.9 	 9.47 	 .13 	-6.939 	 179 	 300 	 221 	 200 	 5208 	-8.6 
 107 	 90.8 	 9.32 	 .14 	-6.954 	 180 	 299 	 221 	 199 	 5207 	-8.4 
 107.5 	 90.5 	 9.21 	 .13 	-6.944 	 179 	 300 	 221 	 200 	 5209 	-8.4 
 108 	 90.5 	 9.29 	 .13 	-6.94 	 179 	 300 	 222 	 200 	 5206 	-8.3 
 108.5 	 90.6 	 9.08 	 .13 	-6.942 	 179 	 301 	 221 	 200 	 5207 	-8.5 
 109 	 90.7 	 8.98 	 .13 	-6.938 	 179 	 300 	 221 	 200 	 5209 	-8 
 109.5 	 90.6 	 9.06 	 .12 	-6.941 	 179 	 300 	 221 	 199 	 5209 	-8.3 
 110 	 90.6 	 9.04 	 .13 	-6.951 	 179 	 301 	 221 	 200 	 5210 	-8.4 
 110.5 	 90.5 	 9.1 	 .13 	-6.939 	 179 	 300 	 221 	 200 	 5208 	-8.3 
 111 	 90.6 	 9.04 	 .13 	-6.943 	 179 	 301 	 221 	 200 	 5208 	-8.6 
 111.5 	 90.6 	 9.13 	 .13 	-6.936 	 179 	 300 	 222 	 200 	 5208 	-7.9 
 112 	 90.7 	 9.21 	 .13 	-6.93 	 179 	 300 	 222 	 199 	 5208 	-7.9 
 112.5 	 90.6 	 9.07 	 .13 	-6.959 	 179 	 300 	 221 	 200 	 5212 	-8.3 
 113 	 90.5 	 9.02 	 .13 	-6.958 	 179 	 301 	 220 	 200 	 5208 	-7.9 
 113.5 	 90.6 	 8.94 	 .13 	-6.937 	 179 	 300 	 221 	 200 	 5210 	-8.4 
 114 	 90.5 	 9.13 	 .13 	-6.94 	 179 	 300 	 221 	 199 	 5207 	-8 
 114.5 	 90.8 	 8.92 	 .13 	-6.936 	 179 	 300 	 221 	 200 	 5210 	-8.5 
 115 	 90.4 	 9 	 .12 	-6.94 	 179 	 300 	 221 	 199 	 5206 	-8.1 
 115.5 	 90.5 	 9.16 	 .13 	-6.94 	 179 	 300 	 222 	 199 	 5208 	-8.3 
 116 	 90.6 	 9.12 	 .13 	-6.947 	 179 	 300 	 221 	 200 	 5207 	-8 
 116.5 	 90.4 	 9.07 	 .12 	-6.949 	 179 	 301 	 221 	 199 	 5207 	-8.1 
 117 	 90.6 	 9.16 	 .13 	-6.939 	 179 	 300 	 221 	 200 	 5207 	-8.1 
 117.5 	 90.3 	 8.97 	 .12 	-6.954 	 179 	 300 	 221 	 200 	 5209 	-7.9 
 118 	 90.4 	 8.93 	 .12 	-6.956 	 179 	 301 	 221 	 200 	 5211 	-8.3 
 118.5 	 90.4 	 9.09 	 .13 	-6.949 	 179 	 300 	 221 	 200 	 5209 	-8.1 
 119 	 90.6 	 9.04 	 .13 	-6.944 	 179 	 300 	 221 	 200 	 5211 	-8.3 
 119.5 	 90.5 	 9.21 	 .13 	-6.944 	 179 	 300 	 221 	 199 	 5211 	-8.3 
 120 	 90.6 	 9.07 	 .13 	-6.945 	 179 	 300 	 222 	 200 	 5212 	-8.6 
 120.5 	 90.5 	 9.22 	 .13 	-6.953 	 179 	 300 	 220 	 200 	 5211 	-8.1 
 121 	 90.4 	 9.32 	 .13 	-6.956 	 179 	 300 	 221 	 199 	 5213 	-8.6 
 121.5 	 90.5 	 9.33 	 .14 	-6.952 	 179 	 301 	 221 	 200 	 5213 	-8 
 122 	 90.7 	 9.46 	 .14 	-6.948 	 179 	 300 	 222 	 200 	 5214 	-7.9 
 122.5 	 90.5 	 9.45 	 .14 	-6.97 	 179 	 300 	 222 	 200 	 5213 	-8.3 
 123 	 90.4 	 9.37 	 .13 	-6.937 	 179 	 300 	 221 	 200 	 5211 	-8.3 
 123.5 	 90.6 	 9.53 	 .14 	-6.953 	 179 	 300 	 221 	 200 	 5212 	-7.9 
 124 	 90.4 	 9.53 	 .14 	-6.955 	 179 	 300 	 222 	 200 	 5216 	-8.5 
 124.5 	 90.5 	 9.39 	 .13 	-6.945 	 179 	 300 	 222 	 200 	 5212 	-8.3 
 125 	 90.5 	 9.52 	 .14 	-6.947 	 179 	 300 	 220 	 200 	 5213 	-8.1 
 125.5 	 90.5 	 9.67 	 .13 	-6.941 	 179 	 300 	 221 	 200 	 5215 	-8.4 
 126 	 90.5 	 9.68 	 .14 	-6.953 	 179 	 300 	 222 	 200 	 5215 	-8.4 
 126.5 	 90.5 	 9.63 	 .13 	-6.939 	 179 	 299 	 222 	 200 	 5213 	-7.9 
 127 	 90.8 	 9.8 	 .14 	-6.952 	 179 	 300 	 221 	 200 	 5213 	-8.6 
 127.5 	 90.6 	 9.66 	 .13 	-6.946 	 179 	 300 	 221 	 200 	 5213 	-8.4 
 128 	 90.6 	 9.72 	 .14 	-6.951 	 179 	 299 	 222 	 201 	 5215 	-8.1 
 128.5 	 90.5 	 9.78 	 .14 	-6.954 	 179 	 300 	 221 	 200 	 5215 	-8.1 
 129 	 90.5 	 9.79 	 .13 	-6.941 	 179 	 299 	 222 	 201 	 5215 	-8.6 
 129.5 	 90.4 	 9.7 	 .13 	-6.965 	 179 	 299 	 222 	 200 	 5216 	-8.5 
 130 	 90.6 	 9.7 	 .14 	-6.956 	 179 	 299 	 222 	 200 	 5217 	-8.8 
 130.5 	 90.7 	 9.75 	 .14 	-6.97 	 179 	 300 	 222 	 200 	 5216 	-8 
 131 	 90.5 	 9.86 	 .14 	-6.94 	 179 	 300 	 221 	 200 	 5213 	-8.1 
 131.5 	 90.7 	 9.82 	 .15 	-6.946 	 180 	 300 	 222 	 200 	 5217 	-8.4 
 132 	 90.6 	 9.69 	 .14 	-6.953 	 179 	 300 	 222 	 201 	 5214 	-8.1 
 132.5 	 90.5 	 9.74 	 .14 	-6.934 	 179 	 300 	 222 	 200 	 5215 	-8.4 
 133 	 90.7 	 9.73 	 .13 	-6.945 	 179 	 300 	 222 	 200 	 5216 	-8.1 
 133.5 	 90.6 	 9.66 	 .14 	-6.955 	 179 	 300 	 222 	 199 	 5213 	-8 
 134 	 90.5 	 9.88 	 .14 	-6.947 	 179 	 300 	 222 	 201 	 5216 	-8.4 
 134.5 	 90.8 	 9.83 	 .14 	-6.957 	 179 	 300 	 222 	 200 	 5213 	-7.9 
 135 	 90.6 	 9.59 	 .13 	-6.945 	 180 	 301 	 222 	 200 	 5217 	-8 
 135.5 	 90.6 	 9.68 	 .14 	-6.97 	 179 	 300 	 221 	 200 	 5216 	-8.4 
 136 	 90.5 	 10 	 .14 	-6.951 	 179 	 300 	 222 	 200 	 5219 	-8.4 
 136.5 	 90.5 	 9.71 	 .13 	-6.956 	 179 	 299 	 222 	 200 	 5215 	-8 
 137 	 90.7 	 9.78 	 .14 	-6.964 	 178 	 300 	 222 	 201 	 5218 	-7.8 
 137.5 	 90.5 	 9.77 	 .14 	-6.946 	 179 	 300 	 221 	 200 	 5218 	-8.1 
 138 	 90.5 	 9.63 	 .15 	-6.969 	 179 	 300 	 222 	 200 	 5217 	-8.5 
 138.5 	 90.7 	 9.95 	 .14 	-6.974 	 179 	 301 	 222 	 200 	 5215 	-8.5 
 139 	 90.5 	 9.77 	 .14 	-6.966 	 179 	 300 	 222 	 200 	 5217 	-8.3 
 139.5 	 90.8 	 9.66 	 .14 	-6.945 	 179 	 300 	 222 	 201 	 5219 	-7.9 
 140 	 90.5 	 9.83 	 .14 	-6.973 	 180 	 300 	 221 	 201 	 5218 	-8 
 140.5 	 90.6 	 9.71 	 .14 	-6.96 	 179 	 300 	 222 	 200 	 5220 	-8.1 
 141 	 90.6 	 9.97 	 .14 	-6.97 	 179 	 300 	 222 	 200 	 5218 	-8.4 
 141.5 	 90.8 	 9.82 	 .14 	-6.974 	 179 	 300 	 222 	 201 	 5220 	-8.4 
 142 	 90.7 	 9.73 	 .14 	-6.984 	 179 	 300 	 221 	 201 	 5221 	-8.3 
 142.5 	 90.5 	 9.88 	 .13 	-6.983 	 179 	 300 	 222 	 201 	 5218 	-8.1 
 143 	 90.5 	 9.6 	 .14 	-6.946 	 179 	 300 	 222 	 200 	 5219 	-8 
 143.5 	 90.7 	 9.77 	 .14 	-6.946 	 179 	 300 	 222 	 201 	 5218 	-8.1 
 144 	 90.7 	 9.61 	 .14 	-6.946 	 179 	 300 	 222 	 200 	 5220 	-8.5 
 144.5 	 90.8 	 9.73 	 .14 	-6.934 	 179 	 300 	 222 	 200 	 5221 	-8.3 
 145 	 90.9 	 9.53 	 .14 	-6.923 	 179 	 300 	 222 	 200 	 5217 	-8.1 
 145.5 	 90.6 	 9.42 	 .13 	-6.954 	 179 	 300 	 222 	 201 	 5219 	-8.3 
 146 	 90.7 	 9.42 	 .13 	-6.934 	 179 	 300 	 222 	 200 	 5221 	-8.4 
 146.5 	 90.5 	 9.35 	 .13 	-6.954 	 179 	 301 	 221 	 200 	 5220 	-7.8 
 147 	 90.6 	 9.3 	 .12 	-6.941 	 179 	 300 	 221 	 200 	 5220 	-8.1 
 147.5 	 90.7 	 9.5 	 .12 	-6.941 	 179 	 301 	 222 	 201 	 5220 	-8.5 
 148 	 90.6 	 9.17 	 .13 	-6.934 	 180 	 300 	 221 	 200 	 5218 	-8.5 
 148.5 	 90.4 	 9.17 	 .13 	-6.95 	 179 	 300 	 222 	 200 	 5220 	-8 
 149 	 90.6 	 9.15 	 .13 	-6.948 	 179 	 300 	 222 	 200 	 5217 	-8.3 
 149.5 	 90.6 	 9.15 	 .13 	-6.945 	 179 	 300 	 222 	 200 	 5222 	-8.4 
 150 	 90.5 	 9.08 	 .13 	-6.959 	 180 	 300 	 222 	 201 	 5218 	-8.4 
 150.5 	 90.6 	 9.13 	 .12 	-6.942 	 179 	 301 	 223 	 200 	 5219 	-8.5 
 151 	 90.6 	 9.07 	 .13 	-6.94 	 179 	 301 	 222 	 200 	 5218 	-8.1 
 151.5 	 90.5 	 9.09 	 .13 	-6.931 	 179 	 301 	 221 	 200 	 5218 	-8.4 
 152 	 90.7 	 8.9 	 .13 	-6.923 	 179 	 301 	 221 	 200 	 5220 	-8.3 
 152.5 	 90.5 	 9.04 	 .12 	-6.943 	 180 	 301 	 221 	 200 	 5219 	-8 
 153 	 90.6 	 9 	 .13 	-6.927 	 179 	 301 	 222 	 201 	 5218 	-8.3 
 153.5 	 90.5 	 8.9 	 .13 	-6.932 	 179 	 301 	 221 	 200 	 5220 	-8.3 
 154 	 90.5 	 8.99 	 .13 	-6.949 	 179 	 301 	 222 	 199 	 5218 	-8.1 
 154.5 	 90.4 	 8.79 	 .13 	-6.939 	 179 	 300 	 222 	 200 	 5219 	-8.3 
 155 	 90.5 	 8.92 	 .13 	-6.937 	 179 	 300 	 222 	 200 	 5218 	-8.3 
 155.5 	 90.4 	 9.03 	 .12 	-6.949 	 179 	 300 	 222 	 201 	 5221 	-8.5 
 156 	 90.4 	 8.89 	 .12 	-6.947 	 179 	 301 	 221 	 199 	 5219 	-8.4 
 156.5 	 90.6 	 9 	 .13 	-6.947 	 179 	 300 	 221 	 200 	 5218 	-8 
 157 	 90.4 	 9 	 .12 	-6.944 	 179 	 300 	 222 	 200 	 5221 	-8.3 
 157.5 	 90.5 	 8.83 	 .13 	-6.949 	 179 	 300 	 221 	 200 	 5220 	-8 
 158 	 90.5 	 8.91 	 .12 	-6.962 	 179 	 300 	 222 	 200 	 5218 	-8 
 158.5 	 90.5 	 9 	 .13 	-6.951 	 178 	 300 	 221 	 200 	 5217 	-8.5 
 159 	 90.5 	 8.92 	 .12 	-6.948 	 179 	 300 	 221 	 201 	 5219 	-8.4 
 159.5 	 90.5 	 8.89 	 .12 	-6.95 	 179 	 301 	 221 	 200 	 5219 	-7.9 
 160 	 90.5 	 8.9 	 .12 	-6.939 	 179 	 300 	 222 	 200 	 5220 	-8.4 
 160.5 	 90.4 	 8.85 	 .13 	-6.942 	 179 	 300 	 222 	 201 	 5218 	-8.3 
 161 	 90.4 	 8.84 	 .12 	-6.952 	 180 	 300 	 221 	 200 	 5219 	-8.1 
 161.5 	 90.6 	 8.72 	 .13 	-6.95 	 179 	 301 	 221 	 200 	 5222 	-8.6 
 162 	 90.5 	 8.9 	 .12 	-6.947 	 179 	 300 	 222 	 200 	 5221 	-8.3 
 162.5 	 90.4 	 8.85 	 .13 	-6.934 	 179 	 300 	 221 	 200 	 5218 	-8.6 
 163 	 90.5 	 8.95 	 .12 	-6.946 	 179 	 300 	 221 	 200 	 5219 	-8.3 
 163.5 	 90.5 	 8.91 	 .12 	-6.939 	 179 	 299 	 222 	 200 	 5222 	-8.4 
 164 	 90.3 	 8.88 	 .13 	-6.96 	 179 	 300 	 222 	 200 	 5220 	-8.3 
 164.5 	 90.6 	 8.8 	 .13 	-6.956 	 179 	 300 	 222 	 201 	 5219 	-8.3 
 165 	 90.4 	 8.85 	 .13 	-6.95 	 179 	 299 	 222 	 200 	 5220 	-7.8 
 165.5 	 90.6 	 8.9 	 .12 	-6.943 	 179 	 301 	 221 	 200 	 5220 	-8.3 
 166 	 90.6 	 8.92 	 .13 	-6.937 	 179 	 300 	 222 	 200 	 5221 	-8 
 166.5 	 90.5 	 8.86 	 .13 	-6.945 	 179 	 300 	 221 	 201 	 5220 	-8.1 
 167 	 90.3 	 8.76 	 .13 	-6.943 	 179 	 299 	 221 	 200 	 5220 	-8.1 
 167.5 	 90.4 	 8.86 	 .13 	-6.939 	 179 	 300 	 222 	 200 	 5221 	-8.5 
 168 	 90.3 	 8.93 	 .12 	-6.944 	 178 	 300 	 221 	 201 	 5220 	-7.9 
 168.5 	 90.6 	 8.81 	 .13 	-6.934 	 180 	 300 	 222 	 200 	 5220 	-8.8 
 169 	 90.5 	 8.85 	 .12 	-6.931 	 179 	 299 	 221 	 201 	 5218 	-8.1 
 169.5 	 90.4 	 8.82 	 .13 	-6.951 	 179 	 299 	 221 	 200 	 5219 	-8.4 
 170 	 90.5 	 9.12 	 .13 	-6.949 	 179 	 300 	 222 	 200 	 5221 	-8.5 
 170.5 	 90.4 	 8.96 	 .13 	-6.942 	 179 	 301 	 221 	 200 	 5217 	-8.3 
 171 	 90.5 	 9.35 	 .13 	-6.945 	 179 	 300 	 221 	 201 	 5220 	-8.3 
 171.5 	 90.5 	 9.43 	 .13 	-6.936 	 179 	 300 	 222 	 201 	 5219 	-8 
 172 	 90.5 	 9.55 	 .14 	-6.931 	 180 	 300 	 221 	 201 	 5220 	-8.6 
 172.5 	 90.4 	 9.43 	 .13 	-6.942 	 179 	 300 	 222 	 200 	 5218 	-8.1 
 173 	 90.6 	 9.85 	 .14 	-6.956 	 179 	 299 	 222 	 202 	 5220 	-8.4 
 173.5 	 90.7 	 9.99 	 .13 	-6.946 	 179 	 299 	 222 	 202 	 5223 	-7.9 
 174 	 90.6 	 10.02 	 .14 	-6.951 	 179 	 299 	 222 	 202 	 5224 	-8.5 
 174.5 	 90.6 	 10.13 	 .15 	-6.959 	 179 	 299 	 223 	 202 	 5222 	-8.3 
 175 	 90.7 	 10.24 	 .15 	-6.95 	 180 	 299 	 223 	 203 	 5228 	-8.9 
 175.5 	 90.9 	 10.58 	 .15 	-6.964 	 179 	 299 	 224 	 204 	 5229 	-8.4 
 176 	 91.1 	 10.7 	 .15 	-6.943 	 179 	 299 	 224 	 205 	 5234 	-8.4 
 176.5 	 91.3 	 11.18 	 .17 	-6.95 	 180 	 299 	 225 	 205 	 5238 	-8.6 
 177 	 91.4 	 12.8 	 .19 	-6.934 	 180 	 299 	 224 	 204 	 5240 	-8.3 
 177.5 	 91.2 	 13.3 	 .2 	-6.946 	 180 	 300 	 224 	 204 	 5245 	-7.8 
 178 	 91.1 	 13.65 	 .2 	-6.943 	 180 	 301 	 224 	 203 	 5251 	-8.3 
 178.5 	 91.1 	 13.81 	 .19 	-6.948 	 181 	 300 	 223 	 202 	 5251 	-8 
 179 	 91.2 	 14.13 	 .2 	-6.952 	 180 	 300 	 223 	 204 	 5255 	-8.3 
 179.5 	 91.3 	 14.34 	 .21 	-6.943 	 180 	 301 	 223 	 203 	 5252 	-8.1 
 180 	 91.1 	 14.23 	 .21 	-6.941 	 180 	 300 	 224 	 203 	 5256 	-7.8 
 180.5 	 91.3 	 14.41 	 .2 	-6.953 	 180 	 301 	 223 	 203 	 5252 	-8.5 
 181 	 91.1 	 14.47 	 .21 	-6.949 	 180 	 301 	 224 	 203 	 5250 	-8.5 
 181.5 	 91.1 	 14.66 	 .21 	-6.96 	 180 	 300 	 223 	 202 	 5249 	-8.1 
 182 	 91.3 	 14.81 	 .21 	-6.957 	 180 	 301 	 224 	 203 	 5254 	-8.5 
 182.5 	 91.3 	 14.89 	 .21 	-6.953 	 180 	 301 	 224 	 203 	 5254 	-7.9 
 183 	 91.1 	 15.07 	 .21 	-6.945 	 180 	 301 	 223 	 203 	 5251 	-8.4 
 183.5 	 91.2 	 15.12 	 .22 	-6.934 	 180 	 301 	 223 	 203 	 5253 	-8 
 184 	 91.1 	 15.38 	 .21 	-6.958 	 180 	 300 	 224 	 203 	 5257 	-8.5 
 184.5 	 91 	 15.55 	 .22 	-6.953 	 180 	 301 	 224 	 202 	 5252 	-7.8 
 185 	 91.1 	 15.7 	 .22 	-6.937 	 181 	 300 	 224 	 203 	 5252 	-8.3 
 185.5 	 91.1 	 15.89 	 .22 	-6.952 	 180 	 301 	 223 	 202 	 5254 	-8.3 
 186 	 91.2 	 16.26 	 .23 	-6.947 	 181 	 301 	 224 	 202 	 5253 	-8.3 
 186.5 	 91.1 	 16.32 	 .23 	-6.931 	 180 	 301 	 224 	 203 	 5255 	-8.4 
 187 	 91.1 	 16.48 	 .23 	-6.937 	 180 	 300 	 224 	 203 	 5254 	-8.5 
 187.5 	 91.1 	 16.77 	 .24 	-6.963 	 180 	 300 	 224 	 202 	 5252 	-7.8 
 188 	 91.1 	 16.99 	 .24 	-6.948 	 180 	 300 	 224 	 203 	 5257 	-8.1 
 188.5 	 91.2 	 16.85 	 .24 	-6.931 	 180 	 300 	 224 	 202 	 5254 	-8.4 
 189 	 91.2 	 17.23 	 .24 	-6.945 	 180 	 300 	 224 	 202 	 5256 	-8 
 189.5 	 91.1 	 17.32 	 .24 	-6.946 	 180 	 300 	 224 	 202 	 5256 	-8.3 
 190 	 91 	 17.27 	 .25 	-6.94 	 180 	 301 	 223 	 203 	 5254 	-8.5 
 190.5 	 91.1 	 17.56 	 .24 	-6.942 	 180 	 300 	 224 	 203 	 5255 	-8.1 
 191 	 91.2 	 17.8 	 .25 	-6.938 	 180 	 299 	 224 	 203 	 5256 	-8.1 
 191.5 	 91.2 	 18.07 	 .26 	-6.941 	 180 	 300 	 224 	 202 	 5257 	-8.4 
 192 	 91 	 18.3 	 .26 	-6.935 	 180 	 301 	 223 	 203 	 5257 	-8.6 
 192.5 	 91.2 	 18.79 	 .27 	-6.945 	 181 	 300 	 224 	 202 	 5255 	-8.4 
 193 	 91 	 19.08 	 .27 	-6.959 	 180 	 300 	 224 	 202 	 5260 	-8.4 
 193.5 	 91 	 19.33 	 .27 	-6.949 	 180 	 300 	 224 	 203 	 5256 	-8.4 
 194 	 91.1 	 19.53 	 .27 	-6.955 	 180 	 300 	 224 	 203 	 5258 	-7.8 
 194.5 	 91.2 	 19.76 	 .28 	-6.948 	 180 	 300 	 223 	 203 	 5257 	-8.4 
 195 	 91.1 	 19.84 	 .28 	-6.96 	 180 	 300 	 223 	 203 	 5253 	-8.3 
 195.5 	 91.1 	 20.16 	 .28 	-6.951 	 180 	 301 	 224 	 203 	 5258 	-8 
 196 	 91 	 20.48 	 .29 	-6.957 	 180 	 300 	 224 	 202 	 5259 	-8.6 
 196.5 	 90.9 	 20.47 	 .29 	-6.953 	 180 	 300 	 224 	 202 	 5256 	-8.3 
 197 	 91.2 	 20.72 	 .3 	-6.935 	 181 	 300 	 224 	 202 	 5255 	-8.1 
 197.5 	 91 	 20.94 	 .3 	-6.944 	 180 	 300 	 224 	 202 	 5259 	-7.9 
 198 	 91.1 	 20.95 	 .3 	-6.946 	 180 	 299 	 224 	 203 	 5261 	-8.8 
 198.5 	 91.1 	 21.29 	 .29 	-6.942 	 180 	 300 	 224 	 202 	 5262 	-8.5 
 199 	 91.1 	 21.47 	 .3 	-6.942 	 180 	 301 	 224 	 203 	 5262 	-8.5 
 199.5 	 91 	 21.45 	 .3 	-6.944 	 180 	 300 	 224 	 203 	 5259 	-8.4 
 200 	 91.3 	 21.62 	 .31 	-6.945 	 180 	 301 	 224 	 203 	 5261 	-8 
 200.5 	 91 	 21.59 	 .31 	-6.949 	 179 	 300 	 224 	 203 	 5261 	-8.3 
 201 	 91.1 	 21.78 	 .31 	-6.942 	 181 	 300 	 224 	 202 	 5259 	-8.4 
 201.5 	 91.1 	 21.67 	 .31 	-6.942 	 180 	 300 	 223 	 202 	 5260 	-8 
 202 	 91.2 	 21.71 	 .31 	-6.956 	 181 	 300 	 224 	 203 	 5260 	-8.4 
 202.5 	 91.1 	 21.62 	 .3 	-6.941 	 180 	 299 	 223 	 203 	 5261 	-8.6 
 203 	 91.1 	 21.72 	 .31 	-6.948 	 180 	 300 	 224 	 202 	 5260 	-7.9 
 203.5 	 90.8 	 21.58 	 .3 	-6.95 	 180 	 301 	 223 	 203 	 5259 	-8.4 
 204 	 91.1 	 21.41 	 .31 	-6.954 	 180 	 300 	 224 	 202 	 5259 	-8.6 
 204.5 	 91.2 	 21.55 	 .3 	-6.939 	 179 	 300 	 224 	 203 	 5260 	-8 
 205 	 91.1 	 21.51 	 .31 	-6.947 	 180 	 300 	 224 	 203 	 5259 	-8.9 
 205.5 	 91.2 	 21.54 	 .3 	-6.933 	 181 	 300 	 224 	 203 	 5263 	-8.5 
 206 	 91 	 21.48 	 .31 	-6.948 	 180 	 300 	 224 	 202 	 5259 	-7.8 
 206.5 	 91.2 	 21.42 	 .3 	-6.931 	 180 	 300 	 224 	 202 	 5262 	-8.5 
 207 	 91 	 21.25 	 .3 	-6.958 	 180 	 300 	 224 	 202 	 5260 	-8.3 
 207.5 	 91.1 	 21.43 	 .3 	-6.95 	 180 	 300 	 224 	 203 	 5263 	-8.4 
 208 	 91.1 	 21.43 	 .3 	-6.968 	 180 	 300 	 224 	 202 	 5260 	-8.6 
 208.5 	 91.2 	 21.27 	 .3 	-6.941 	 180 	 300 	 224 	 203 	 5262 	-8.1 
 209 	 91 	 21.17 	 .3 	-6.939 	 180 	 300 	 223 	 202 	 5260 	-8.4 
 209.5 	 91.2 	 21.3 	 .3 	-6.947 	 180 	 300 	 223 	 203 	 5262 	-8.1 
 210 	 91 	 21.15 	 .3 	-6.935 	 180 	 300 	 224 	 203 	 5262 	-8.6 
 210.5 	 91.1 	 21.03 	 .3 	-6.941 	 180 	 300 	 224 	 202 	 5263 	-7.8 
 211 	 91.2 	 21.16 	 .3 	-6.945 	 180 	 300 	 224 	 203 	 5260 	-8.4 
 211.5 	 91.1 	 21.18 	 .3 	-6.949 	 180 	 300 	 224 	 202 	 5262 	-8.1 
 212 	 91.2 	 21.07 	 .3 	-6.938 	 180 	 300 	 223 	 202 	 5260 	-8.3 
 212.5 	 91.1 	 21.02 	 .3 	-6.939 	 180 	 300 	 224 	 202 	 5265 	-8.4 
 213 	 91.1 	 21.12 	 .3 	-6.943 	 181 	 300 	 224 	 203 	 5261 	-8.5 
 213.5 	 91.1 	 20.92 	 .3 	-6.928 	 180 	 300 	 224 	 202 	 5259 	-7.8 
 214 	 91.2 	 21 	 .3 	-6.935 	 180 	 300 	 224 	 202 	 5264 	-8.6 
 214.5 	 90.9 	 21.21 	 .3 	-6.943 	 180 	 300 	 223 	 202 	 5261 	-8.3 
 215 	 91.1 	 21.06 	 .3 	-6.946 	 180 	 300 	 224 	 202 	 5263 	-8.4 
 215.5 	 91.1 	 21.11 	 .3 	-6.94 	 180 	 300 	 224 	 202 	 5262 	-8.4 
 216 	 91 	 20.91 	 .3 	-6.943 	 180 	 301 	 223 	 202 	 5264 	-8.5 
 216.5 	 91.2 	 21.03 	 .3 	-6.946 	 180 	 300 	 223 	 202 	 5263 	-8.5 
 217 	 91.1 	 21.16 	 .3 	-6.956 	 181 	 300 	 224 	 202 	 5260 	-8.1 
 217.5 	 91.1 	 20.95 	 .3 	-6.942 	 180 	 300 	 224 	 203 	 5261 	-7.8 
 218 	 91.1 	 21.12 	 .3 	-6.949 	 180 	 300 	 224 	 202 	 5261 	-8.3 
 218.5 	 91 	 21.26 	 .3 	-6.938 	 180 	 300 	 223 	 202 	 5261 	-8.4 
 219 	 90.9 	 21.12 	 .3 	-6.95 	 180 	 300 	 224 	 202 	 5262 	-8.4 
 219.5 	 91.1 	 21.14 	 .3 	-6.945 	 180 	 299 	 224 	 202 	 5261 	-8.8 
 220 	 91.1 	 21.14 	 .3 	-6.942 	 180 	 300 	 224 	 203 	 5260 	-8.1 
 220.5 	 91 	 21.05 	 .29 	-6.927 	 181 	 300 	 224 	 202 	 5261 	-8.4 
 221 	 91.2 	 21.08 	 .3 	-6.937 	 180 	 300 	 224 	 202 	 5262 	-8.3 
 221.5 	 91.2 	 21.05 	 .3 	-6.95 	 180 	 300 	 224 	 203 	 5262 	-7.9 
 222 	 91.1 	 21.25 	 .3 	-6.932 	 180 	 300 	 224 	 203 	 5262 	-8.1 
 222.5 	 91 	 21.08 	 .29 	-6.948 	 181 	 300 	 224 	 202 	 5260 	-7.8 
 223 	 91.1 	 21.21 	 .3 	-6.939 	 181 	 300 	 224 	 202 	 5259 	-8.4 
 223.5 	 91.1 	 21.18 	 .3 	-6.942 	 180 	 301 	 224 	 201 	 5262 	-8.5 
 224 	 91 	 21.11 	 .29 	-6.957 	 180 	 300 	 224 	 202 	 5261 	-8.4 
 224.5 	 91 	 21.22 	 .3 	-6.947 	 180 	 300 	 224 	 202 	 5261 	-8.3 
 225 	 91.3 	 21.14 	 .3 	-6.93 	 180 	 300 	 223 	 202 	 5261 	-8.1 
 225.5 	 91 	 21.27 	 .3 	-6.958 	 180 	 301 	 224 	 203 	 5262 	-8.4 
 226 	 90.9 	 21.19 	 .3 	-6.929 	 180 	 300 	 224 	 202 	 5262 	-8.3 
 226.5 	 91 	 21.2 	 .3 	-6.916 	 180 	 301 	 224 	 202 	 5264 	-8.1 
 227 	 91.2 	 21.27 	 .3 	-6.944 	 181 	 300 	 223 	 203 	 5263 	-8.4 
 227.5 	 91 	 21.25 	 .3 	-6.95 	 180 	 300 	 223 	 202 	 5261 	-8.4 
 228 	 91.1 	 21.18 	 .3 	-6.936 	 180 	 300 	 224 	 202 	 5261 	-8.5 
 228.5 	 91.1 	 21.22 	 .3 	-6.949 	 180 	 300 	 224 	 202 	 5262 	-8.5 
 229 	 91.1 	 21.13 	 .3 	-6.946 	 180 	 299 	 223 	 202 	 5261 	-8.1 
 229.5 	 91.1 	 21.25 	 .31 	-6.958 	 180 	 300 	 224 	 202 	 5265 	-8.9 
 230 	 91.1 	 21.14 	 .3 	-6.939 	 180 	 300 	 224 	 202 	 5263 	-8.3 
 230.5 	 90.9 	 21.25 	 .29 	-6.959 	 179 	 300 	 224 	 202 	 5264 	-8.4 
 231 	 91 	 21.06 	 .29 	-6.953 	 180 	 299 	 224 	 202 	 5266 	-8.9 
 231.5 	 91.2 	 21.23 	 .3 	-6.951 	 180 	 300 	 224 	 202 	 5264 	-8.6 
 232 	 90.9 	 21.1 	 .3 	-6.95 	 180 	 300 	 224 	 202 	 5261 	-8.4 
 232.5 	 91.1 	 21.17 	 .3 	-6.936 	 181 	 300 	 224 	 201 	 5261 	-8 
 233 	 91.1 	 21.12 	 .29 	-6.954 	 180 	 300 	 224 	 202 	 5265 	-8.1 
 233.5 	 91 	 21.17 	 .3 	-6.949 	 180 	 301 	 223 	 202 	 5261 	-8.3 
 234 	 91 	 21.2 	 .31 	-6.962 	 180 	 300 	 224 	 203 	 5266 	-8.3 
 234.5 	 91.1 	 21.27 	 .3 	-6.945 	 180 	 300 	 224 	 201 	 5263 	-8.4 
 235 	 91 	 21.32 	 .3 	-6.952 	 180 	 300 	 223 	 202 	 5263 	-8.5 
 235.5 	 91.2 	 21.35 	 .3 	-6.947 	 181 	 300 	 224 	 202 	 5263 	-8.8 
 236 	 91 	 21.07 	 .3 	-6.949 	 180 	 300 	 223 	 203 	 5264 	-8 
 236.5 	 91 	 21.19 	 .3 	-6.951 	 180 	 300 	 224 	 202 	 5263 	-8.1 
 237 	 90.9 	 21.1 	 .3 	-6.951 	 180 	 300 	 223 	 201 	 5262 	-8.6 
 237.5 	 91 	 21.19 	 .3 	-6.95 	 180 	 301 	 224 	 202 	 5264 	-7.9 
 238 	 91.1 	 21.19 	 .3 	-6.941 	 180 	 300 	 223 	 202 	 5266 	-8.8 
 238.5 	 91.1 	 21.18 	 .3 	-6.937 	 180 	 300 	 223 	 202 	 5263 	-9 
 239 	 91.1 	 21.13 	 .29 	-6.958 	 180 	 299 	 223 	 202 	 5262 	-8.3 
 239.5 	 91.1 	 21.02 	 .28 	-6.951 	 180 	 300 	 224 	 202 	 5266 	-8.1 
 240 	 91.2 	 20.58 	 .29 	-6.936 	 180 	 301 	 224 	 202 	 5266 	-8.6 
 240.5 	 90.9 	 20.46 	 .29 	-6.941 	 180 	 300 	 223 	 202 	 5263 	-8.1 
 241 	 91 	 20.2 	 .28 	-6.933 	 180 	 300 	 223 	 202 	 5269 	-8.6 
 241.5 	 91.1 	 19.78 	 .28 	-6.92 	 181 	 300 	 224 	 202 	 5263 	-7.8 
 242 	 91.1 	 19.64 	 .27 	-6.912 	 181 	 300 	 223 	 202 	 5266 	-8.4 
 242.5 	 91.1 	 19.38 	 .27 	-6.944 	 180 	 300 	 224 	 202 	 5262 	-8 
 243 	 91.2 	 19.09 	 .27 	-6.935 	 180 	 299 	 224 	 202 	 5266 	-7.9 
 243.5 	 91 	 18.96 	 .27 	-6.947 	 180 	 301 	 224 	 202 	 5265 	-8.4 
 244 	 91.2 	 18.84 	 .26 	-6.937 	 180 	 300 	 224 	 202 	 5263 	-8.4 
 244.5 	 91.1 	 18.5 	 .25 	-6.924 	 180 	 300 	 223 	 202 	 5263 	-8.3 
 245 	 91.1 	 18.44 	 .26 	-6.953 	 180 	 300 	 224 	 202 	 5264 	-7.5 
 245.5 	 91.1 	 18.03 	 .25 	-6.943 	 180 	 300 	 223 	 202 	 5265 	-8.6 
 246 	 90.9 	 17.98 	 .25 	-6.954 	 180 	 300 	 224 	 202 	 5263 	-8.4 
 246.5 	 91.2 	 17.63 	 .25 	-6.941 	 180 	 300 	 224 	 202 	 5262 	-8.1 
 247 	 91.1 	 17.52 	 .24 	-6.935 	 180 	 300 	 224 	 202 	 5265 	-8 
 247.5 	 91.1 	 17.32 	 .25 	-6.931 	 180 	 300 	 224 	 201 	 5263 	-8 
 248 	 91.2 	 17.1 	 .24 	-6.932 	 180 	 299 	 224 	 203 	 5265 	-8.3 
 248.5 	 90.9 	 16.71 	 .24 	-6.946 	 180 	 300 	 223 	 201 	 5265 	-8 
 249 	 91.1 	 16.68 	 .24 	-6.942 	 180 	 300 	 224 	 202 	 5265 	-8.3 
 249.5 	 91.1 	 16.39 	 .23 	-6.935 	 180 	 300 	 224 	 202 	 5264 	-8 
 250 	 91 	 16.21 	 .23 	-6.93 	 181 	 300 	 224 	 202 	 5265 	-8.4 
 250.5 	 91.2 	 16.03 	 .23 	-6.936 	 181 	 300 	 223 	 202 	 5266 	-8.4 
 251 	 91.2 	 15.85 	 .22 	-6.932 	 181 	 300 	 224 	 202 	 5268 	-8.3 
 251.5 	 91.1 	 15.53 	 .22 	-6.943 	 180 	 300 	 224 	 202 	 5265 	-8.3 
 252 	 91.3 	 15.48 	 .22 	-6.945 	 180 	 300 	 223 	 201 	 5264 	-8.1 
 252.5 	 91.2 	 15.26 	 .22 	-6.948 	 180 	 300 	 223 	 202 	 5264 	-8.1 
 253 	 90.9 	 14.94 	 .21 	-6.976 	 180 	 300 	 224 	 202 	 5269 	-8.4 
 253.5 	 91.1 	 14.72 	 .21 	-6.973 	 180 	 300 	 224 	 202 	 5263 	-8.1 
 254 	 91.2 	 14.66 	 .21 	-6.98 	 180 	 300 	 223 	 202 	 5266 	-8.5 
 254.5 	 91.1 	 14.52 	 .2 	-6.958 	 181 	 300 	 223 	 203 	 5266 	-8.5 
 255 	 91.1 	 14.39 	 .21 	-6.962 	 180 	 300 	 224 	 202 	 5265 	-7.8 
 255.5 	 91 	 14.23 	 .2 	-6.976 	 180 	 300 	 223 	 202 	 5263 	-8.3 
 256 	 91.1 	 13.98 	 .2 	-6.962 	 180 	 299 	 224 	 202 	 5263 	-8.4 
 256.5 	 90.9 	 13.8 	 .19 	-6.98 	 180 	 300 	 223 	 202 	 5265 	-8.3 
 257 	 91.1 	 13.73 	 .19 	-6.978 	 180 	 300 	 223 	 202 	 5265 	-8 
 257.5 	 91.1 	 13.38 	 .19 	-6.96 	 180 	 300 	 223 	 202 	 5263 	-8.1 
 258 	 91.3 	 13.11 	 .19 	-6.967 	 181 	 300 	 224 	 202 	 5264 	-8.1 
 258.5 	 91.1 	 13.08 	 .18 	-6.952 	 180 	 299 	 223 	 202 	 5267 	-8.1 
 259 	 91 	 12.81 	 .19 	-6.96 	 180 	 300 	 223 	 202 	 5264 	-8.1 
 259.5 	 91.1 	 12.65 	 .17 	-6.955 	 180 	 300 	 224 	 202 	 5264 	-8.5 
 260 	 91.1 	 12.45 	 .18 	-6.946 	 181 	 300 	 223 	 201 	 5264 	-8.4 
 260.5 	 91 	 12.22 	 .18 	-6.959 	 180 	 300 	 224 	 202 	 5265 	-8.4 
 261 	 91 	 11.98 	 .17 	-6.959 	 180 	 300 	 223 	 202 	 5265 	-8 
 261.5 	 91 	 11.75 	 .17 	-6.967 	 180 	 300 	 223 	 202 	 5265 	-8.5 
 262 	 91.4 	 11.56 	 .16 	-6.941 	 180 	 300 	 223 	 201 	 5262 	-8.1 
 262.5 	 91.1 	 11.3 	 .15 	-6.957 	 180 	 300 	 223 	 202 	 5263 	-8.6 
 263 	 91.1 	 11 	 .15 	-6.957 	 181 	 300 	 223 	 202 	 5263 	-8.4 
 263.5 	 91.3 	 10.87 	 .16 	-6.955 	 180 	 300 	 224 	 202 	 5265 	-8.5 
 264 	 91.4 	 10.74 	 .15 	-6.95 	 180 	 300 	 223 	 201 	 5263 	-8.6 
 264.5 	 91.1 	 10.54 	 .15 	-6.953 	 180 	 300 	 224 	 202 	 5263 	-8.5 
 265 	 91.3 	 10.16 	 .15 	-6.951 	 180 	 301 	 223 	 202 	 5267 	-8.1 
 265.5 	 91.4 	 9.99 	 .14 	-6.95 	 180 	 300 	 223 	 201 	 5266 	-7.4 
 266 	 91.3 	 9.88 	 .15 	-6.951 	 180 	 300 	 222 	 202 	 5264 	-8.4 
 266.5 	 91 	 9.97 	 .14 	-6.955 	 180 	 301 	 223 	 202 	 5261 	-8.6 
 267 	 91.3 	 10.06 	 .15 	-6.961 	 180 	 300 	 223 	 202 	 5266 	-8 
 267.5 	 91.1 	 9.92 	 .14 	-6.953 	 180 	 300 	 224 	 202 	 5264 	-8.3 
 268 	 91.1 	 10.01 	 .14 	-6.95 	 180 	 300 	 223 	 201 	 5262 	-8.4 
 268.5 	 91.4 	 9.84 	 .14 	-6.949 	 180 	 300 	 224 	 201 	 5266 	-8.6 
 269 	 91.2 	 9.86 	 .14 	-6.957 	 180 	 300 	 224 	 202 	 5265 	-8.5 
 269.5 	 91.2 	 9.95 	 .14 	-6.959 	 180 	 300 	 224 	 202 	 5264 	-8 
 270 	 91.5 	 9.8 	 .14 	-6.948 	 180 	 300 	 223 	 201 	 5264 	-8.3 
 270.5 	 91.3 	 9.84 	 .14 	-6.945 	 180 	 300 	 224 	 202 	 5266 	-8.3 
 271 	 91.2 	 9.68 	 .14 	-6.974 	 180 	 300 	 223 	 202 	 5263 	-7.6 
 271.5 	 91.2 	 9.6 	 .14 	-6.959 	 181 	 300 	 223 	 202 	 5263 	-8.3 
 272 	 91.3 	 9.66 	 .14 	-6.953 	 181 	 300 	 224 	 202 	 5266 	-8.4 
 272.5 	 91.3 	 9.53 	 .14 	-6.943 	 180 	 300 	 223 	 203 	 5262 	-8 
 273 	 91.2 	 9.52 	 .12 	-6.962 	 180 	 300 	 223 	 202 	 5262 	-8.1 
 273.5 	 91.3 	 9.48 	 .13 	-6.955 	 180 	 300 	 223 	 202 	 5262 	-8.1 
 274 	 91.4 	 9.43 	 .14 	-6.952 	 181 	 300 	 223 	 202 	 5264 	-8.4 
 274.5 	 91.3 	 9.35 	 .13 	-6.96 	 180 	 300 	 223 	 202 	 5267 	-8.4 
 275 	 91.2 	 9.47 	 .12 	-6.963 	 181 	 300 	 223 	 201 	 5264 	-8.4 
 275.5 	 91.2 	 9.37 	 .14 	-6.959 	 180 	 300 	 224 	 202 	 5264 	-8.3 
 276 	 91.3 	 9.47 	 .13 	-6.951 	 180 	 300 	 223 	 201 	 5263 	-8.4 
 276.5 	 91.5 	 9.33 	 .14 	-6.945 	 180 	 300 	 223 	 202 	 5266 	-8.4 
 277 	 91.3 	 9.12 	 .13 	-6.936 	 180 	 300 	 223 	 202 	 5266 	-8 
 277.5 	 91.2 	 9.42 	 .13 	-6.959 	 180 	 301 	 223 	 201 	 5268 	-7.9 
 278 	 91.3 	 9.16 	 .12 	-6.952 	 180 	 300 	 222 	 201 	 5265 	-8.8 
 278.5 	 91.3 	 9.03 	 .13 	-6.958 	 181 	 301 	 223 	 201 	 5264 	-7.9 
 279 	 91.2 	 9.11 	 .12 	-6.947 	 180 	 301 	 223 	 202 	 5264 	-8.4 
 279.5 	 91.2 	 8.92 	 .12 	-6.945 	 181 	 301 	 223 	 201 	 5263 	-8.6 
 280 	 91.2 	 8.79 	 .12 	-6.933 	 180 	 301 	 222 	 201 	 5263 	-8.3 
 280.5 	 91.1 	 8.89 	 .13 	-6.945 	 180 	 301 	 223 	 201 	 5263 	-7.8 
 281 	 91.3 	 10.14 	 .15 	-6.957 	 180 	 300 	 224 	 204 	 5265 	-8 
 281.5 	 91.4 	 11.32 	 .18 	-6.964 	 181 	 300 	 225 	 204 	 5265 	-8.3 
 282 	 91.1 	 17.53 	 .36 	-6.937 	 180 	 299 	 223 	 204 	 5267 	-8.3 
 282.5 	 91.3 	 40.73 	 .61 	-6.975 	 180 	 299 	 224 	 205 	 5270 	-8.4 
 283 	 91.4 	 53.32 	 .79 	-6.962 	 180 	 300 	 225 	 206 	 5269 	-8 
 283.5 	 91.5 	 64.02 	 .95 	-6.957 	 180 	 299 	 224 	 206 	 5272 	-8.4 
 284 	 91.8 	 73.95 	 1.09 	-6.955 	 181 	 300 	 225 	 205 	 5277 	-8.4 
 284.5 	 91.7 	 81.86 	 1.2 	-6.941 	 180 	 300 	 225 	 205 	 5283 	-8.4 
 285 	 91.8 	 89.3 	 1.27 	-6.954 	 180 	 299 	 225 	 205 	 5283 	-8.3 
 285.5 	 91.9 	 92.93 	 1.33 	-6.947 	 180 	 300 	 225 	 204 	 5288 	-8.5 
 286 	 91.7 	 95.53 	 1.36 	-6.96 	 180 	 300 	 224 	 204 	 5288 	-8.4 
 286.5 	 91.7 	 97.9 	 1.4 	-6.937 	 180 	 299 	 225 	 204 	 5290 	-8.5 
 287 	 91.8 	 99.4 	 1.41 	-6.949 	 180 	 300 	 225 	 203 	 5289 	-8.1 
 287.5 	 91.9 	 100.87 	 1.43 	-6.932 	 181 	 299 	 225 	 204 	 5290 	-8.3 
 288 	 91.9 	 101.71 	 1.44 	-6.962 	 180 	 300 	 226 	 204 	 5291 	-8.3 
 288.5 	 92 	 102.47 	 1.44 	-6.955 	 181 	 300 	 225 	 204 	 5290 	-8.3 
 289 	 91.7 	 103.03 	 1.46 	-6.96 	 180 	 300 	 225 	 203 	 5290 	-8.5 
 289.5 	 91.8 	 103.65 	 1.47 	-6.95 	 180 	 300 	 225 	 203 	 5288 	-7.9 
 290 	 91.9 	 104.21 	 1.47 	-6.952 	 180 	 300 	 225 	 204 	 5289 	-8.1 
 290.5 	 91.9 	 104.48 	 1.47 	-6.966 	 180 	 300 	 225 	 204 	 5290 	-7.8 
 291 	 91.8 	 104.96 	 1.49 	-6.963 	 180 	 300 	 224 	 204 	 5291 	-8.1 
 291.5 	 91.7 	 105.13 	 1.49 	-6.948 	 180 	 300 	 225 	 203 	 5291 	-8.5 
 292 	 91.9 	 105.44 	 1.5 	-6.949 	 181 	 300 	 225 	 204 	 5289 	-8 
 292.5 	 91.7 	 105.78 	 1.5 	-6.966 	 180 	 300 	 225 	 205 	 5290 	-8.4 
 293 	 91.7 	 105.84 	 1.5 	-6.951 	 181 	 300 	 225 	 203 	 5293 	-8.1 
 293.5 	 91.9 	 103.28 	 1.43 	-6.945 	 180 	 300 	 226 	 204 	 5292 	-8.5 
 294 	 91.9 	 94.97 	 1.28 	-6.95 	 180 	 300 	 224 	 204 	 5290 	-8.4 
 294.5 	 91.8 	 83.11 	 1.1 	-6.944 	 181 	 300 	 224 	 203 	 5291 	-7.9 
 295 	 91.8 	 68.18 	 .95 	-6.94 	 180 	 301 	 225 	 202 	 5291 	-8.1 
 295.5 	 91.6 	 58.46 	 .81 	-6.962 	 181 	 300 	 224 	 202 	 5294 	-8.3 
 296 	 91.6 	 51.82 	 .72 	-6.95 	 180 	 300 	 224 	 202 	 5290 	-8.6 
 296.5 	 91.6 	 45.7 	 .62 	-6.952 	 181 	 300 	 225 	 202 	 5292 	-8 
 297 	 91.5 	 40.08 	 .54 	-6.961 	 181 	 300 	 225 	 202 	 5294 	-8.6 
 297.5 	 91.5 	 34.26 	 .45 	-6.942 	 180 	 300 	 225 	 202 	 5291 	-8.8 
 298 	 91.5 	 26.34 	 .36 	-6.961 	 181 	 300 	 224 	 202 	 5290 	-7.9 
 298.5 	 91.5 	 20.26 	 .27 	-6.96 	 181 	 300 	 224 	 202 	 5291 	-7.9 
 299 	 91.4 	 14.58 	 .19 	-6.947 	 181 	 301 	 224 	 201 	 5292 	-8 
 299.5 	 91.4 	 10.85 	 .14 	-6.947 	 181 	 299 	 224 	 201 	 5293 	-8.5 
 300 	 91.7 	 10 	 .13 	-6.934 	 181 	 300 	 224 	 202 	 5289 	-8.3 
 300.5 	 91.6 	 8.88 	 .13 	-6.943 	 180 	 302 	 223 	 199 	 5288 	-8.1 
 301 	 91.2 	 8.82 	 .12 	-6.952 	 181 	 302 	 224 	 200 	 5287 	-8.3 
 301.5 	 91 	 8.77 	 .12 	-6.95 	 180 	 302 	 224 	 200 	 5280 	-8.1 
 302 	 91 	 8.98 	 .12 	-6.951 	 181 	 301 	 224 	 200 	 5283 	-8.3 
 302.5 	 91.1 	 8.94 	 .12 	-6.932 	 181 	 301 	 224 	 200 	 5277 	-8.3 
 303 	 91 	 8.9 	 .13 	-6.954 	 180 	 302 	 224 	 201 	 5278 	-7.8 
 303.5 	 91.1 	 8.9 	 .13 	-6.943 	 181 	 301 	 224 	 201 	 5277 	-8 
 304 	 91.1 	 8.99 	 .12 	-6.949 	 181 	 301 	 223 	 201 	 5275 	-8.4 
 304.5 	 91.1 	 9.16 	 .13 	-6.956 	 181 	 301 	 222 	 202 	 5277 	-8.6 
 305 	 91.1 	 9.19 	 .13 	-6.936 	 181 	 301 	 223 	 202 	 5277 	-8.1 
 305.5 	 90.9 	 9.19 	 .13 	-6.952 	 181 	 301 	 223 	 202 	 5272 	-8.3 
 306 	 90.9 	 9.09 	 .13 	-6.944 	 181 	 300 	 223 	 202 	 5276 	-7.9 
 306.5 	 91.2 	 9.23 	 .13 	-6.953 	 181 	 301 	 223 	 202 	 5277 	-8.3 
 307 	 91 	 9.37 	 .13 	-6.953 	 181 	 301 	 223 	 202 	 5274 	-8.1 
 307.5 	 91 	 9.37 	 .13 	-6.946 	 180 	 300 	 223 	 202 	 5275 	-8.4 
 308 	 91 	 9.35 	 .13 	-6.941 	 181 	 300 	 224 	 203 	 5274 	-8.3 
 308.5 	 91.1 	 9.53 	 .13 	-6.942 	 181 	 300 	 224 	 202 	 5275 	-8.1 
 309 	 91.3 	 9.66 	 .14 	-6.942 	 181 	 300 	 223 	 203 	 5276 	-7.9 
 309.5 	 91 	 9.62 	 .14 	-6.951 	 180 	 300 	 223 	 202 	 5274 	-8.1 
 310 	 91.1 	 9.67 	 .14 	-6.958 	 181 	 300 	 223 	 202 	 5274 	-8.4 
 310.5 	 91.4 	 9.51 	 .13 	-6.923 	 181 	 300 	 223 	 203 	 5275 	-8.4 
 311 	 91.3 	 9.69 	 .13 	-6.938 	 181 	 299 	 223 	 202 	 5276 	-8.1 
 311.5 	 91.2 	 9.57 	 .13 	-6.937 	 181 	 300 	 223 	 202 	 5277 	-8.3 
 312 	 91.4 	 9.72 	 .14 	-6.94 	 181 	 299 	 223 	 203 	 5276 	-8.5 
 312.5 	 91.2 	 9.62 	 .13 	-6.951 	 181 	 299 	 224 	 202 	 5276 	-8.1 
 313 	 91.1 	 9.75 	 .14 	-6.951 	 181 	 299 	 223 	 202 	 5273 	-7.8 
 313.5 	 91.3 	 9.65 	 .14 	-6.945 	 181 	 300 	 223 	 202 	 5276 	-8.4 
 314 	 91.1 	 9.69 	 .14 	-6.953 	 181 	 299 	 224 	 202 	 5276 	-8.4 
 314.5 	 91.3 	 9.65 	 .14 	-6.94 	 181 	 300 	 224 	 202 	 5273 	-8.1 
 315 	 91.4 	 9.64 	 .13 	-6.94 	 181 	 299 	 223 	 202 	 5276 	-8.4 
 315.5 	 91.4 	 9.74 	 .13 	-6.928 	 181 	 300 	 224 	 203 	 5274 	-8.3 
 316 	 91.4 	 9.51 	 .14 	-6.931 	 181 	 300 	 224 	 202 	 5275 	-8.4 
 316.5 	 91.4 	 9.39 	 .13 	-6.934 	 181 	 300 	 223 	 203 	 5277 	-8.1 
 317 	 91.4 	 9.5 	 .13 	-6.938 	 181 	 300 	 223 	 202 	 5271 	-8.1 
 317.5 	 91.1 	 9.4 	 .13 	-6.938 	 181 	 299 	 223 	 201 	 5274 	-8.5 
 318 	 91.2 	 9.52 	 .13 	-6.953 	 181 	 300 	 224 	 203 	 5277 	-8.3 
 318.5 	 91.3 	 9.46 	 .13 	-6.947 	 181 	 300 	 223 	 202 	 5272 	-8.4 
 319 	 91.3 	 9.28 	 .13 	-6.922 	 181 	 300 	 224 	 202 	 5275 	-7.8 
 319.5 	 91.3 	 9.2 	 .13 	-6.956 	 181 	 300 	 223 	 203 	 5273 	-8.6 
 320 	 91.2 	 9.22 	 .13 	-6.933 	 181 	 300 	 223 	 202 	 5275 	-7.9 
 320.5 	 91.3 	 9.08 	 .13 	-6.932 	 181 	 300 	 223 	 202 	 5275 	-8.6 
 321 	 91.1 	 9.05 	 .12 	-6.946 	 181 	 300 	 223 	 202 	 5277 	-8.5 
 321.5 	 91 	 9.18 	 .13 	-6.948 	 181 	 301 	 223 	 202 	 5279 	-8.5 
 322 	 91.1 	 9.11 	 .13 	-6.952 	 181 	 301 	 223 	 202 	 5276 	-8.4 
 322.5 	 91.1 	 9.12 	 .13 	-6.942 	 181 	 300 	 223 	 202 	 5274 	-8.6 
 323 	 91.1 	 8.99 	 .13 	-6.937 	 181 	 300 	 223 	 202 	 5274 	-8.1 
 323.5 	 91.1 	 9.13 	 .12 	-6.945 	 181 	 300 	 224 	 201 	 5275 	-8.3 
 324 	 91.1 	 9.07 	 .13 	-6.938 	 181 	 300 	 224 	 202 	 5275 	-8.3 
 324.5 	 91.1 	 9.09 	 .12 	-6.949 	 181 	 300 	 223 	 201 	 5275 	-8.6 
 325 	 91.1 	 9.11 	 .13 	-6.933 	 181 	 300 	 223 	 201 	 5275 	-8.1 
 325.5 	 90.9 	 8.85 	 .13 	-6.948 	 181 	 301 	 223 	 202 	 5275 	-7.9 
 326 	 91 	 8.93 	 .13 	-6.942 	 181 	 301 	 223 	 202 	 5274 	-8.1 
 326.5 	 91.1 	 8.98 	 .12 	-6.931 	 181 	 301 	 224 	 202 	 5275 	-8.1 
 327 	 90.9 	 9.05 	 .12 	-6.952 	 181 	 300 	 223 	 202 	 5274 	-8.1 
 327.5 	 90.8 	 8.92 	 .13 	-6.934 	 181 	 300 	 223 	 201 	 5273 	-8.5 
 328 	 91.1 	 8.99 	 .12 	-6.937 	 181 	 301 	 223 	 202 	 5276 	-7.9 
 328.5 	 91 	 8.97 	 .12 	-6.936 	 181 	 301 	 224 	 201 	 5276 	-8 
 329 	 91.1 	 8.91 	 .12 	-6.926 	 181 	 300 	 223 	 201 	 5275 	-8.1 
 329.5 	 91.1 	 9.02 	 .13 	-6.938 	 181 	 300 	 223 	 201 	 5277 	-8 
 330 	 91 	 8.94 	 .13 	-6.941 	 181 	 301 	 223 	 202 	 5275 	-8.3 
 330.5 	 91.2 	 9.05 	 .13 	-6.936 	 181 	 301 	 224 	 202 	 5276 	-8.1 
 331 	 91 	 9.07 	 .13 	-6.935 	 181 	 301 	 223 	 202 	 5274 	-8.6 
 331.5 	 90.9 	 9.07 	 .13 	-6.939 	 181 	 300 	 223 	 202 	 5274 	-8.4 
 332 	 91.1 	 9.1 	 .13 	-6.951 	 181 	 300 	 223 	 202 	 5274 	-7.9 
 332.5 	 91.1 	 8.94 	 .13 	-6.941 	 181 	 300 	 223 	 202 	 5276 	-8.1 
 333 	 91.1 	 9.05 	 .13 	-6.942 	 181 	 301 	 222 	 202 	 5272 	-8.4 
 333.5 	 91 	 9.05 	 .12 	-6.946 	 181 	 299 	 223 	 202 	 5278 	-8.1 
 334 	 90.9 	 8.86 	 .13 	-6.936 	 181 	 300 	 223 	 202 	 5274 	-8.3 
 334.5 	 91 	 8.98 	 .12 	-6.951 	 181 	 300 	 224 	 202 	 5274 	-8.5 
 335 	 91.1 	 8.91 	 .13 	-6.948 	 181 	 300 	 223 	 202 	 5276 	-8.3 
 335.5 	 91 	 9.09 	 .13 	-6.945 	 181 	 301 	 223 	 201 	 5275 	-8.1 
 336 	 90.9 	 9.05 	 .12 	-6.944 	 181 	 300 	 223 	 202 	 5281 	-7.8 
 336.5 	 91.1 	 8.93 	 .13 	-6.937 	 181 	 300 	 223 	 201 	 5277 	-8.5 
 337 	 91.2 	 9.08 	 .12 	-6.927 	 181 	 300 	 222 	 202 	 5274 	-8.5 
 337.5 	 90.9 	 8.96 	 .13 	-6.942 	 180 	 300 	 224 	 202 	 5278 	-7.6 
 338 	 91 	 8.99 	 .13 	-6.949 	 181 	 300 	 223 	 202 	 5274 	-8.6 
 338.5 	 91 	 9.04 	 .12 	-6.958 	 181 	 300 	 223 	 202 	 5273 	-8.5 
 339 	 91 	 8.99 	 .12 	-6.953 	 181 	 300 	 223 	 201 	 5272 	-8.4 
 339.5 	 90.9 	 8.91 	 .13 	-6.948 	 181 	 300 	 223 	 202 	 5276 	-7.9 
 340 	 90.8 	 9.01 	 .13 	-6.951 	 181 	 300 	 223 	 201 	 5277 	-8.4 
 340.5 	 91.1 	 8.86 	 .12 	-6.924 	 181 	 300 	 223 	 201 	 5273 	-8.3 
 341 	 90.9 	 8.94 	 .12 	-6.933 	 181 	 300 	 223 	 202 	 5273 	-8.4 
 341.5 	 91 	 8.88 	 .14 	-6.932 	 181 	 300 	 223 	 201 	 5273 	-7.5 
 342 	 90.9 	 8.91 	 .13 	-6.952 	 180 	 300 	 223 	 202 	 5276 	-8.4 
 342.5 	 91 	 8.99 	 .12 	-6.957 	 181 	 300 	 223 	 202 	 5275 	-8.4 
 343 	 91 	 8.9 	 .13 	-6.941 	 181 	 301 	 223 	 201 	 5274 	-8.1 
 343.5 	 90.7 	 8.91 	 .13 	-6.957 	 181 	 300 	 223 	 201 	 5275 	-8.3 
 344 	 91.1 	 8.96 	 .12 	-6.94 	 181 	 300 	 224 	 201 	 5277 	-8.6 
 344.5 	 90.9 	 8.95 	 .13 	-6.968 	 181 	 300 	 222 	 202 	 5274 	-7.9 
 345 	 91 	 8.81 	 .12 	-6.944 	 181 	 300 	 223 	 202 	 5276 	-8.3 
 345.5 	 91 	 8.8 	 .12 	-6.934 	 181 	 300 	 223 	 201 	 5273 	-8 
 346 	 90.9 	 9.02 	 .12 	-6.945 	 181 	 300 	 223 	 202 	 5275 	-8.3 
 346.5 	 90.8 	 8.91 	 .13 	-6.945 	 180 	 300 	 223 	 201 	 5274 	-8.1 
 347 	 90.9 	 8.94 	 .14 	-6.945 	 181 	 300 	 223 	 202 	 5275 	-8.8 
 347.5 	 90.9 	 9.04 	 .13 	-6.956 	 181 	 301 	 223 	 202 	 5274 	-8.3 
 348 	 91 	 8.9 	 .12 	-6.945 	 181 	 300 	 223 	 201 	 5275 	-8.1 
 348.5 	 90.9 	 8.94 	 .13 	-6.944 	 181 	 300 	 223 	 201 	 5273 	-8.1 
 349 	 90.9 	 8.97 	 .13 	-6.941 	 181 	 300 	 223 	 202 	 5273 	-8.3 
 349.5 	 90.8 	 8.83 	 .12 	-6.952 	 181 	 300 	 223 	 202 	 5274 	-8.4 
 350 	 91 	 8.92 	 .13 	-6.94 	 181 	 300 	 222 	 201 	 5273 	-7.8 
 350.5 	 90.9 	 8.95 	 .13 	-6.941 	 181 	 300 	 223 	 202 	 5276 	-8.4 
 351 	 91 	 8.97 	 .13 	-6.946 	 181 	 300 	 223 	 201 	 5278 	-8 
 351.5 	 91 	 9.19 	 .13 	-6.946 	 181 	 300 	 223 	 201 	 5275 	-8.5 
 352 	 91.1 	 9.07 	 .13 	-6.946 	 181 	 299 	 223 	 202 	 5274 	-8 
 352.5 	 90.9 	 9.3 	 .13 	-6.947 	 181 	 300 	 223 	 202 	 5279 	-8.1 
 353 	 90.9 	 9.43 	 .14 	-6.951 	 181 	 300 	 223 	 202 	 5276 	-8.5 
 353.5 	 91.1 	 9.51 	 .14 	-6.943 	 181 	 300 	 223 	 203 	 5279 	-8.3 
 354 	 91.1 	 9.75 	 .14 	-6.963 	 181 	 299 	 224 	 203 	 5277 	-8.3 
 354.5 	 91.1 	 9.71 	 .14 	-6.945 	 181 	 298 	 224 	 204 	 5273 	-8.8 
 355 	 91.3 	 10.08 	 .13 	-6.965 	 180 	 299 	 224 	 205 	 5274 	-8.5 
 355.5 	 91.5 	 10.25 	 .14 	-6.951 	 181 	 298 	 225 	 205 	 5279 	-8.3 
 356 	 91.6 	 10.34 	 .15 	-6.945 	 181 	 298 	 225 	 206 	 5284 	-8.6 
 356.5 	 91.8 	 10.58 	 .15 	-6.955 	 181 	 299 	 226 	 207 	 5284 	-8.3 
 357 	 91.7 	 10.64 	 .16 	-6.957 	 181 	 299 	 226 	 207 	 5287 	-7.8 
 357.5 	 91.8 	 10.86 	 .16 	-6.952 	 182 	 299 	 226 	 208 	 5294 	-8 
 358 	 92.2 	 11.33 	 .16 	-6.948 	 182 	 299 	 227 	 210 	 5304 	-8.5 
 358.5 	 92.6 	 11.62 	 .17 	-6.959 	 182 	 298 	 228 	 211 	 5306 	-8.4 
 359 	 92.7 	 11.82 	 .17 	-6.956 	 183 	 298 	 228 	 211 	 5314 	-8 
 359.5 	 93 	 11.97 	 .18 	-6.952 	 182 	 299 	 229 	 212 	 5321 	-8.4 
 360 	 93.3 	 12.19 	 .17 	-6.941 	 183 	 300 	 230 	 211 	 5330 	-8.1 
 360.5 	 93.5 	 12.4 	 .18 	-6.967 	 183 	 298 	 231 	 213 	 5337 	-8 
 361 	 93.7 	 12.85 	 .18 	-6.954 	 184 	 300 	 231 	 214 	 5350 	-8.5 
 361.5 	 94 	 13.04 	 .18 	-6.961 	 184 	 300 	 231 	 214 	 5355 	-8.5 
 362 	 94.2 	 13.07 	 .18 	-6.953 	 184 	 298 	 231 	 214 	 5360 	-8.1 
 362.5 	 94.4 	 13.39 	 .2 	-6.957 	 184 	 301 	 232 	 216 	 5370 	-8.3 
 363 	 94.9 	 13.64 	 .2 	-6.958 	 184 	 301 	 233 	 215 	 5379 	-8.1 
 363.5 	 95 	 13.74 	 .19 	-6.971 	 185 	 298 	 233 	 215 	 5387 	-8.3 
 364 	 95.2 	 14.05 	 .2 	-6.954 	 185 	 302 	 234 	 216 	 5391 	-8.6 
 364.5 	 95.5 	 14.09 	 .2 	-6.953 	 185 	 298 	 234 	 216 	 5401 	-8.5 
 365 	 95.7 	 14.37 	 .21 	-6.951 	 185 	 300 	 235 	 217 	 5409 	-8.5 
 365.5 	 96.2 	 14.81 	 .2 	-6.944 	 185 	 302 	 235 	 217 	 5416 	-8.8 
 366 	 96.3 	 14.82 	 .21 	-6.952 	 186 	 298 	 236 	 217 	 5423 	-8.3 
 366.5 	 96.5 	 14.98 	 .21 	-6.953 	 186 	 301 	 235 	 217 	 5433 	-8.5 
 367 	 96.7 	 15.28 	 .21 	-6.932 	 186 	 301 	 235 	 217 	 5440 	-8.5 
 367.5 	 96.9 	 15.29 	 .22 	-6.943 	 186 	 299 	 234 	 217 	 5448 	-8.6 
 368 	 97.3 	 15.83 	 .22 	-6.95 	 186 	 301 	 236 	 217 	 5450 	-8.6 
 368.5 	 97.4 	 16.1 	 .23 	-6.948 	 186 	 301 	 236 	 217 	 5457 	-8.1 
 369 	 97.6 	 16.14 	 .23 	-6.954 	 187 	 299 	 236 	 217 	 5465 	-8.4 
 369.5 	 97.9 	 16.38 	 .23 	-6.945 	 187 	 302 	 236 	 218 	 5473 	-8.6 
 370 	 98.2 	 16.66 	 .24 	-6.958 	 187 	 299 	 236 	 217 	 5479 	-8.3 
 370.5 	 98.5 	 16.79 	 .23 	-6.951 	 187 	 299 	 236 	 217 	 5486 	-8.3 
 371 	 98.6 	 17.3 	 .24 	-6.947 	 187 	 302 	 237 	 218 	 5492 	-8.3 
 371.5 	 98.9 	 17.24 	 .24 	-6.949 	 187 	 299 	 236 	 216 	 5499 	-8.4 
 372 	 99 	 17.53 	 .25 	-6.954 	 187 	 301 	 237 	 217 	 5502 	-8.9 
 372.5 	 99.4 	 17.63 	 .24 	-6.962 	 187 	 301 	 236 	 217 	 5512 	-8.6 
 373 	 99.7 	 17.82 	 .25 	-6.956 	 187 	 300 	 236 	 217 	 5518 	-7.8 
 373.5 	 99.8 	 18.2 	 .25 	-6.957 	 188 	 301 	 237 	 217 	 5521 	-8.4 
 374 	 99.9 	 18.26 	 .26 	-6.941 	 188 	 300 	 236 	 217 	 5526 	-8.1 
 374.5 	 100.3 	 18.61 	 .26 	-6.958 	 188 	 299 	 237 	 217 	 5533 	-8 
 375 	 100.4 	 18.76 	 .26 	-6.952 	 188 	 301 	 236 	 217 	 5535 	-8.3 
 375.5 	 100.7 	 18.97 	 .27 	-6.953 	 188 	 299 	 236 	 217 	 5543 	-8.5 
 376 	 100.9 	 19.19 	 .28 	-6.948 	 189 	 300 	 236 	 217 	 5547 	-8.4 
 376.5 	 101 	 19.46 	 .28 	-6.953 	 189 	 300 	 236 	 217 	 5552 	-8 
 377 	 101.4 	 19.6 	 .28 	-6.944 	 189 	 300 	 235 	 216 	 5557 	-8.6 
 377.5 	 101.5 	 19.8 	 .28 	-6.945 	 189 	 300 	 236 	 216 	 5561 	-8.3 
 378 	 101.9 	 19.92 	 .28 	-6.946 	 189 	 301 	 236 	 216 	 5565 	-8.3 
 378.5 	 102.2 	 20.08 	 .29 	-6.945 	 189 	 300 	 236 	 215 	 5566 	-8.6 
 379 	 102.2 	 20.36 	 .29 	-6.944 	 189 	 300 	 236 	 215 	 5573 	-8.3 
 379.5 	 102.3 	 20.61 	 .29 	-6.962 	 189 	 300 	 235 	 215 	 5579 	-8.3 
 380 	 102.5 	 20.88 	 .29 	-6.949 	 189 	 300 	 235 	 215 	 5578 	-8.4 
 380.5 	 102.7 	 20.88 	 .3 	-6.935 	 189 	 300 	 235 	 215 	 5579 	-7.8 
 381 	 103 	 21 	 .3 	-6.957 	 189 	 300 	 235 	 214 	 5593 	-8.6 
 381.5 	 103.1 	 21.03 	 .3 	-6.95 	 189 	 301 	 235 	 214 	 5590 	-8 
 382 	 103.1 	 21.27 	 .3 	-6.952 	 189 	 300 	 235 	 214 	 5594 	-8.5 
 382.5 	 103.2 	 21.45 	 .3 	-6.947 	 189 	 301 	 235 	 214 	 5596 	-7.8 
 383 	 103.5 	 21.55 	 .3 	-6.961 	 189 	 301 	 235 	 213 	 5601 	-8.4 
 383.5 	 103.8 	 21.52 	 .3 	-6.942 	 189 	 301 	 234 	 213 	 5600 	-8.6 
 384 	 103.7 	 21.74 	 .31 	-6.96 	 189 	 299 	 235 	 213 	 5608 	-8.1 
 384.5 	 103.7 	 21.74 	 .31 	-6.951 	 190 	 301 	 235 	 212 	 5605 	-8.3 
 385 	 103.7 	 21.68 	 .31 	-6.95 	 189 	 300 	 234 	 213 	 5608 	-8 
 385.5 	 104 	 21.72 	 .31 	-6.934 	 190 	 300 	 234 	 213 	 5610 	-8.5 
 386 	 103.9 	 21.73 	 .3 	-6.957 	 189 	 301 	 233 	 213 	 5614 	-7.9 
 386.5 	 103.9 	 21.81 	 .31 	-6.949 	 189 	 301 	 233 	 212 	 5614 	-8 
 387 	 104 	 21.78 	 .32 	-6.974 	 190 	 301 	 234 	 212 	 5615 	-8.4 
 387.5 	 104 	 21.79 	 .31 	-6.932 	 190 	 300 	 234 	 212 	 5617 	-8 
 388 	 104 	 21.68 	 .3 	-6.934 	 189 	 301 	 233 	 212 	 5618 	-8.3 
 388.5 	 104 	 21.6 	 .3 	-6.94 	 190 	 300 	 233 	 212 	 5620 	-8.1 
 389 	 104.1 	 21.81 	 .3 	-6.94 	 189 	 300 	 233 	 211 	 5624 	-8.1 
 389.5 	 104.2 	 21.73 	 .3 	-6.934 	 190 	 301 	 232 	 212 	 5625 	-8.5 
 390 	 104.2 	 21.71 	 .3 	-6.941 	 190 	 300 	 232 	 211 	 5624 	-8.3 
 390.5 	 104 	 21.65 	 .3 	-6.977 	 190 	 300 	 232 	 211 	 5627 	-8.6 
 391 	 104.2 	 21.67 	 .3 	-6.941 	 190 	 301 	 232 	 211 	 5624 	-7.9 
 391.5 	 104.1 	 21.59 	 .31 	-6.932 	 189 	 300 	 232 	 211 	 5626 	-8.5 
 392 	 104.2 	 21.67 	 .3 	-6.946 	 190 	 300 	 232 	 212 	 5631 	-8.3 
 392.5 	 104.2 	 21.61 	 .3 	-6.936 	 190 	 300 	 232 	 210 	 5630 	-8.3 
 393 	 104.1 	 21.49 	 .3 	-6.931 	 189 	 300 	 232 	 210 	 5633 	-8.4 
 393.5 	 104.2 	 21.48 	 .3 	-6.93 	 190 	 300 	 231 	 210 	 5632 	-8.5 
 394 	 104.1 	 21.45 	 .3 	-6.933 	 190 	 300 	 232 	 210 	 5631 	-8.4 
 394.5 	 104.1 	 21.66 	 .3 	-6.942 	 190 	 300 	 231 	 209 	 5634 	-8.4 
 395 	 104.2 	 21.53 	 .31 	-6.951 	 190 	 300 	 231 	 209 	 5639 	-8 
 395.5 	 104.4 	 21.62 	 .3 	-6.943 	 190 	 300 	 230 	 209 	 5643 	-8.1 
 396 	 104.1 	 21.26 	 .31 	-6.93 	 190 	 300 	 229 	 208 	 5641 	-8.1 
 396.5 	 104.1 	 21.46 	 .31 	-6.946 	 190 	 299 	 228 	 208 	 5647 	-8.3 
 397 	 104.2 	 21.49 	 .3 	-6.936 	 190 	 300 	 228 	 208 	 5648 	-8 
 397.5 	 104.3 	 21.37 	 .3 	-6.94 	 190 	 300 	 228 	 207 	 5650 	-8.5 
 398 	 104.2 	 21.37 	 .31 	-6.928 	 190 	 300 	 228 	 206 	 5656 	-8.4 
 398.5 	 104.1 	 21.25 	 .3 	-6.932 	 190 	 300 	 227 	 205 	 5658 	-8.5 
 399 	 104.2 	 21.42 	 .3 	-6.946 	 190 	 300 	 227 	 205 	 5658 	-8.3 
 399.5 	 104.2 	 21.27 	 .3 	-6.942 	 190 	 300 	 226 	 205 	 5661 	-8.4 
 400 	 104.3 	 21.25 	 .31 	-6.935 	 190 	 301 	 226 	 205 	 5664 	-8 
 400.5 	 104.2 	 21.4 	 .3 	-6.94 	 190 	 300 	 225 	 205 	 5666 	-7.9 
 401 	 104 	 21.3 	 .3 	-6.941 	 190 	 300 	 224 	 204 	 5669 	-8.4 
 401.5 	 104.2 	 21.13 	 .3 	-6.949 	 190 	 301 	 224 	 204 	 5672 	-8 
 402 	 104.1 	 21.25 	 .3 	-6.938 	 190 	 300 	 224 	 203 	 5676 	-8.6 
 402.5 	 104.2 	 21.28 	 .3 	-6.944 	 190 	 300 	 223 	 202 	 5680 	-8.6 
 403 	 104.2 	 21.34 	 .3 	-6.949 	 190 	 299 	 222 	 202 	 5681 	-8.3 
 403.5 	 104.1 	 21.19 	 .3 	-6.941 	 190 	 300 	 222 	 201 	 5683 	-8.1 
 404 	 104.2 	 21.32 	 .3 	-6.927 	 190 	 300 	 222 	 201 	 5686 	-8.5 
 404.5 	 104.2 	 21.28 	 .3 	-6.941 	 190 	 300 	 221 	 201 	 5687 	-8.4 
 405 	 104.3 	 21.25 	 .3 	-6.949 	 190 	 300 	 222 	 200 	 5688 	-8.3 
 405.5 	 104.2 	 21.15 	 .29 	-6.924 	 190 	 300 	 222 	 201 	 5689 	-8 
 406 	 104.3 	 21.35 	 .3 	-6.936 	 190 	 300 	 222 	 201 	 5688 	-8.5 
 406.5 	 104.2 	 21.27 	 .3 	-6.931 	 190 	 300 	 222 	 201 	 5692 	-8 
 407 	 104.1 	 21.23 	 .3 	-6.937 	 190 	 300 	 222 	 201 	 5690 	-7.9 
 407.5 	 104.2 	 21.35 	 .31 	-6.934 	 190 	 300 	 222 	 201 	 5690 	-7.9 
 408 	 104.2 	 21.17 	 .3 	-6.93 	 190 	 300 	 222 	 201 	 5691 	-8.1 
 408.5 	 104.3 	 21.25 	 .3 	-6.938 	 190 	 300 	 222 	 201 	 5689 	-8.3 
 409 	 104.2 	 21.3 	 .3 	-6.943 	 191 	 301 	 222 	 201 	 5690 	-8 
 409.5 	 104.2 	 21.27 	 .3 	-6.968 	 190 	 300 	 222 	 201 	 5691 	-8 
 410 	 104.3 	 21.15 	 .3 	-6.923 	 190 	 301 	 222 	 200 	 5690 	-8.4 
 410.5 	 104.3 	 21.18 	 .3 	-6.937 	 190 	 300 	 222 	 201 	 5691 	-8.5 
 411 	 104.2 	 21.08 	 .31 	-6.939 	 191 	 300 	 222 	 201 	 5697 	-8.4 
 411.5 	 104.4 	 21.1 	 .3 	-6.946 	 190 	 300 	 222 	 201 	 5693 	-8.1 
 412 	 104.3 	 21.18 	 .29 	-6.928 	 190 	 300 	 222 	 201 	 5693 	-8.1 
 412.5 	 104.4 	 21.27 	 .29 	-6.933 	 190 	 300 	 222 	 201 	 5694 	-8.4 
 413 	 104.3 	 21.34 	 .3 	-6.938 	 190 	 300 	 222 	 201 	 5694 	-8.1 
 413.5 	 104.2 	 21.15 	 .3 	-6.949 	 190 	 300 	 222 	 201 	 5692 	-8.1 
 414 	 104.2 	 21.34 	 .29 	-6.941 	 190 	 301 	 222 	 200 	 5691 	-7.8 
 414.5 	 104.3 	 21.17 	 .31 	-6.936 	 190 	 300 	 222 	 200 	 5693 	-7.5 
 415 	 104.3 	 21.27 	 .3 	-6.947 	 190 	 300 	 222 	 201 	 5694 	-8.3 
 415.5 	 104.3 	 21.15 	 .3 	-6.923 	 190 	 300 	 222 	 201 	 5695 	-8.1 
 416 	 104.4 	 21.24 	 .3 	-6.936 	 190 	 300 	 222 	 200 	 5695 	-8.4 
 416.5 	 104.4 	 21.22 	 .3 	-6.933 	 190 	 301 	 221 	 201 	 5695 	-8.1 
 417 	 104.3 	 21.11 	 .3 	-6.924 	 190 	 300 	 222 	 201 	 5698 	-8.3 
 417.5 	 104.3 	 21.16 	 .29 	-6.939 	 190 	 301 	 222 	 201 	 5695 	-8 
 418 	 104.4 	 21.25 	 .3 	-6.943 	 190 	 300 	 222 	 200 	 5695 	-8.4 
 418.5 	 104.4 	 21.08 	 .3 	-6.917 	 190 	 300 	 222 	 200 	 5693 	-8.1 
 419 	 104.3 	 21.25 	 .3 	-6.933 	 190 	 300 	 221 	 200 	 5697 	-8 
 419.5 	 104.3 	 21.14 	 .31 	-6.95 	 190 	 300 	 222 	 201 	 5699 	-8.4 
 420 	 104.3 	 21.18 	 .3 	-6.944 	 190 	 300 	 222 	 201 	 5698 	-7.9 
 420.5 	 104.3 	 21.05 	 .3 	-6.933 	 190 	 300 	 222 	 200 	 5695 	-8.1 
 421 	 104.3 	 21.19 	 .3 	-6.93 	 190 	 301 	 221 	 200 	 5699 	-8.1 
 421.5 	 104.2 	 21.21 	 .3 	-6.941 	 190 	 300 	 222 	 201 	 5698 	-8.5 
 422 	 104.2 	 21.26 	 .29 	-6.949 	 190 	 300 	 222 	 200 	 5701 	-7.9 
 422.5 	 104.3 	 21.3 	 .29 	-6.957 	 190 	 300 	 221 	 200 	 5697 	-7.8 
 423 	 104.3 	 21.11 	 .3 	-6.935 	 190 	 300 	 222 	 201 	 5697 	-8.3 
 423.5 	 104.5 	 21.24 	 .3 	-6.932 	 190 	 300 	 221 	 201 	 5696 	-8.4 
 424 	 104.4 	 21.04 	 .31 	-6.939 	 190 	 300 	 222 	 201 	 5701 	-8 
 424.5 	 104.3 	 21.11 	 .29 	-6.936 	 190 	 300 	 222 	 200 	 5701 	-8.6 
 425 	 104.3 	 21.24 	 .29 	-6.945 	 190 	 301 	 222 	 200 	 5698 	-8.4 
 425.5 	 104.3 	 21.26 	 .3 	-6.952 	 190 	 300 	 222 	 200 	 5702 	-8.5 
 426 	 104.3 	 21.16 	 .3 	-6.937 	 190 	 300 	 223 	 200 	 5699 	-8 
 426.5 	 104.3 	 21.26 	 .3 	-6.927 	 190 	 299 	 222 	 201 	 5702 	-8 
 427 	 104.3 	 21.2 	 .29 	-6.929 	 190 	 299 	 222 	 201 	 5701 	-8.1 
 427.5 	 104.3 	 21.12 	 .3 	-6.952 	 190 	 301 	 221 	 200 	 5699 	-8 
 428 	 104.4 	 21.18 	 .29 	-6.938 	 190 	 300 	 221 	 200 	 5697 	-8.1 
 428.5 	 104.3 	 21.18 	 .3 	-6.941 	 191 	 300 	 222 	 200 	 5700 	-8.5 
 429 	 104.3 	 21.12 	 .3 	-6.915 	 190 	 301 	 221 	 200 	 5701 	-8.6 
 429.5 	 104.3 	 21.16 	 .3 	-6.931 	 190 	 300 	 221 	 200 	 5702 	-8.3 
 430 	 104.3 	 21.23 	 .3 	-6.937 	 190 	 300 	 221 	 201 	 5704 	-8.3 
 430.5 	 104.2 	 21.02 	 .3 	-6.927 	 190 	 300 	 222 	 200 	 5705 	-8.6 
 431 	 104.4 	 21.23 	 .3 	-6.937 	 190 	 299 	 222 	 200 	 5704 	-8.3 
 431.5 	 104.5 	 21.23 	 .3 	-6.951 	 190 	 300 	 222 	 200 	 5701 	-8.1 
 432 	 104.2 	 21.16 	 .29 	-6.93 	 190 	 301 	 222 	 200 	 5703 	-8.1 
 432.5 	 104.4 	 21.21 	 .31 	-6.929 	 190 	 300 	 222 	 200 	 5702 	-8.3 
 433 	 104.4 	 21.15 	 .3 	-6.936 	 190 	 300 	 221 	 200 	 5702 	-8.6 
 433.5 	 104.4 	 21.19 	 .3 	-6.947 	 190 	 300 	 221 	 199 	 5702 	-8.5 
 434 	 104.2 	 21.14 	 .29 	-6.94 	 190 	 300 	 221 	 200 	 5703 	-7.9 
 434.5 	 104.4 	 21.16 	 .3 	-6.925 	 190 	 300 	 221 	 200 	 5703 	-8.3 
 435 	 104.3 	 21.19 	 .3 	-6.933 	 190 	 300 	 221 	 200 	 5701 	-8 
 435.5 	 104.4 	 21.34 	 .3 	-6.935 	 190 	 300 	 222 	 200 	 5702 	-8 
 436 	 104.2 	 21.11 	 .3 	-6.924 	 190 	 300 	 222 	 200 	 5701 	-8.4 
 436.5 	 104.4 	 21.16 	 .3 	-6.938 	 191 	 300 	 221 	 200 	 5706 	-8.3 
 437 	 104.4 	 21.2 	 .3 	-6.934 	 190 	 300 	 222 	 200 	 5704 	-8.3 
 437.5 	 104.4 	 21.05 	 .3 	-6.928 	 190 	 299 	 221 	 200 	 5705 	-7.8 
 438 	 104.3 	 21.29 	 .3 	-6.948 	 190 	 300 	 221 	 200 	 5705 	-8.4 
 438.5 	 104.4 	 21.08 	 .29 	-6.936 	 190 	 300 	 221 	 200 	 5708 	-8.4 
 439 	 104.4 	 21.25 	 .3 	-6.953 	 190 	 300 	 221 	 200 	 5704 	-8.1 
 439.5 	 104.5 	 21.22 	 .3 	-6.93 	 191 	 300 	 221 	 200 	 5705 	-7.9 
 440 	 104.4 	 21.28 	 .31 	-6.933 	 190 	 300 	 221 	 200 	 5703 	-8.5 
 440.5 	 104.3 	 21.12 	 .29 	-6.962 	 190 	 300 	 221 	 199 	 5706 	-7.9 
 441 	 104.3 	 21.15 	 .3 	-6.947 	 190 	 300 	 221 	 200 	 5706 	-8 
 441.5 	 104.2 	 21.02 	 .3 	-6.933 	 191 	 299 	 221 	 200 	 5706 	-8.1 
 442 	 104.3 	 21.25 	 .3 	-6.935 	 191 	 300 	 220 	 200 	 5706 	-8.4 
 442.5 	 104.5 	 21.2 	 .3 	-6.926 	 190 	 300 	 220 	 199 	 5703 	-8.3 
 443 	 104.3 	 21.19 	 .3 	-6.93 	 190 	 300 	 221 	 200 	 5709 	-8.3 
 443.5 	 104.5 	 21.36 	 .29 	-6.932 	 190 	 300 	 222 	 200 	 5705 	-8 
 444 	 104.4 	 21.21 	 .31 	-6.932 	 190 	 300 	 221 	 200 	 5709 	-8.4 
 444.5 	 104.4 	 21.15 	 .29 	-6.938 	 190 	 300 	 221 	 200 	 5710 	-8.5 
 445 	 104.4 	 21.2 	 .29 	-6.936 	 191 	 300 	 221 	 200 	 5705 	-8 
 445.5 	 104.3 	 21.03 	 .3 	-6.931 	 190 	 301 	 221 	 199 	 5707 	-8.4 
 446 	 104.3 	 21.02 	 .3 	-6.923 	 190 	 299 	 221 	 200 	 5705 	-8.8 
 446.5 	 104.4 	 21.26 	 .3 	-6.933 	 191 	 300 	 221 	 200 	 5708 	-8 
 447 	 104.5 	 21.08 	 .3 	-6.927 	 191 	 300 	 221 	 200 	 5709 	-8.5 
 447.5 	 104.3 	 21.35 	 .29 	-6.932 	 190 	 301 	 221 	 200 	 5706 	-8.3 
 448 	 104.3 	 21.23 	 .3 	-6.945 	 191 	 301 	 221 	 200 	 5708 	-8.1 
 448.5 	 104.3 	 21.24 	 .3 	-6.931 	 191 	 300 	 221 	 200 	 5705 	-8.1 
 449 	 104.4 	 21.02 	 .3 	-6.935 	 191 	 300 	 221 	 201 	 5710 	-8.5 
 449.5 	 104.4 	 21.13 	 .3 	-6.933 	 190 	 300 	 221 	 200 	 5708 	-8 
 450 	 104.3 	 21.16 	 .29 	-6.92 	 190 	 300 	 222 	 200 	 5707 	-8 
 450.5 	 104.4 	 21.18 	 .3 	-6.927 	 191 	 300 	 221 	 200 	 5707 	-8.4 
 451 	 104.3 	 21.17 	 .3 	-6.933 	 190 	 300 	 221 	 200 	 5707 	-8.5 
 451.5 	 104.3 	 21.04 	 .3 	-6.924 	 190 	 301 	 222 	 199 	 5706 	-7.9 
 452 	 104.3 	 21.19 	 .3 	-6.924 	 190 	 300 	 221 	 200 	 5707 	-8.3 
 452.5 	 104.2 	 21.15 	 .3 	-6.936 	 190 	 299 	 222 	 200 	 5709 	-8.5 
 453 	 104.5 	 21.13 	 .3 	-6.941 	 190 	 300 	 222 	 200 	 5707 	-8.5 
 453.5 	 104.4 	 21.24 	 .3 	-6.921 	 191 	 300 	 221 	 200 	 5709 	-8.3 
 454 	 104.4 	 21.05 	 .3 	-6.927 	 191 	 300 	 221 	 200 	 5706 	-8.5 
 454.5 	 104.5 	 21.12 	 .3 	-6.933 	 190 	 300 	 221 	 200 	 5707 	-8 
 455 	 104.4 	 21.17 	 .3 	-6.93 	 190 	 300 	 222 	 200 	 5707 	-8.3 
 455.5 	 104.3 	 21.22 	 .3 	-6.934 	 191 	 300 	 221 	 201 	 5710 	-8.4 
 456 	 104.4 	 21.26 	 .3 	-6.929 	 191 	 299 	 221 	 200 	 5704 	-8 
 456.5 	 104.4 	 21.17 	 .3 	-6.927 	 190 	 300 	 221 	 200 	 5707 	-8.3 
 457 	 104.4 	 21.22 	 .29 	-6.928 	 190 	 300 	 222 	 200 	 5708 	-8.3 
 457.5 	 104.3 	 21.09 	 .3 	-6.975 	 191 	 299 	 221 	 200 	 5707 	-8.4 
 458 	 104.2 	 21.09 	 .29 	-7.004 	 190 	 300 	 222 	 200 	 5707 	-8.3 
 458.5 	 104.4 	 21.24 	 .3 	-6.991 	 190 	 300 	 221 	 200 	 5707 	-7.9 
 459 	 104.4 	 21.31 	 .3 	-7.011 	 191 	 300 	 221 	 201 	 5709 	-8.1 
 459.5 	 104.3 	 21.21 	 .3 	-7.007 	 190 	 300 	 221 	 201 	 5711 	-8.3 
 460 	 104.1 	 21.28 	 .31 	-7.002 	 191 	 300 	 222 	 201 	 5707 	-8.4 
 460.5 	 104.3 	 21.24 	 .3 	-7.016 	 190 	 300 	 221 	 200 	 5712 	-8.5 
 461 	 104.4 	 21.29 	 .3 	-7.02 	 190 	 300 	 222 	 200 	 5703 	-8.1 
 461.5 	 104.2 	 21.28 	 .3 	-7.032 	 190 	 301 	 221 	 201 	 5709 	-8.4 
 462 	 104.2 	 21.29 	 .3 	-7.035 	 190 	 300 	 222 	 201 	 5709 	-8.3 
 462.5 	 104.3 	 21.16 	 .3 	-7.011 	 190 	 301 	 222 	 201 	 5708 	-8.5 
 463 	 104.3 	 21.34 	 .3 	-7.022 	 190 	 300 	 222 	 200 	 5708 	-8 
 463.5 	 104.1 	 21.13 	 .3 	-7.025 	 190 	 300 	 223 	 200 	 5709 	-8.8 
 464 	 104.2 	 21.23 	 .3 	-7.035 	 191 	 300 	 221 	 200 	 5705 	-7.9 
 464.5 	 104.3 	 21.17 	 .3 	-7.032 	 190 	 301 	 222 	 200 	 5707 	-8 
 465 	 104.3 	 21.2 	 .29 	-7.041 	 190 	 300 	 221 	 201 	 5707 	-8.5 
 465.5 	 104.3 	 21.29 	 .3 	-7.024 	 191 	 300 	 222 	 200 	 5708 	-8.3 
 466 	 104.3 	 21.26 	 .3 	-7.014 	 191 	 300 	 222 	 200 	 5706 	-8.1 
 466.5 	 104.2 	 21.19 	 .3 	-7.007 	 190 	 300 	 221 	 201 	 5709 	-8.3 
 467 	 104.3 	 21.12 	 .3 	-7.011 	 190 	 301 	 222 	 201 	 5709 	-8 
 467.5 	 104.3 	 21.22 	 .3 	-7.01 	 190 	 300 	 222 	 200 	 5707 	-8 
 468 	 104.4 	 21.19 	 .3 	-7.017 	 190 	 300 	 222 	 201 	 5705 	-7.8 
 468.5 	 104.3 	 21.15 	 .3 	-7.001 	 190 	 300 	 222 	 200 	 5709 	-8 
 469 	 104.4 	 21.24 	 .3 	-7.018 	 190 	 301 	 222 	 200 	 5706 	-8.1 
 469.5 	 104.2 	 21.37 	 .3 	-7.022 	 190 	 300 	 221 	 201 	 5708 	-8.3 
 470 	 104.3 	 21.09 	 .3 	-7.009 	 190 	 300 	 222 	 200 	 5707 	-8.8 
 470.5 	 104.4 	 21.28 	 .3 	-7.014 	 190 	 301 	 222 	 201 	 5708 	-8.6 
 471 	 104.2 	 21.22 	 .3 	-7.026 	 191 	 300 	 222 	 200 	 5706 	-8.3 
 471.5 	 104.3 	 21 	 .3 	-7.011 	 190 	 300 	 222 	 200 	 5705 	-8.3 
 472 	 104.2 	 21.2 	 .3 	-7.022 	 190 	 300 	 222 	 201 	 5708 	-8 
 472.5 	 104.3 	 21.07 	 .3 	-7.023 	 191 	 300 	 222 	 201 	 5707 	-8 
