

时间(S),振次,轴位移(mm),力(kN),应力(kPa),变形(mm),侧位移(mm),围压(kPa),孔压(kPa),反压(kPa),体变(ml),小体变(ml)
0.00,0.00, 136.8 , 21.37 , 302 ,-6.378 , 192.9 , 299 , 227 , 205 , 5770 ,-8.4 
 .2 , .02 , 136.9 , 21.09 , 30 ,-6.366 , 193 , 301 , 226 , 205 , 5765 ,-8.3 
 .4 , .04 , 136.9 , 21.36 , 30 ,-6.377 , 193.1 , 300 , 226 , 205 , 5767 ,-7.8 
 .61 , .06 , 136.8 , 21.5 , 31 ,-6.375 , 192.2 , 300 , 227 , 204 , 5765 ,-8.4 
 .81 , .08 , 136.7 , 21.64 , 32 ,-6.365 , 193.1 , 299 , 227 , 205 , 5766 ,-8 
 1.01 , .1 , 136.7 , 22.11 , 32 ,-6.37 , 192.8 , 300 , 227 , 205 , 5765 ,-8.1 
 1.21 , .12 , 136.8 , 23.09 , 33 ,-6.342 , 192.9 , 300 , 226 , 204 , 5767 ,-8.3 
 1.41 , .14 , 136.8 , 23.5 , 35 ,-6.337 , 192.9 , 301 , 226 , 204 , 5761 ,-8.4 
 1.62 , .16 , 136.8 , 23.96 , 34 ,-6.313 , 193.2 , 300 , 226 , 204 , 5769 ,-8.4 
 1.82 , .18 , 136.9 , 24.79 , 36 ,-6.293 , 193.1 , 300 , 225 , 204 , 5763 ,-8.1 
 2.02 , .2 , 137 , 25.26 , 36 ,-6.288 , 192.9 , 301 , 225 , 203 , 5767 ,-8.6 
 2.22 , .22 , 137 , 25.62 , 36 ,-6.264 , 192.9 , 300 , 224 , 203 , 5764 ,-8.4 
 2.42 , .24 , 137.1 , 25.7 , 37 ,-6.242 , 192.9 , 302 , 224 , 203 , 5764 ,-7.9 
 2.63 , .26 , 137 , 26.49 , 38 ,-6.239 , 192.9 , 301 , 224 , 202 , 5765 ,-8.3 
 2.83 , .28 , 137.1 , 26.72 , 37 ,-6.215 , 193.2 , 301 , 224 , 202 , 5761 ,-7.8 
 3.03 , .3 , 137.2 , 26.72 , 38 ,-6.229 , 193.4 , 301 , 224 , 202 , 5766 ,-8.8 
 3.23 , .32 , 137.1 , 26.99 , 38 ,-6.217 , 192.9 , 301 , 223 , 202 , 5765 ,-8.3 
 3.43 , .34 , 137.1 , 26.86 , 38 ,-6.178 , 192.9 , 301 , 223 , 202 , 5768 ,-8.1 
 3.64 , .36 , 137.1 , 26.64 , 38 ,-6.192 , 193.4 , 300 , 224 , 202 , 5764 ,-8.3 
 3.84 , .38 , 137.1 , 26.55 , 38 ,-6.239 , 192.8 , 301 , 224 , 202 , 5765 ,-8.3 
 4.04 , .4 , 137.1 , 26.67 , 38 ,-6.225 , 193.1 , 301 , 223 , 202 , 5764 ,-8.6 
 4.24 , .42 , 137.1 , 26.7 , 37 ,-6.226 , 193.1 , 301 , 223 , 202 , 5767 ,-8.3 
 4.44 , .44 , 137.2 , 26.56 , 37 ,-6.219 , 192.9 , 301 , 224 , 202 , 5764 ,-8.5 
 4.65 , .46 , 137.2 , 25.77 , 36 ,-6.228 , 193.1 , 301 , 223 , 202 , 5763 ,-8.5 
 4.85 , .48 , 137.1 , 25.07 , 35 ,-6.228 , 193.1 , 301 , 224 , 202 , 5766 ,-8.3 
 5.05 , .5 , 137.2 , 24.52 , 35 ,-6.224 , 193.1 , 301 , 224 , 202 , 5767 ,-8 
 5.25 , .52 , 137.2 , 23.56 , 34 ,-6.245 , 193.1 , 301 , 224 , 202 , 5765 ,-8.9 
 5.45 , .54 , 137.2 , 22.87 , 32 ,-6.234 , 193.5 , 300 , 224 , 202 , 5768 ,-7.9 
 5.66 , .56 , 137.1 , 22.29 , 30 ,-6.274 , 192.9 , 301 , 224 , 201 , 5767 ,-8.3 
 5.86 , .58 , 137.1 , 21.66 , 30 ,-6.284 , 193 , 301 , 224 , 202 , 5763 ,-8.4 
 6.06 , .6 , 137 , 20.36 , 28 ,-6.3 , 192.9 , 300 , 224 , 203 , 5766 ,-8.6 
 6.26 , .62 , 137.1 , 19.87 , 26 ,-6.285 , 193.3 , 300 , 224 , 203 , 5764 ,-8 
 6.46 , .64 , 137 , 19.25 , 26 ,-6.305 , 192.7 , 300 , 225 , 202 , 5767 ,-7.6 
 6.67 , .66 , 137 , 18.34 , 25 ,-6.328 , 193.2 , 300 , 224 , 202 , 5769 ,-8.1 
 6.87 , .68 , 137 , 17.98 , 24 ,-6.336 , 192.8 , 300 , 225 , 202 , 5765 ,-7.8 
 7.07 , .7 , 136.9 , 17.61 , 24 ,-6.325 , 193.3 , 300 , 225 , 204 , 5764 ,-8 
 7.27 , .72 , 136.8 , 16.86 , 24 ,-6.372 , 193.1 , 299 , 226 , 205 , 5765 ,-8.3 
 7.47 , .74 , 136.8 , 16.61 , 23 ,-6.374 , 193.3 , 300 , 226 , 204 , 5764 ,-7.9 
 7.68 , .76 , 136.7 , 16.24 , 23 ,-6.365 , 193 , 300 , 226 , 205 , 5768 ,-8.3 
 7.88 , .78 , 136.7 , 16.21 , 23 ,-6.375 , 193.1 , 299 , 226 , 205 , 5762 ,-7.6 
 8.08 , .8 , 136.8 , 15.84 , 23 ,-6.391 , 192.8 , 299 , 227 , 205 , 5763 ,-8.3 
 8.28 , .82 , 136.8 , 15.88 , 22 ,-6.363 , 193.3 , 300 , 226 , 205 , 5768 ,-8.5 
 8.48 , .84 , 136.7 , 16.02 , 22 ,-6.406 , 193.2 , 299 , 227 , 205 , 5765 ,-7.9 
 8.69 , .86 , 136.7 , 16 , 22 ,-6.406 , 192.7 , 299 , 227 , 205 , 5765 ,-8 
 8.89 , .88 , 136.8 , 15.95 , 22 ,-6.423 , 192.7 , 299 , 226 , 205 , 5767 ,-8.6 
 9.09 , .9 , 136.8 , 16.13 , 22 ,-6.392 , 193.2 , 299 , 227 , 205 , 5766 ,-7.9 
 9.29 , .92 , 136.7 , 16.05 , 23 ,-6.405 , 192.7 , 299 , 226 , 206 , 5766 ,-8.4 
 9.49 , .94 , 136.7 , 16.52 , 24 ,-6.406 , 192.6 , 300 , 227 , 205 , 5763 ,-8.1 
 9.7 , .96 , 136.7 , 17.13 , 25 ,-6.411 , 193.4 , 299 , 226 , 205 , 5763 ,-8.4 
 9.9 , .99 , 136.8 , 17.55 , 26 ,-6.403 , 192.7 , 300 , 226 , 205 , 5762 ,-8.1 
 10.1 , 1.01 , 136.8 , 18.68 , 27 ,-6.377 , 193.1 , 299 , 228 , 205 , 5766 ,-8.3 
 10.3 , 1.03 , 136.8 , 19.25 , 27 ,-6.376 , 192.9 , 300 , 227 , 205 , 5764 ,-8.1 
 10.5 , 1.05 , 136.9 , 19.65 , 29 ,-6.393 , 192.8 , 299 , 226 , 205 , 5763 ,-8.6 
 10.71 , 1.07 , 136.9 , 21.25 , 30 ,-6.345 , 193 , 300 , 226 , 204 , 5764 ,-8.3 
 10.91 , 1.09 , 137 , 21.71 , 31 ,-6.335 , 193.2 , 300 , 226 , 204 , 5768 ,-8.4 
 11.11 , 1.11 , 136.9 , 22.14 , 33 ,-6.303 , 193.1 , 300 , 226 , 204 , 5763 ,-8 
 11.31 , 1.13 , 137 , 22.94 , 34 ,-6.296 , 193 , 300 , 226 , 204 , 5763 ,-8 
 11.51 , 1.15 , 137 , 24.02 , 35 ,-6.276 , 193.6 , 300 , 225 , 204 , 5763 ,-8.4 
 11.72 , 1.17 , 137 , 24.59 , 36 ,-6.234 , 193.1 , 300 , 225 , 204 , 5766 ,-8 
 11.92 , 1.19 , 137 , 24.97 , 36 ,-6.232 , 192.9 , 300 , 225 , 204 , 5765 ,-8.3 
 12.12 , 1.21 , 137.1 , 25.89 , 36 ,-6.2 , 193 , 300 , 224 , 203 , 5767 ,-8.4 
 12.32 , 1.23 , 137.1 , 26.31 , 37 ,-6.209 , 192.8 , 301 , 224 , 203 , 5763 ,-8.1 
 12.52 , 1.25 , 137.2 , 26.7 , 37 ,-6.21 , 193.5 , 301 , 224 , 203 , 5763 ,-8.3 
 12.73 , 1.27 , 137.2 , 26.76 , 38 ,-6.185 , 193.4 , 301 , 224 , 202 , 5766 ,-8.5 
 12.93 , 1.29 , 137.2 , 27.16 , 38 ,-6.195 , 192.9 , 301 , 224 , 203 , 5766 ,-7.9 
 13.13 , 1.31 , 137.1 , 27.04 , 39 ,-6.19 , 193 , 301 , 224 , 203 , 5763 ,-8.3 
 13.33 , 1.33 , 137.2 , 27.01 , 38 ,-6.16 , 193 , 301 , 223 , 202 , 5766 ,-8.3 
 13.53 , 1.35 , 137.3 , 27.11 , 38 ,-6.171 , 193.3 , 301 , 223 , 202 , 5765 ,-8.9 
 13.74 , 1.37 , 137.2 , 27.09 , 38 ,-6.15 , 192.9 , 300 , 224 , 202 , 5765 ,-8.3 
 13.94 , 1.39 , 137.2 , 27.15 , 38 ,-6.178 , 192.9 , 301 , 224 , 202 , 5762 ,-8.1 
 14.14 , 1.41 , 137.2 , 26.96 , 38 ,-6.193 , 193.2 , 300 , 224 , 202 , 5764 ,-8.3 
 14.34 , 1.43 , 137.1 , 26.84 , 38 ,-6.176 , 193.3 , 301 , 223 , 203 , 5764 ,-8.3 
 14.54 , 1.45 , 137.3 , 26.36 , 36 ,-6.158 , 193 , 301 , 224 , 202 , 5763 ,-8.3 
 14.75 , 1.47 , 137.2 , 25.67 , 35 ,-6.196 , 193.3 , 301 , 224 , 203 , 5766 ,-8 
 14.95 , 1.49 , 137.1 , 24.47 , 35 ,-6.196 , 193.3 , 301 , 224 , 203 , 5762 ,-7.9 
 15.15 , 1.51 , 137.3 , 24.03 , 33 ,-6.189 , 193.1 , 301 , 224 , 202 , 5762 ,-8 
 15.35 , 1.53 , 137.1 , 23.58 , 32 ,-6.196 , 192.8 , 301 , 223 , 202 , 5765 ,-8.1 
 15.55 , 1.55 , 137.2 , 22.21 , 31 ,-6.222 , 193.2 , 300 , 224 , 202 , 5767 ,-8.1 
 15.76 , 1.57 , 137.2 , 21.58 , 30 ,-6.231 , 192.9 , 301 , 224 , 203 , 5770 ,-8.4 
 15.96 , 1.59 , 137 , 20.88 , 28 ,-6.238 , 192.8 , 300 , 224 , 202 , 5766 ,-8.5 
 16.16 , 1.61 , 137.1 , 20.2 , 28 ,-6.29 , 192.7 , 300 , 224 , 203 , 5765 ,-8.5 
 16.36 , 1.63 , 137.1 , 19.33 , 27 ,-6.26 , 193 , 299 , 225 , 202 , 5768 ,-8.4 
 16.56 , 1.65 , 137 , 18.68 , 26 ,-6.281 , 193.1 , 300 , 224 , 203 , 5767 ,-8.5 
 16.77 , 1.67 , 137.1 , 18.21 , 25 ,-6.299 , 193.3 , 299 , 225 , 204 , 5768 ,-8.1 
 16.97 , 1.69 , 136.9 , 17.32 , 24 ,-6.321 , 192.8 , 300 , 225 , 204 , 5765 ,-7.9 
 17.17 , 1.71 , 137 , 17.21 , 24 ,-6.338 , 193.1 , 299 , 225 , 204 , 5766 ,-8.3 
 17.37 , 1.73 , 136.9 , 16.76 , 23 ,-6.348 , 193.1 , 299 , 227 , 205 , 5764 ,-8.8 
 17.57 , 1.75 , 136.8 , 16.51 , 23 ,-6.368 , 192.8 , 299 , 226 , 205 , 5764 ,-8.3 
 17.78 , 1.77 , 136.8 , 15.98 , 23 ,-6.372 , 192.8 , 299 , 226 , 206 , 5768 ,-8.3 
 17.98 , 1.79 , 136.8 , 16 , 22 ,-6.375 , 193.2 , 300 , 227 , 205 , 5765 ,-8.1 
 18.18 , 1.81 , 136.8 , 15.85 , 24 ,-6.373 , 192.7 , 300 , 226 , 205 , 5763 ,-8.4 
 18.38 , 1.83 , 136.7 , 15.77 , 22 ,-6.393 , 193 , 300 , 226 , 205 , 5768 ,-8.1 
 18.58 , 1.85 , 136.8 , 15.86 , 22 ,-6.397 , 193.1 , 299 , 227 , 205 , 5766 ,-8.4 
 18.79 , 1.87 , 136.8 , 15.84 , 22 ,-6.408 , 192.9 , 299 , 226 , 205 , 5768 ,-9.4 
 18.99 , 1.89 , 136.8 , 15.74 , 22 ,-6.387 , 193 , 300 , 226 , 205 , 5765 ,-8.4 
 19.19 , 1.91 , 136.8 , 15.9 , 22 ,-6.389 , 193.3 , 300 , 226 , 205 , 5770 ,-8.3 
 19.39 , 1.93 , 136.8 , 15.87 , 24 ,-6.382 , 193.3 , 299 , 227 , 205 , 5764 ,-8 
 19.59 , 1.95 , 136.7 , 16.27 , 24 ,-6.402 , 192.8 , 300 , 227 , 205 , 5764 ,-7.8 
 19.8 , 1.97 , 136.8 , 17.41 , 25 ,-6.385 , 193.2 , 300 , 226 , 205 , 5764 ,-8.4 
 20 , 2 , 136.8 , 17.85 , 26 ,-6.367 , 193.4 , 299 , 227 , 206 , 5764 ,-8.6 
 20.2 , 2.02 , 136.8 , 18.18 , 26 ,-6.387 , 192.9 , 300 , 227 , 206 , 5769 ,-8 
 20.4 , 2.04 , 137 , 19.67 , 29 ,-6.331 , 193.1 , 299 , 226 , 206 , 5767 ,-8.1 
 20.6 , 2.06 , 136.9 , 20.26 , 30 ,-6.326 , 192.8 , 300 , 227 , 206 , 5760 ,-7.8 
 20.81 , 2.08 , 137 , 20.98 , 31 ,-6.314 , 193.1 , 299 , 227 , 205 , 5767 ,-8.6 
 21.01 , 2.1 , 136.9 , 21.77 , 31 ,-6.288 , 193.1 , 300 , 228 , 205 , 5762 ,-7.9 
 21.21 , 2.12 , 137 , 22.89 , 33 ,-6.268 , 192.9 , 301 , 226 , 204 , 5765 ,-8.1 
 21.41 , 2.14 , 137.1 , 23.62 , 35 ,-6.241 , 192.9 , 300 , 226 , 205 , 5764 ,-8.1 
 21.61 , 2.16 , 137 , 24.04 , 35 ,-6.27 , 193.2 , 300 , 225 , 204 , 5767 ,-8.1 
 21.82 , 2.18 , 137.1 , 25.16 , 35 ,-6.246 , 192.9 , 299 , 224 , 204 , 5764 ,-7.5 
 22.02 , 2.2 , 137.1 , 25.59 , 37 ,-6.256 , 192.9 , 301 , 224 , 203 , 5767 ,-7.9 
 22.22 , 2.22 , 137.1 , 25.95 , 38 ,-6.214 , 193.4 , 300 , 225 , 205 , 5769 ,-8.4 
 22.42 , 2.24 , 137.2 , 26.44 , 38 ,-6.196 , 192.9 , 301 , 225 , 203 , 5765 ,-8.3 
 22.62 , 2.26 , 137.2 , 26.9 , 38 ,-6.215 , 192.9 , 301 , 224 , 203 , 5766 ,-8.8 
 22.83 , 2.28 , 137.2 , 26.96 , 38 ,-6.189 , 192.9 , 301 , 224 , 203 , 5763 ,-8.1 
 23.03 , 2.3 , 137.2 , 27.03 , 38 ,-6.188 , 192.6 , 301 , 225 , 202 , 5765 ,-8.4 
 23.23 , 2.32 , 137.3 , 27.31 , 39 ,-6.172 , 193.3 , 301 , 224 , 203 , 5763 ,-8.3 
 23.43 , 2.34 , 137.2 , 27.09 , 39 ,-6.161 , 193.4 , 301 , 224 , 203 , 5768 ,-7.8 
 23.63 , 2.36 , 137.2 , 27.12 , 39 ,-6.146 , 192.6 , 301 , 224 , 202 , 5765 ,-8.4 
 23.84 , 2.38 , 137.2 , 27.05 , 38 ,-6.15 , 193.1 , 301 , 224 , 202 , 5765 ,-8 
 24.04 , 2.4 , 137.3 , 27.01 , 37 ,-6.158 , 193.2 , 302 , 224 , 202 , 5764 ,-8.5 
 24.24 , 2.42 , 137.3 , 26.96 , 37 ,-6.154 , 192.8 , 301 , 224 , 204 , 5766 ,-8.5 
 24.44 , 2.44 , 137.2 , 27.01 , 37 ,-6.162 , 193.2 , 301 , 223 , 203 , 5766 ,-8.6 
 24.64 , 2.46 , 137.3 , 25.65 , 35 ,-6.171 , 193.5 , 300 , 224 , 203 , 5762 ,-8.5 
 24.85 , 2.48 , 137.2 , 24.96 , 34 ,-6.163 , 192.9 , 301 , 224 , 203 , 5765 ,-7.9 
 25.05 , 2.5 , 137.1 , 24.52 , 34 ,-6.18 , 193.1 , 301 , 224 , 203 , 5764 ,-8 
 25.25 , 2.52 , 137.3 , 23.4 , 34 ,-6.187 , 193 , 301 , 224 , 203 , 5765 ,-8.3 
 25.45 , 2.54 , 137.3 , 22.77 , 32 ,-6.199 , 192.9 , 300 , 224 , 203 , 5764 ,-8.4 
 25.65 , 2.56 , 137.2 , 22.24 , 30 ,-6.208 , 192.7 , 301 , 224 , 202 , 5764 ,-8.6 
 25.86 , 2.58 , 137.2 , 21.36 , 29 ,-6.202 , 193.3 , 301 , 224 , 203 , 5765 ,-8.3 
 26.06 , 2.6 , 137.2 , 20.31 , 28 ,-6.223 , 192.9 , 301 , 224 , 203 , 5767 ,-8.8 
 26.26 , 2.62 , 137.1 , 19.85 , 27 ,-6.229 , 192.9 , 300 , 226 , 203 , 5765 ,-8 
 26.46 , 2.64 , 137.1 , 19.41 , 27 ,-6.268 , 192.9 , 301 , 224 , 204 , 5766 ,-8.5 
 26.66 , 2.66 , 137 , 18.34 , 25 ,-6.276 , 193.2 , 300 , 226 , 205 , 5763 ,-8.5 
 26.87 , 2.68 , 137 , 17.96 , 25 ,-6.278 , 193 , 300 , 225 , 204 , 5769 ,-8.4 
 27.07 , 2.7 , 137 , 17.43 , 24 ,-6.295 , 192.9 , 300 , 226 , 205 , 5764 ,-7.9 
 27.27 , 2.72 , 136.9 , 16.82 , 23 ,-6.319 , 193 , 300 , 226 , 205 , 5765 ,-8.3 
 27.47 , 2.74 , 136.9 , 16.59 , 24 ,-6.341 , 193.7 , 300 , 227 , 205 , 5765 ,-8.4 
 27.67 , 2.76 , 136.9 , 16.23 , 23 ,-6.332 , 193 , 300 , 226 , 205 , 5762 ,-8.3 
 27.88 , 2.78 , 136.8 , 16.02 , 22 ,-6.351 , 193 , 299 , 227 , 206 , 5765 ,-7.8 
 28.08 , 2.8 , 137 , 15.83 , 22 ,-6.368 , 193 , 300 , 227 , 206 , 5763 ,-8.1 
 28.28 , 2.82 , 136.8 , 15.78 , 22 ,-6.376 , 193 , 300 , 227 , 205 , 5764 ,-8.5 
 28.48 , 2.84 , 136.8 , 15.87 , 22 ,-6.36 , 192.9 , 300 , 227 , 206 , 5764 ,-8 
 28.68 , 2.86 , 136.8 , 15.71 , 22 ,-6.376 , 193.1 , 299 , 227 , 205 , 5767 ,-8.3 
 28.89 , 2.88 , 136.8 , 15.93 , 23 ,-6.388 , 193.3 , 299 , 228 , 206 , 5767 ,-9 
 29.09 , 2.9 , 136.9 , 15.83 , 23 ,-6.374 , 193 , 300 , 227 , 206 , 5766 ,-8.3 
 29.29 , 2.92 , 136.8 , 15.84 , 23 ,-6.375 , 193.2 , 299 , 227 , 206 , 5764 ,-8.4 
 29.49 , 2.94 , 136.9 , 16.46 , 25 ,-6.371 , 192.4 , 300 , 227 , 205 , 5765 ,-8.1 
 29.69 , 2.96 , 136.7 , 17.07 , 25 ,-6.39 , 193.2 , 300 , 227 , 206 , 5764 ,-8.4 
 29.9 , 2.99 , 136.8 , 17.33 , 26 ,-6.384 , 192.8 , 300 , 227 , 205 , 5764 ,-8.6 
 30.1 , 3.01 , 136.8 , 18.47 , 26 ,-6.348 , 192.9 , 300 , 227 , 206 , 5765 ,-8 
 30.3 , 3.03 , 136.8 , 19.13 , 28 ,-6.347 , 193.4 , 300 , 228 , 206 , 5762 ,-8.1 
 30.5 , 3.05 , 137 , 19.66 , 29 ,-6.334 , 192.9 , 300 , 227 , 206 , 5766 ,-8.6 
 30.7 , 3.07 , 137 , 21 , 30 ,-6.294 , 193.1 , 300 , 227 , 206 , 5766 ,-8.3 
 30.91 , 3.09 , 137 , 21.57 , 31 ,-6.279 , 193.3 , 301 , 227 , 205 , 5764 ,-7.9 
 31.11 , 3.11 , 137.1 , 22.31 , 32 ,-6.274 , 192.9 , 301 , 226 , 205 , 5766 ,-8.5 
 31.31 , 3.13 , 137.1 , 22.79 , 34 ,-6.25 , 193.3 , 300 , 226 , 205 , 5766 ,-8.3 
 31.51 , 3.15 , 137.1 , 24.11 , 34 ,-6.213 , 193.3 , 300 , 226 , 204 , 5765 ,-8.4 
 31.71 , 3.17 , 137.1 , 24.6 , 35 ,-6.213 , 193.1 , 300 , 225 , 205 , 5764 ,-8.4 
 31.92 , 3.19 , 137.2 , 25.25 , 37 ,-6.192 , 193.2 , 301 , 225 , 204 , 5768 ,-8.4 
 32.12 , 3.21 , 137.2 , 26.04 , 37 ,-6.182 , 193 , 301 , 225 , 204 , 5761 ,-8.5 
 32.32 , 3.23 , 137.3 , 26.3 , 38 ,-6.158 , 193 , 301 , 225 , 204 , 5766 ,-7.8 
 32.52 , 3.25 , 137.2 , 26.87 , 38 ,-6.162 , 193 , 301 , 225 , 203 , 5767 ,-8.3 
 32.72 , 3.27 , 137.3 , 26.86 , 38 ,-6.152 , 193.1 , 301 , 224 , 203 , 5767 ,-8.5 
 32.93 , 3.29 , 137.3 , 27.21 , 39 ,-6.135 , 192.9 , 301 , 225 , 203 , 5760 ,-8.5 
 33.13 , 3.31 , 137.3 , 27.29 , 39 ,-6.147 , 192.8 , 301 , 224 , 203 , 5761 ,-7.8 
 33.33 , 3.33 , 137.3 , 27.17 , 38 ,-6.143 , 193.4 , 301 , 225 , 203 , 5765 ,-8.1 
 33.53 , 3.35 , 137.3 , 27.28 , 39 ,-6.128 , 192.9 , 301 , 225 , 203 , 5764 ,-8.4 
 33.73 , 3.37 , 137.3 , 27.14 , 38 ,-6.128 , 192.9 , 301 , 224 , 204 , 5766 ,-8.1 
 33.94 , 3.39 , 137.3 , 27.26 , 38 ,-6.135 , 193.4 , 301 , 224 , 203 , 5770 ,-8.5 
 34.14 , 3.41 , 137.3 , 27.17 , 38 ,-6.13 , 192.7 , 301 , 224 , 203 , 5765 ,-8.8 
 34.34 , 3.43 , 137.3 , 26.88 , 37 ,-6.117 , 193 , 301 , 223 , 203 , 5763 ,-8 
 34.54 , 3.45 , 137.2 , 26.19 , 36 ,-6.147 , 193 , 300 , 224 , 203 , 5764 ,-8.1 
 34.74 , 3.47 , 137.2 , 25.48 , 34 ,-6.139 , 193 , 301 , 225 , 203 , 5764 ,-8 
 34.95 , 3.49 , 137.2 , 24.51 , 34 ,-6.146 , 192.5 , 300 , 224 , 204 , 5768 ,-8.4 
 35.15 , 3.51 , 137.3 , 23.93 , 33 ,-6.142 , 193 , 300 , 225 , 202 , 5764 ,-8 
 35.35 , 3.53 , 137.2 , 23.42 , 33 ,-6.172 , 192.8 , 300 , 224 , 203 , 5765 ,-8.4 
 35.55 , 3.55 , 137.2 , 22.16 , 31 ,-6.188 , 193 , 301 , 225 , 203 , 5766 ,-7.9 
 35.75 , 3.57 , 137.2 , 21.51 , 30 ,-6.191 , 193.5 , 300 , 225 , 203 , 5763 ,-8.4 
 35.96 , 3.59 , 137.1 , 20.85 , 29 ,-6.195 , 193 , 300 , 225 , 203 , 5764 ,-8 
 36.16 , 3.61 , 137.2 , 20.25 , 28 ,-6.205 , 193 , 300 , 225 , 204 , 5765 ,-8.4 
 36.36 , 3.63 , 137 , 19.16 , 27 ,-6.233 , 192.9 , 300 , 225 , 204 , 5764 ,-8.4 
 36.56 , 3.65 , 137 , 18.52 , 26 ,-6.251 , 193 , 300 , 226 , 204 , 5764 ,-8.1 
 36.76 , 3.67 , 137.1 , 18.39 , 25 ,-6.308 , 193 , 300 , 225 , 204 , 5765 ,-8.1 
 36.97 , 3.69 , 136.9 , 17.32 , 26 ,-6.304 , 192.4 , 300 , 226 , 204 , 5763 ,-8.4 
 37.17 , 3.71 , 136.9 , 17.06 , 24 ,-6.312 , 193.2 , 299 , 227 , 204 , 5767 ,-8.1 
 37.37 , 3.73 , 136.9 , 16.88 , 23 ,-6.318 , 193 , 300 , 226 , 205 , 5766 ,-8.4 
 37.57 , 3.75 , 136.9 , 16.35 , 22 ,-6.335 , 193 , 300 , 226 , 205 , 5766 ,-8.4 
 37.77 , 3.77 , 136.8 , 16.06 , 22 ,-6.356 , 193.2 , 300 , 228 , 206 , 5765 ,-8.5 
 37.98 , 3.79 , 136.9 , 15.78 , 22 ,-6.366 , 193.6 , 300 , 228 , 205 , 5766 ,-8.9 
 38.18 , 3.81 , 136.8 , 15.75 , 22 ,-6.365 , 193.1 , 300 , 227 , 206 , 5770 ,-7.8 
 38.38 , 3.83 , 136.8 , 15.87 , 22 ,-6.367 , 192.8 , 300 , 227 , 205 , 5766 ,-8.1 
 38.58 , 3.85 , 136.8 , 15.69 , 22 ,-6.364 , 193.2 , 300 , 227 , 206 , 5762 ,-8.4 
 38.78 , 3.87 , 136.8 , 15.74 , 23 ,-6.378 , 193.1 , 300 , 227 , 206 , 5764 ,-8.3 
 38.99 , 3.89 , 136.9 , 15.87 , 22 ,-6.354 , 193.2 , 299 , 228 , 206 , 5765 ,-8.1 
 39.19 , 3.91 , 136.9 , 15.81 , 22 ,-6.362 , 192.6 , 300 , 227 , 206 , 5769 ,-8.1 
 39.39 , 3.93 , 136.8 , 16.02 , 23 ,-6.378 , 193.1 , 300 , 227 , 205 , 5767 ,-7.9 
 39.59 , 3.95 , 136.9 , 16.55 , 24 ,-6.378 , 193 , 300 , 227 , 206 , 5767 ,-8.3 
 39.79 , 3.98 , 136.8 , 17.3 , 25 ,-6.368 , 193 , 299 , 228 , 206 , 5766 ,-7.9 
 40 , 4 , 136.8 , 17.8 , 26 ,-6.329 , 193.3 , 300 , 227 , 206 , 5765 ,-7.8 
 40.2 , 4.02 , 136.8 , 18.52 , 26 ,-6.341 , 193.3 , 300 , 227 , 206 , 5763 ,-7.6 
 40.4 , 4.04 , 137 , 19.68 , 28 ,-6.328 , 193.6 , 300 , 228 , 206 , 5764 ,-7.9 
 40.6 , 4.06 , 137 , 20.29 , 29 ,-6.303 , 193.1 , 300 , 227 , 206 , 5767 ,-8.3 
 40.8 , 4.08 , 137 , 20.85 , 30 ,-6.308 , 193 , 300 , 227 , 205 , 5766 ,-8.1 
 41.01 , 4.1 , 137 , 21.52 , 32 ,-6.269 , 193 , 300 , 227 , 206 , 5763 ,-8.1 
 41.21 , 4.12 , 137 , 22.99 , 33 ,-6.26 , 193.2 , 300 , 226 , 205 , 5762 ,-8.4 
 41.41 , 4.14 , 137.1 , 23.55 , 34 ,-6.237 , 193 , 301 , 226 , 205 , 5765 ,-8.5 
 41.61 , 4.16 , 137.1 , 24.13 , 35 ,-6.2 , 193.4 , 301 , 226 , 205 , 5763 ,-8.8 
 41.81 , 4.18 , 137.2 , 25.16 , 36 ,-6.188 , 192.9 , 300 , 225 , 204 , 5762 ,-8.3 
 42.02 , 4.2 , 137.2 , 25.51 , 36 ,-6.169 , 193.1 , 301 , 225 , 205 , 5764 ,-8.4 
 42.22 , 4.22 , 137.2 , 26.13 , 38 ,-6.169 , 193.1 , 301 , 225 , 204 , 5763 ,-8.1 
 42.42 , 4.24 , 137.3 , 26.4 , 38 ,-6.154 , 192.8 , 301 , 225 , 204 , 5767 ,-8.3 
 42.62 , 4.26 , 137.3 , 26.8 , 38 ,-6.176 , 193 , 301 , 224 , 204 , 5764 ,-8.1 
 42.82 , 4.28 , 137.3 , 27.09 , 38 ,-6.167 , 193.3 , 301 , 225 , 203 , 5764 ,-8.3 
 43.03 , 4.3 , 137.3 , 27.26 , 38 ,-6.122 , 193.1 , 301 , 225 , 204 , 5764 ,-8.1 
 43.23 , 4.32 , 137.3 , 27.18 , 40 ,-6.18 , 193.4 , 301 , 225 , 204 , 5764 ,-8.6 
 43.43 , 4.34 , 137.3 , 27.31 , 39 ,-6.16 , 193.2 , 301 , 225 , 203 , 5765 ,-7.9 
 43.63 , 4.36 , 137.3 , 27.38 , 39 ,-6.14 , 192.7 , 301 , 225 , 203 , 5765 ,-8.3 
 43.83 , 4.38 , 137.2 , 27.26 , 38 ,-6.121 , 193.5 , 301 , 225 , 204 , 5765 ,-8 
 44.04 , 4.4 , 137.3 , 27.11 , 38 ,-6.132 , 193 , 301 , 225 , 203 , 5763 ,-8.3 
 44.24 , 4.42 , 137.3 , 27.02 , 38 ,-6.104 , 193.3 , 301 , 224 , 204 , 5763 ,-8.1 
 44.44 , 4.44 , 137.4 , 26.85 , 37 ,-6.117 , 192.6 , 301 , 224 , 203 , 5762 ,-8.1 
 44.64 , 4.46 , 137.3 , 25.63 , 35 ,-6.123 , 193 , 301 , 225 , 203 , 5764 ,-8.4 
 44.84 , 4.48 , 137.3 , 25.2 , 35 ,-6.118 , 192.8 , 301 , 224 , 203 , 5764 ,-8.5 
 45.05 , 4.5 , 137.2 , 24.81 , 34 ,-6.142 , 193.1 , 301 , 225 , 203 , 5764 ,-8.1 
 45.25 , 4.52 , 137.3 , 23.45 , 33 ,-6.155 , 193.4 , 300 , 225 , 203 , 5764 ,-7.9 
 45.45 , 4.54 , 137.3 , 22.9 , 30 ,-6.161 , 193.3 , 301 , 225 , 203 , 5766 ,-8.6 
 45.65 , 4.56 , 137.2 , 21.95 , 30 ,-6.17 , 192.9 , 301 , 225 , 203 , 5764 ,-8.5 
 45.85 , 4.58 , 137.2 , 21.36 , 30 ,-6.21 , 193.2 , 300 , 225 , 203 , 5765 ,-8.4 
 46.06 , 4.6 , 137.2 , 20.26 , 28 ,-6.22 , 192.9 , 301 , 225 , 203 , 5765 ,-8.5 
 46.26 , 4.62 , 137.2 , 19.79 , 27 ,-6.215 , 193.1 , 300 , 226 , 203 , 5762 ,-8.1 
 46.46 , 4.64 , 137.2 , 19.17 , 26 ,-6.239 , 193.3 , 300 , 225 , 204 , 5763 ,-8.3 
 46.66 , 4.66 , 137 , 18.2 , 25 ,-6.245 , 193 , 300 , 226 , 204 , 5765 ,-8.1 
 46.86 , 4.68 , 137.1 , 17.75 , 24 ,-6.264 , 193 , 300 , 227 , 205 , 5767 ,-7.9 
 47.07 , 4.7 , 137.1 , 17.72 , 24 ,-6.282 , 193.1 , 299 , 226 , 205 , 5762 ,-7.5 
 47.27 , 4.72 , 136.9 , 16.76 , 23 ,-6.365 , 193 , 299 , 227 , 205 , 5764 ,-8.8 
 47.47 , 4.74 , 137.1 , 16.53 , 22 ,-6.343 , 193.5 , 300 , 227 , 205 , 5761 ,-8.6 
 47.67 , 4.76 , 137 , 16.28 , 23 ,-6.335 , 193 , 299 , 227 , 205 , 5765 ,-8.5 
 47.87 , 4.78 , 136.9 , 16.09 , 23 ,-6.351 , 192.6 , 299 , 228 , 206 , 5768 ,-7.9 
 48.08 , 4.8 , 136.9 , 15.75 , 22 ,-6.347 , 193.2 , 299 , 228 , 206 , 5766 ,-8.4 
 48.28 , 4.82 , 136.8 , 15.76 , 22 ,-6.344 , 192.7 , 299 , 228 , 206 , 5766 ,-7.4 
 48.48 , 4.84 , 136.9 , 15.69 , 22 ,-6.346 , 193.1 , 300 , 228 , 206 , 5765 ,-8.1 
 48.68 , 4.86 , 136.8 , 15.87 , 23 ,-6.339 , 193.3 , 299 , 227 , 206 , 5762 ,-8.3 
 48.88 , 4.88 , 136.9 , 15.74 , 22 ,-6.329 , 193 , 299 , 227 , 207 , 5763 ,-8.1 
 49.09 , 4.9 , 136.9 , 15.72 , 23 ,-6.352 , 193.2 , 300 , 228 , 206 , 5768 ,-8.5 
 49.29 , 4.92 , 136.9 , 15.82 , 23 ,-6.362 , 193.5 , 299 , 228 , 206 , 5769 ,-8.4 
 49.49 , 4.94 , 136.9 , 16.57 , 24 ,-6.364 , 193.2 , 300 , 228 , 207 , 5767 ,-8.4 
 49.69 , 4.97 , 137 , 17.03 , 25 ,-6.346 , 193.1 , 300 , 228 , 206 , 5766 ,-8.1 
 49.89 , 4.99 , 136.9 , 17.47 , 26 ,-6.354 , 193 , 300 , 228 , 206 , 5765 ,-8.3 
 50.1 , 5.01 , 136.9 , 18.35 , 27 ,-6.32 , 192.8 , 300 , 228 , 206 , 5764 ,-8.6 
 50.3 , 5.03 , 136.9 , 19.01 , 28 ,-6.31 , 193.3 , 300 , 228 , 207 , 5766 ,-8.3 
 50.5 , 5.05 , 137 , 19.5 , 29 ,-6.295 , 193.1 , 300 , 228 , 206 , 5764 ,-8.5 
 50.7 , 5.07 , 136.9 , 20.95 , 30 ,-6.281 , 192.6 , 300 , 227 , 206 , 5764 ,-8.6 
 50.9 , 5.09 , 137.1 , 21.52 , 31 ,-6.252 , 193.2 , 301 , 228 , 206 , 5762 ,-8.3 
 51.11 , 5.11 , 137.1 , 22.24 , 32 ,-6.233 , 193.1 , 300 , 227 , 206 , 5764 ,-8.1 
 51.31 , 5.13 , 137.1 , 22.8 , 34 ,-6.206 , 193 , 300 , 227 , 206 , 5762 ,-8.4 
 51.51 , 5.15 , 137.1 , 24.16 , 35 ,-6.174 , 193.1 , 300 , 227 , 204 , 5766 ,-8.3 
 51.71 , 5.17 , 137.2 , 24.67 , 35 ,-6.173 , 193 , 301 , 226 , 205 , 5764 ,-8.4 
 51.91 , 5.19 , 137.2 , 25.14 , 36 ,-6.179 , 193.3 , 301 , 226 , 204 , 5766 ,-8.1 
 52.12 , 5.21 , 137.2 , 26.07 , 37 ,-6.143 , 193.1 , 301 , 225 , 204 , 5762 ,-8.4 
 52.32 , 5.23 , 137.3 , 26.38 , 38 ,-6.118 , 193.5 , 301 , 225 , 204 , 5764 ,-7.9 
 52.52 , 5.25 , 137.3 , 26.66 , 38 ,-6.138 , 193 , 301 , 225 , 204 , 5768 ,-8.3 
 52.72 , 5.27 , 137.3 , 26.96 , 38 ,-6.127 , 193.3 , 301 , 225 , 203 , 5764 ,-8 
 52.92 , 5.29 , 137.3 , 27.14 , 38 ,-6.124 , 193.1 , 301 , 225 , 203 , 5763 ,-8.4 
 53.13 , 5.31 , 137.3 , 27.29 , 38 ,-6.158 , 193 , 300 , 225 , 204 , 5761 ,-8.4 
 53.33 , 5.33 , 137.4 , 27.36 , 39 ,-6.125 , 193.2 , 301 , 224 , 204 , 5763 ,-8.5 
 53.53 , 5.35 , 137.3 , 27.34 , 38 ,-6.112 , 192.9 , 301 , 225 , 203 , 5767 ,-8.6 
 53.73 , 5.37 , 137.3 , 27.29 , 39 ,-6.102 , 193 , 301 , 225 , 203 , 5765 ,-8.5 
 53.93 , 5.39 , 137.4 , 27.34 , 39 ,-6.094 , 193 , 301 , 225 , 203 , 5764 ,-8.6 
 54.14 , 5.41 , 137.3 , 27.04 , 37 ,-6.096 , 192.7 , 301 , 225 , 203 , 5765 ,-8 
 54.34 , 5.43 , 137.3 , 26.75 , 37 ,-6.141 , 193.3 , 301 , 225 , 203 , 5763 ,-8.3 
 54.54 , 5.45 , 137.4 , 26.13 , 36 ,-6.105 , 193.2 , 301 , 224 , 204 , 5768 ,-8.1 
 54.74 , 5.47 , 137.3 , 25.49 , 36 ,-6.107 , 193.5 , 301 , 225 , 203 , 5765 ,-9 
 54.94 , 5.49 , 137.3 , 24.63 , 35 ,-6.115 , 193.1 , 300 , 225 , 203 , 5768 ,-8.5 
 55.15 , 5.51 , 137.3 , 23.99 , 33 ,-6.119 , 193.1 , 300 , 225 , 203 , 5764 ,-8.4 
 55.35 , 5.53 , 137.3 , 23.52 , 32 ,-6.128 , 192.9 , 300 , 225 , 203 , 5767 ,-8.4 
 55.55 , 5.55 , 137.3 , 22.23 , 31 ,-6.16 , 193.6 , 301 , 224 , 203 , 5767 ,-8.4 
 55.75 , 5.57 , 137.2 , 21.41 , 29 ,-6.171 , 193.4 , 301 , 225 , 204 , 5766 ,-8.5 
 55.95 , 5.59 , 137.1 , 21.06 , 28 ,-6.191 , 193 , 300 , 225 , 203 , 5766 ,-8.3 
 56.16 , 5.61 , 137.2 , 20.35 , 27 ,-6.227 , 193.3 , 301 , 225 , 204 , 5763 ,-7.8 
 56.36 , 5.63 , 137.1 , 19.38 , 26 ,-6.246 , 193 , 300 , 225 , 204 , 5765 ,-8.4 
 56.56 , 5.65 , 137.1 , 18.88 , 25 ,-6.237 , 193.1 , 301 , 226 , 205 , 5765 ,-8.4 
 56.76 , 5.67 , 137.1 , 18.26 , 25 ,-6.252 , 193.1 , 300 , 226 , 205 , 5765 ,-7.8 
 56.96 , 5.69 , 137.1 , 17.53 , 25 ,-6.278 , 193.3 , 301 , 227 , 205 , 5762 ,-8.3 
 57.17 , 5.71 , 137 , 17.01 , 23 ,-6.28 , 193.1 , 300 , 227 , 206 , 5766 ,-8.4 
 57.37 , 5.73 , 137 , 16.61 , 23 ,-6.29 , 193.1 , 298 , 228 , 205 , 5763 ,-8.3 
 57.57 , 5.75 , 137.1 , 16.48 , 23 ,-6.304 , 193.2 , 299 , 227 , 207 , 5764 ,-8 
 57.77 , 5.77 , 136.9 , 16.1 , 22 ,-6.333 , 193.1 , 300 , 227 , 206 , 5765 ,-8.6 
 57.97 , 5.79 , 136.8 , 15.93 , 23 ,-6.333 , 193.2 , 299 , 228 , 206 , 5764 ,-8.5 
 58.18 , 5.81 , 136.9 , 15.71 , 22 ,-6.343 , 193 , 300 , 227 , 206 , 5766 ,-8.4 
 58.38 , 5.83 , 136.9 , 15.74 , 22 ,-6.37 , 193 , 300 , 228 , 206 , 5763 ,-8.5 
 58.58 , 5.85 , 137 , 15.73 , 22 ,-6.403 , 193.1 , 299 , 228 , 206 , 5766 ,-7.9 
 58.78 , 5.87 , 136.8 , 15.78 , 22 ,-6.402 , 193 , 299 , 228 , 206 , 5761 ,-7.9 
 58.98 , 5.89 , 136.9 , 15.66 , 22 ,-6.396 , 192.9 , 300 , 228 , 207 , 5763 ,-8.6 
 59.19 , 5.91 , 136.9 , 15.91 , 23 ,-6.385 , 193 , 300 , 228 , 206 , 5764 ,-8.6 
 59.39 , 5.93 , 136.8 , 16.1 , 23 ,-6.373 , 193.6 , 300 , 228 , 206 , 5766 ,-8.4 
 59.59 , 5.96 , 137 , 16.63 , 24 ,-6.384 , 193 , 300 , 228 , 206 , 5764 ,-8.5 
 59.79 , 5.98 , 136.9 , 17.22 , 26 ,-6.402 , 193.3 , 299 , 228 , 207 , 5767 ,-7.6 
 59.99 , 6 , 136.9 , 18.05 , 26 ,-6.381 , 193.1 , 299 , 228 , 207 , 5766 ,-8.1 
 60.2 , 6.02 , 136.8 , 18.71 , 27 ,-6.36 , 193.1 , 299 , 229 , 207 , 5764 ,-8.3 
 60.4 , 6.04 , 136.9 , 19.71 , 29 ,-6.325 , 193.2 , 300 , 228 , 207 , 5763 ,-8.4 
 60.6 , 6.06 , 137 , 20.31 , 29 ,-6.309 , 193 , 300 , 228 , 206 , 5764 ,-8 
 60.8 , 6.08 , 137 , 20.88 , 31 ,-6.301 , 193 , 300 , 228 , 206 , 5765 ,-8.6 
 61 , 6.1 , 137 , 21.64 , 32 ,-6.274 , 193 , 300 , 227 , 205 , 5763 ,-8.3 
 61.21 , 6.12 , 137.1 , 22.87 , 33 ,-6.249 , 193 , 301 , 227 , 206 , 5765 ,-7.8 
 61.41 , 6.14 , 137.2 , 23.43 , 33 ,-6.225 , 192.8 , 301 , 226 , 206 , 5765 ,-8.6 
 61.61 , 6.16 , 137.2 , 23.93 , 35 ,-6.205 , 193.1 , 300 , 227 , 205 , 5763 ,-8.4 
 61.81 , 6.18 , 137.3 , 25.09 , 35 ,-6.186 , 193.1 , 300 , 226 , 204 , 5767 ,-8.3 
 62.01 , 6.2 , 137.2 , 25.63 , 37 ,-6.181 , 193.3 , 301 , 226 , 204 , 5768 ,-8.3 
 62.22 , 6.22 , 137.2 , 25.96 , 37 ,-6.177 , 193.5 , 300 , 226 , 205 , 5766 ,-8.3 
 62.42 , 6.24 , 137.3 , 26.74 , 38 ,-6.14 , 193.6 , 301 , 225 , 204 , 5765 ,-8.3 
 62.62 , 6.26 , 137.2 , 26.83 , 38 ,-6.128 , 193.2 , 301 , 224 , 204 , 5764 ,-8.3 
 62.82 , 6.28 , 137.2 , 27.05 , 39 ,-6.14 , 193 , 301 , 225 , 203 , 5764 ,-7.9 
 63.02 , 6.3 , 137.3 , 27.09 , 39 ,-6.114 , 193.1 , 301 , 225 , 204 , 5763 ,-8.4 
 63.23 , 6.32 , 137.4 , 27.4 , 37 ,-6.14 , 192.4 , 301 , 225 , 204 , 5764 ,-8.5 
 63.43 , 6.34 , 137.3 , 27.3 , 38 ,-6.13 , 193.1 , 301 , 225 , 203 , 5764 ,-8.1 
 63.63 , 6.36 , 137.4 , 27.18 , 39 ,-6.118 , 193.2 , 301 , 225 , 203 , 5766 ,-8.9 
 63.83 , 6.38 , 137.3 , 27.12 , 38 ,-6.107 , 193 , 301 , 225 , 203 , 5762 ,-8.1 
 64.03 , 6.4 , 137.4 , 27.19 , 38 ,-6.118 , 193.2 , 301 , 224 , 203 , 5764 ,-8.3 
 64.24 , 6.42 , 137.3 , 27.03 , 38 ,-6.112 , 192.6 , 301 , 225 , 204 , 5766 ,-8.4 
 64.44 , 6.44 , 137.3 , 26.82 , 36 ,-6.117 , 192.9 , 301 , 224 , 203 , 5761 ,-8.5 
 64.64 , 6.46 , 137.3 , 25.62 , 36 ,-6.125 , 193.6 , 300 , 225 , 204 , 5763 ,-8.1 
 64.84 , 6.48 , 137.4 , 25.08 , 35 ,-6.119 , 193.1 , 301 , 225 , 204 , 5763 ,-8.6 
 65.04 , 6.5 , 137.3 , 24.53 , 34 ,-6.154 , 192.9 , 300 , 225 , 204 , 5766 ,-8.3 
 65.25 , 6.52 , 137.4 , 23.49 , 34 ,-6.138 , 193.2 , 301 , 225 , 204 , 5764 ,-8.4 
 65.45 , 6.54 , 137.3 , 22.73 , 31 ,-6.156 , 193 , 301 , 225 , 203 , 5763 ,-8.3 
 65.65 , 6.56 , 137.2 , 22.09 , 31 ,-6.168 , 192.9 , 300 , 225 , 203 , 5766 ,-8.3 
 65.85 , 6.58 , 137.3 , 21.91 , 29 ,-6.186 , 193 , 300 , 225 , 204 , 5762 ,-8.1 
 66.05 , 6.6 , 137.2 , 20.53 , 27 ,-6.201 , 193.2 , 300 , 225 , 204 , 5762 ,-8.5 
 66.26 , 6.62 , 137.2 , 19.8 , 27 ,-6.213 , 193.2 , 300 , 226 , 204 , 5764 ,-8.1 
 66.46 , 6.64 , 137.1 , 19.09 , 26 ,-6.235 , 193.1 , 300 , 227 , 204 , 5763 ,-8 
 66.66 , 6.66 , 137.1 , 18.18 , 25 ,-6.259 , 193.3 , 300 , 227 , 205 , 5766 ,-8.4 
 66.86 , 6.68 , 137.1 , 17.71 , 25 ,-6.285 , 192.8 , 300 , 226 , 205 , 5766 ,-8.3 
 67.06 , 6.7 , 137 , 17.73 , 24 ,-6.29 , 193 , 299 , 227 , 205 , 5765 ,-8.6 
 67.27 , 6.72 , 137.1 , 16.68 , 24 ,-6.315 , 193.6 , 299 , 228 , 205 , 5766 ,-8.3 
 67.47 , 6.74 , 137.1 , 16.48 , 23 ,-6.307 , 193.1 , 299 , 227 , 206 , 5764 ,-8 
 67.67 , 6.76 , 137 , 16.32 , 23 ,-6.31 , 193.1 , 300 , 228 , 206 , 5765 ,-8.4 
 67.87 , 6.78 , 136.9 , 16 , 22 ,-6.329 , 193.5 , 299 , 228 , 206 , 5765 ,-8.1 
 68.07 , 6.8 , 136.9 , 15.86 , 22 ,-6.339 , 193.1 , 299 , 228 , 206 , 5764 ,-8.5 
 68.28 , 6.82 , 136.9 , 15.56 , 22 ,-6.333 , 193.4 , 299 , 228 , 207 , 5767 ,-8.3 
 68.48 , 6.84 , 136.9 , 15.64 , 22 ,-6.344 , 193.1 , 299 , 228 , 206 , 5766 ,-8.5 
 68.68 , 6.86 , 136.9 , 15.65 , 23 ,-6.335 , 193 , 299 , 228 , 206 , 5765 ,-8.1 
 68.88 , 6.88 , 136.8 , 15.8 , 22 ,-6.369 , 193.2 , 300 , 228 , 207 , 5765 ,-8.1 
 69.08 , 6.9 , 136.8 , 15.71 , 24 ,-6.348 , 193.4 , 300 , 227 , 206 , 5766 ,-8.4 
 69.29 , 6.92 , 136.9 , 15.79 , 23 ,-6.345 , 193.1 , 300 , 228 , 206 , 5764 ,-7.6 
 69.49 , 6.95 , 136.9 , 16.46 , 24 ,-6.338 , 193.1 , 299 , 228 , 207 , 5762 ,-8.3 
 69.69 , 6.97 , 136.9 , 17.08 , 24 ,-6.348 , 193.2 , 300 , 227 , 207 , 5766 ,-8.5 
 69.89 , 6.99 , 137 , 17.44 , 26 ,-6.34 , 193.5 , 300 , 228 , 206 , 5763 ,-8.5 
 70.09 , 7.01 , 136.9 , 18.35 , 27 ,-6.325 , 193.6 , 300 , 228 , 207 , 5764 ,-8.3 
 70.3 , 7.03 , 136.9 , 18.99 , 27 ,-6.314 , 193 , 300 , 228 , 207 , 5765 ,-8.6 
 70.5 , 7.05 , 136.9 , 19.61 , 29 ,-6.29 , 193.3 , 300 , 228 , 207 , 5766 ,-7.9 
 70.7 , 7.07 , 137.1 , 21 , 30 ,-6.255 , 193 , 300 , 228 , 207 , 5767 ,-8.1 
 70.9 , 7.09 , 137.1 , 21.65 , 31 ,-6.248 , 193.2 , 300 , 228 , 207 , 5765 ,-8 
 71.1 , 7.11 , 137.1 , 22.16 , 31 ,-6.245 , 193.4 , 300 , 227 , 206 , 5767 ,-8 
 71.31 , 7.13 , 137.1 , 22.8 , 34 ,-6.22 , 193.1 , 300 , 228 , 206 , 5766 ,-8.1 
 71.51 , 7.15 , 137.3 , 24.08 , 35 ,-6.177 , 193.3 , 301 , 227 , 205 , 5763 ,-8.3 
 71.71 , 7.17 , 137.3 , 24.6 , 36 ,-6.166 , 193.2 , 301 , 226 , 205 , 5763 ,-8.5 
 71.91 , 7.19 , 137.3 , 25.21 , 37 ,-6.142 , 193 , 300 , 226 , 204 , 5764 ,-7.9 
 72.11 , 7.21 , 137.3 , 25.9 , 37 ,-6.113 , 193.2 , 301 , 226 , 205 , 5765 ,-8.4 
 72.32 , 7.23 , 137.3 , 26.4 , 37 ,-6.122 , 193 , 300 , 226 , 204 , 5765 ,-7.9 
 72.52 , 7.25 , 137.3 , 26.64 , 38 ,-6.122 , 193.7 , 301 , 226 , 204 , 5766 ,-8.6 
 72.72 , 7.27 , 137.4 , 26.8 , 38 ,-6.108 , 193.2 , 301 , 225 , 204 , 5765 ,-8.1 
 72.92 , 7.29 , 137.4 , 27.14 , 38 ,-6.135 , 193 , 300 , 226 , 204 , 5764 ,-7.9 
 73.12 , 7.31 , 137.3 , 27.25 , 38 ,-6.11 , 193.8 , 301 , 225 , 204 , 5767 ,-8.5 
 73.33 , 7.33 , 137.3 , 27.34 , 38 ,-6.099 , 193.5 , 301 , 225 , 204 , 5764 ,-8.8 
 73.53 , 7.35 , 137.3 , 27.23 , 38 ,-6.096 , 192.9 , 300 , 226 , 204 , 5765 ,-8.4 
 73.73 , 7.37 , 137.3 , 27.32 , 39 ,-6.1 , 193.1 , 301 , 225 , 204 , 5767 ,-8.4 
 73.93 , 7.39 , 137.4 , 27.06 , 38 ,-6.082 , 193.5 , 301 , 225 , 203 , 5767 ,-7.8 
 74.13 , 7.41 , 137.3 , 26.98 , 38 ,-6.093 , 193.3 , 301 , 225 , 203 , 5764 ,-8.5 
 74.34 , 7.43 , 137.4 , 26.69 , 37 ,-6.08 , 193.3 , 301 , 225 , 203 , 5768 ,-8.9 
 74.54 , 7.45 , 137.4 , 26.07 , 36 ,-6.088 , 193.1 , 301 , 225 , 204 , 5767 ,-8.5 
 74.74 , 7.47 , 137.3 , 25.51 , 35 ,-6.09 , 193 , 300 , 225 , 203 , 5768 ,-8.4 
 74.94 , 7.49 , 137.4 , 24.75 , 35 ,-6.113 , 193.2 , 300 , 226 , 204 , 5762 ,-8 
 75.14 , 7.51 , 137.4 , 24.02 , 33 ,-6.111 , 193.2 , 301 , 225 , 204 , 5764 ,-8.4 
 75.35 , 7.53 , 137.3 , 23.27 , 32 ,-6.118 , 193 , 300 , 224 , 204 , 5761 ,-8.3 
 75.55 , 7.55 , 137.2 , 22.04 , 31 ,-6.183 , 193.1 , 301 , 225 , 204 , 5766 ,-8.4 
 75.75 , 7.57 , 137.3 , 21.57 , 30 ,-6.184 , 193 , 301 , 226 , 203 , 5764 ,-8.9 
 75.95 , 7.59 , 137.2 , 20.88 , 29 ,-6.16 , 193.2 , 300 , 225 , 204 , 5770 ,-8.8 
 76.15 , 7.61 , 137.3 , 20.18 , 28 ,-6.18 , 193.6 , 300 , 226 , 204 , 5765 ,-7.8 
 76.36 , 7.63 , 137.2 , 19.29 , 27 ,-6.203 , 192.9 , 300 , 226 , 204 , 5766 ,-8.6 
 76.56 , 7.65 , 137.1 , 18.57 , 25 ,-6.199 , 193.3 , 300 , 227 , 205 , 5764 ,-8.5 
 76.76 , 7.67 , 137.1 , 18.27 , 25 ,-6.217 , 193.3 , 300 , 227 , 205 , 5764 ,-8.5 
 76.96 , 7.69 , 137.1 , 17.54 , 24 ,-6.264 , 193 , 300 , 227 , 206 , 5764 ,-8.3 
 77.16 , 7.71 , 137.1 , 17.16 , 24 ,-6.266 , 193.3 , 299 , 228 , 205 , 5764 ,-8.5 
 77.37 , 7.73 , 137 , 16.62 , 23 ,-6.261 , 193.2 , 299 , 228 , 206 , 5766 ,-7.9 
 77.57 , 7.75 , 136.9 , 16.24 , 23 ,-6.294 , 192.9 , 299 , 228 , 206 , 5764 ,-8.3 
 77.77 , 7.77 , 137 , 16.19 , 22 ,-6.307 , 193.5 , 299 , 228 , 207 , 5767 ,-8.4 
 77.97 , 7.79 , 136.8 , 15.69 , 23 ,-6.309 , 193.4 , 299 , 228 , 206 , 5764 ,-8.6 
 78.17 , 7.81 , 136.9 , 15.85 , 23 ,-6.297 , 192.9 , 300 , 228 , 206 , 5761 ,-8.3 
 78.38 , 7.83 , 136.9 , 15.89 , 23 ,-6.325 , 193.4 , 299 , 228 , 207 , 5763 ,-8.4 
 78.58 , 7.85 , 137 , 15.76 , 23 ,-6.315 , 193.2 , 299 , 228 , 207 , 5764 ,-8.1 
 78.78 , 7.87 , 137 , 15.78 , 23 ,-6.312 , 192.7 , 300 , 227 , 207 , 5765 ,-7.8 
 78.98 , 7.89 , 137 , 15.87 , 22 ,-6.325 , 193.1 , 300 , 227 , 206 , 5767 ,-8.4 
 79.18 , 7.91 , 137 , 15.84 , 22 ,-6.323 , 193.2 , 300 , 229 , 207 , 5765 ,-7.9 
 79.39 , 7.94 , 136.9 , 16.02 , 23 ,-6.316 , 193.1 , 300 , 228 , 206 , 5765 ,-8.4 
 79.59 , 7.96 , 137 , 16.31 , 23 ,-6.323 , 193.4 , 299 , 228 , 207 , 5763 ,-8.3 
 79.79 , 7.98 , 136.9 , 17.45 , 26 ,-6.336 , 193 , 299 , 228 , 207 , 5765 ,-8.4 
 79.99 , 8 , 137 , 17.81 , 26 ,-6.304 , 193 , 300 , 228 , 207 , 5766 ,-8.8 
 80.19 , 8.02 , 137 , 18.33 , 27 ,-6.328 , 193.1 , 300 , 228 , 207 , 5762 ,-8.3 
 80.4 , 8.04 , 137 , 19.5 , 28 ,-6.285 , 193 , 300 , 229 , 207 , 5762 ,-7.9 
 80.6 , 8.06 , 137 , 20.19 , 29 ,-6.273 , 193.1 , 300 , 228 , 206 , 5765 ,-8.4 
 80.8 , 8.08 , 137 , 20.83 , 30 ,-6.252 , 193.4 , 300 , 228 , 206 , 5767 ,-8.1 
 81 , 8.1 , 137.1 , 22.29 , 32 ,-6.23 , 193.2 , 300 , 228 , 206 , 5765 ,-8 
 81.2 , 8.12 , 137.1 , 22.84 , 33 ,-6.213 , 193.3 , 301 , 228 , 205 , 5763 ,-8.4 
 81.41 , 8.14 , 137.2 , 23.48 , 34 ,-6.18 , 193.6 , 301 , 227 , 206 , 5765 ,-8.8 
 81.61 , 8.16 , 137.3 , 24.07 , 34 ,-6.17 , 193.2 , 300 , 227 , 205 , 5762 ,-8 
 81.81 , 8.18 , 137.3 , 25.14 , 37 ,-6.142 , 193.5 , 301 , 227 , 205 , 5764 ,-8.5 
 82.01 , 8.2 , 137.3 , 25.73 , 37 ,-6.154 , 193.4 , 300 , 226 , 204 , 5765 ,-8.5 
 82.21 , 8.22 , 137.3 , 26.03 , 37 ,-6.116 , 193.1 , 302 , 226 , 205 , 5766 ,-7.8 
 82.42 , 8.24 , 137.4 , 26.7 , 38 ,-6.107 , 193.4 , 301 , 225 , 204 , 5764 ,-8 
 82.62 , 8.26 , 137.3 , 27.01 , 38 ,-6.109 , 192.9 , 301 , 225 , 204 , 5764 ,-8.1 
 82.82 , 8.28 , 137.4 , 26.88 , 38 ,-6.098 , 193.1 , 301 , 226 , 205 , 5764 ,-7.8 
 83.02 , 8.3 , 137.4 , 27.25 , 38 ,-6.093 , 193 , 301 , 225 , 204 , 5765 ,-8.1 
 83.22 , 8.32 , 137.3 , 27.24 , 39 ,-6.123 , 193.2 , 301 , 225 , 204 , 5763 ,-8.1 
 83.43 , 8.34 , 137.4 , 27.41 , 39 ,-6.088 , 192.9 , 301 , 226 , 204 , 5765 ,-8.1 
 83.63 , 8.36 , 137.4 , 27.36 , 39 ,-6.104 , 193.5 , 301 , 225 , 204 , 5761 ,-8.1 
 83.83 , 8.38 , 137.4 , 26.81 , 38 ,-6.086 , 193.4 , 300 , 225 , 204 , 5761 ,-8.8 
 84.03 , 8.4 , 137.4 , 27.23 , 38 ,-6.076 , 193.1 , 301 , 226 , 205 , 5764 ,-8 
 84.23 , 8.42 , 137.4 , 27 , 38 ,-6.077 , 193.3 , 301 , 225 , 204 , 5764 ,-8.3 
 84.44 , 8.44 , 137.3 , 26.82 , 36 ,-6.085 , 193.5 , 301 , 226 , 204 , 5763 ,-7.8 
 84.64 , 8.46 , 137.5 , 25.3 , 35 ,-6.074 , 192.7 , 301 , 226 , 204 , 5768 ,-8.3 
 84.84 , 8.48 , 137.4 , 25.15 , 35 ,-6.086 , 193.2 , 301 , 226 , 204 , 5761 ,-8.6 
 85.04 , 8.5 , 137.4 , 24.62 , 34 ,-6.083 , 193.4 , 301 , 226 , 204 , 5763 ,-8.3 
 85.24 , 8.52 , 137.3 , 23.46 , 33 ,-6.112 , 192.9 , 300 , 225 , 204 , 5766 ,-8.4 
 85.45 , 8.54 , 137.4 , 22.75 , 32 ,-6.107 , 193.2 , 300 , 226 , 204 , 5761 ,-8.4 
 85.65 , 8.56 , 137.4 , 22.13 , 30 ,-6.131 , 193 , 300 , 225 , 204 , 5763 ,-8.1 
 85.85 , 8.58 , 137.3 , 21.45 , 29 ,-6.145 , 193 , 301 , 225 , 204 , 5765 ,-8.4 
 86.05 , 8.6 , 137.4 , 20.52 , 28 ,-6.178 , 193.2 , 300 , 226 , 204 , 5765 ,-8 
 86.25 , 8.62 , 137.3 , 19.84 , 27 ,-6.165 , 193.4 , 301 , 226 , 204 , 5766 ,-8 
 86.46 , 8.64 , 137.2 , 19.19 , 26 ,-6.194 , 192.9 , 301 , 226 , 205 , 5764 ,-7.6 
 86.66 , 8.66 , 137.2 , 18.31 , 25 ,-6.208 , 193.1 , 300 , 227 , 206 , 5766 ,-8.1 
 86.86 , 8.68 , 137.1 , 17.6 , 24 ,-6.226 , 193.4 , 300 , 227 , 205 , 5764 ,-8 
 87.06 , 8.7 , 137.1 , 17.46 , 24 ,-6.245 , 192.9 , 299 , 227 , 205 , 5767 ,-8.4 
 87.26 , 8.72 , 137 , 16.68 , 23 ,-6.268 , 193.1 , 299 , 228 , 206 , 5767 ,-8 
 87.47 , 8.74 , 137.1 , 16.57 , 23 ,-6.283 , 193.3 , 300 , 227 , 207 , 5765 ,-7.8 
 87.67 , 8.76 , 137.1 , 16.46 , 23 ,-6.295 , 193 , 298 , 227 , 207 , 5765 ,-8.4 
 87.87 , 8.78 , 137 , 16.05 , 23 ,-6.295 , 193.1 , 300 , 228 , 206 , 5762 ,-7.9 
 88.07 , 8.8 , 137 , 15.79 , 22 ,-6.307 , 193.2 , 299 , 228 , 207 , 5769 ,-8.1 
 88.27 , 8.82 , 136.9 , 15.72 , 23 ,-6.302 , 192.7 , 299 , 228 , 206 , 5767 ,-8.5 
 88.48 , 8.84 , 137 , 15.71 , 21 ,-6.313 , 193 , 300 , 227 , 206 , 5765 ,-7.8 
 88.68 , 8.86 , 137 , 15.86 , 22 ,-6.318 , 193.4 , 300 , 228 , 207 , 5767 ,-8.6 
 88.88 , 8.88 , 137 , 15.81 , 22 ,-6.321 , 193 , 299 , 228 , 206 , 5763 ,-8.3 
 89.08 , 8.9 , 137 , 15.72 , 22 ,-6.335 , 192.7 , 300 , 228 , 206 , 5764 ,-7.9 
 89.28 , 8.93 , 136.9 , 15.7 , 22 ,-6.318 , 193.4 , 300 , 229 , 207 , 5765 ,-8.1 
 89.49 , 8.95 , 136.9 , 16.5 , 24 ,-6.325 , 193 , 300 , 227 , 206 , 5765 ,-8.4 
 89.69 , 8.97 , 137 , 17.04 , 24 ,-6.31 , 193.6 , 299 , 229 , 207 , 5763 ,-7.9 
 89.89 , 8.99 , 136.9 , 17.22 , 26 ,-6.301 , 193.2 , 300 , 229 , 208 , 5764 ,-7.8 
 90.09 , 9.01 , 136.8 , 18.35 , 27 ,-6.301 , 193 , 300 , 228 , 207 , 5764 ,-8.5 
 90.29 , 9.03 , 137 , 19 , 27 ,-6.277 , 193.5 , 300 , 228 , 207 , 5765 ,-8.3 
 90.5 , 9.05 , 137 , 19.59 , 29 ,-6.283 , 193.1 , 299 , 229 , 206 , 5765 ,-8.1 
 90.7 , 9.07 , 137 , 20.88 , 30 ,-6.243 , 193.4 , 300 , 228 , 207 , 5765 ,-7.8 
 90.9 , 9.09 , 137.2 , 21.48 , 31 ,-6.227 , 193.1 , 300 , 228 , 207 , 5767 ,-8.5 
 91.1 , 9.11 , 137.1 , 22.08 , 33 ,-6.209 , 193.4 , 300 , 227 , 206 , 5764 ,-8.6 
 91.3 , 9.13 , 137.2 , 22.81 , 34 ,-6.198 , 192.9 , 301 , 227 , 206 , 5764 ,-7.9 
 91.51 , 9.15 , 137.3 , 23.99 , 35 ,-6.149 , 193.3 , 301 , 227 , 205 , 5764 ,-8.6 
 91.71 , 9.17 , 137.3 , 24.6 , 36 ,-6.154 , 193.4 , 301 , 226 , 205 , 5764 ,-8.4 
 91.91 , 9.19 , 137.3 , 25.33 , 36 ,-6.152 , 193.3 , 300 , 226 , 205 , 5766 ,-8.1 
 92.11 , 9.21 , 137.3 , 26.09 , 38 ,-6.129 , 193.4 , 301 , 226 , 204 , 5767 ,-8.3 
 92.31 , 9.23 , 137.3 , 26.38 , 38 ,-6.1 , 193.4 , 301 , 226 , 205 , 5764 ,-8.5 
 92.52 , 9.25 , 137.3 , 26.79 , 39 ,-6.096 , 192.9 , 302 , 226 , 204 , 5766 ,-7.9 
 92.72 , 9.27 , 137.3 , 26.91 , 39 ,-6.102 , 193.6 , 301 , 226 , 204 , 5765 ,-8.4 
 92.92 , 9.29 , 137.4 , 27.17 , 39 ,-6.099 , 193.2 , 301 , 225 , 204 , 5766 ,-8.4 
 93.12 , 9.31 , 137.4 , 27.35 , 39 ,-6.084 , 193.1 , 300 , 225 , 204 , 5763 ,-8.8 
 93.32 , 9.33 , 137.3 , 27.29 , 39 ,-6.084 , 193.6 , 300 , 225 , 204 , 5768 ,-9 
 93.53 , 9.35 , 137.4 , 27.55 , 39 ,-6.092 , 193.1 , 300 , 225 , 204 , 5766 ,-7.9 
 93.73 , 9.37 , 137.4 , 27.1 , 38 ,-6.071 , 192.8 , 301 , 225 , 204 , 5766 ,-8 
 93.93 , 9.39 , 137.3 , 27.22 , 38 ,-6.119 , 192.6 , 300 , 226 , 204 , 5762 ,-8.1 
 94.13 , 9.41 , 137.4 , 27.1 , 39 ,-6.097 , 193.4 , 301 , 226 , 204 , 5767 ,-8.4 
 94.33 , 9.43 , 137.4 , 26.86 , 37 ,-6.079 , 193 , 301 , 226 , 204 , 5764 ,-8.4 
 94.54 , 9.45 , 137.3 , 26.1 , 36 ,-6.106 , 193.2 , 300 , 226 , 203 , 5765 ,-8.4 
 94.74 , 9.47 , 137.3 , 25.59 , 35 ,-6.099 , 193.3 , 300 , 225 , 204 , 5766 ,-8 
 94.94 , 9.49 , 137.3 , 24.76 , 34 ,-6.117 , 193.2 , 301 , 226 , 204 , 5767 ,-8.1 
 95.14 , 9.51 , 137.4 , 23.78 , 33 ,-6.102 , 193.3 , 301 , 226 , 204 , 5766 ,-7.5 
 95.34 , 9.53 , 137.4 , 23.39 , 32 ,-6.111 , 192.9 , 301 , 226 , 204 , 5765 ,-8.5 
 95.55 , 9.55 , 137.3 , 22.09 , 31 ,-6.136 , 193.2 , 301 , 225 , 204 , 5766 ,-8.5 
 95.75 , 9.57 , 137.4 , 21.44 , 31 ,-6.139 , 193.1 , 301 , 225 , 205 , 5766 ,-7.9 
 95.95 , 9.59 , 137.3 , 20.97 , 28 ,-6.158 , 193.3 , 300 , 226 , 204 , 5764 ,-8.5 
 96.15 , 9.61 , 137.3 , 20.28 , 28 ,-6.182 , 193.4 , 301 , 226 , 204 , 5765 ,-8.4 
 96.35 , 9.63 , 137.2 , 19.3 , 26 ,-6.191 , 193.2 , 300 , 227 , 204 , 5761 ,-8.6 
 96.56 , 9.65 , 137.1 , 18.57 , 26 ,-6.212 , 193.3 , 300 , 227 , 205 , 5767 ,-8.4 
 96.76 , 9.67 , 137.2 , 18.32 , 25 ,-6.231 , 193.2 , 300 , 228 , 205 , 5763 ,-8.5 
 96.96 , 9.69 , 137.1 , 17.37 , 25 ,-6.235 , 192.9 , 301 , 227 , 206 , 5764 ,-8.3 
 97.16 , 9.71 , 137.1 , 17.17 , 23 ,-6.26 , 193.2 , 300 , 228 , 206 , 5767 ,-8.4 
 97.36 , 9.73 , 137.1 , 16.63 , 23 ,-6.279 , 193 , 300 , 228 , 206 , 5767 ,-8.1 
 97.57 , 9.75 , 137 , 16.34 , 23 ,-6.274 , 192.6 , 300 , 228 , 207 , 5764 ,-8.5 
 97.77 , 9.77 , 137 , 15.97 , 23 ,-6.282 , 193.5 , 300 , 227 , 206 , 5764 ,-7.6 
 97.97 , 9.79 , 137 , 15.75 , 22 ,-6.314 , 193.3 , 300 , 228 , 207 , 5768 ,-8.4 
 98.17 , 9.81 , 137 , 15.79 , 22 ,-6.31 , 193 , 299 , 228 , 207 , 5763 ,-8.4 
 98.37 , 9.83 , 136.9 , 15.55 , 22 ,-6.313 , 193.3 , 299 , 228 , 208 , 5765 ,-8.1 
 98.58 , 9.85 , 136.9 , 15.73 , 22 ,-6.325 , 193.3 , 300 , 229 , 207 , 5765 ,-7.9 
 98.78 , 9.87 , 137 , 15.92 , 22 ,-6.316 , 192.9 , 299 , 228 , 207 , 5766 ,-8.3 
 98.98 , 9.89 , 137 , 15.82 , 22 ,-6.347 , 193 , 300 , 228 , 207 , 5766 ,-8.3 
 99.18 , 9.92 , 137 , 15.75 , 22 ,-6.352 , 193 , 300 , 229 , 207 , 5765 ,-8.5 
 99.38 , 9.94 , 136.9 , 16.08 , 23 ,-6.344 , 193 , 300 , 229 , 206 , 5764 ,-8 
 99.59 , 9.96 , 137 , 16.46 , 24 ,-6.345 , 193.3 , 300 , 228 , 207 , 5761 ,-8.4 
 99.79 , 9.98 , 137 , 17.21 , 25 ,-6.328 , 193.5 , 300 , 229 , 207 , 5766 ,-8.5 
 99.99 , 10 , 137 , 17.86 , 26 ,-6.317 , 193.2 , 300 , 229 , 207 , 5765 ,-8 
 100.19 , 10.02 , 137 , 18.36 , 27 ,-6.302 , 193.6 , 299 , 229 , 207 , 5764 ,-8.1 
 100.39 , 10.04 , 137 , 19.59 , 28 ,-6.262 , 193.5 , 300 , 229 , 207 , 5764 ,-8.1 
 100.6 , 10.06 , 137 , 20.25 , 29 ,-6.275 , 193 , 300 , 229 , 208 , 5763 ,-8.3 
 100.8 , 10.08 , 137.1 , 21.04 , 31 ,-6.235 , 193.1 , 300 , 228 , 207 , 5770 ,-8.1 
 101 , 10.1 , 137.3 , 22.18 , 32 ,-6.2 , 193.5 , 301 , 228 , 206 , 5766 ,-8.1 
 101.2 , 10.12 , 137.2 , 22.93 , 33 ,-6.195 , 193.1 , 300 , 228 , 207 , 5764 ,-8.1 
 101.4 , 10.14 , 137.3 , 23.48 , 35 ,-6.187 , 192.4 , 300 , 227 , 206 , 5763 ,-8.5 
 101.61 , 10.16 , 137.2 , 24.09 , 35 ,-6.167 , 193.3 , 301 , 227 , 206 , 5763 ,-8.4 
 101.81 , 10.18 , 137.4 , 25.17 , 36 ,-6.135 , 193.1 , 301 , 226 , 205 , 5764 ,-8.6 
 102.01 , 10.2 , 137.3 , 25.84 , 37 ,-6.136 , 193 , 301 , 226 , 205 , 5764 ,-8.4 
 102.21 , 10.22 , 137.3 , 26.02 , 37 ,-6.139 , 193.1 , 301 , 227 , 205 , 5765 ,-7.9 
 102.41 , 10.24 , 137.4 , 26.83 , 37 ,-6.08 , 193 , 300 , 226 , 203 , 5762 ,-8.6 
 102.62 , 10.26 , 137.4 , 26.76 , 38 ,-6.096 , 193.6 , 301 , 226 , 204 , 5764 ,-8 
 102.82 , 10.28 , 137.4 , 27.19 , 39 ,-6.088 , 193 , 301 , 225 , 205 , 5765 ,-8.4 
 103.02 , 10.3 , 137.4 , 27.21 , 38 ,-6.085 , 193 , 301 , 226 , 205 , 5766 ,-8.6 
 103.22 , 10.32 , 137.5 , 27.43 , 38 ,-6.056 , 193.2 , 301 , 225 , 204 , 5761 ,-8 
 103.42 , 10.34 , 137.3 , 27.3 , 39 ,-6.088 , 192.5 , 301 , 226 , 204 , 5763 ,-8 
 103.63 , 10.36 , 137.4 , 27.22 , 38 ,-6.103 , 193.1 , 301 , 226 , 204 , 5765 ,-8.6 
 103.83 , 10.38 , 137.4 , 27.32 , 39 ,-6.081 , 193.4 , 300 , 226 , 204 , 5762 ,-8 
 104.03 , 10.4 , 137.4 , 27.2 , 39 ,-6.08 , 193.1 , 301 , 226 , 204 , 5766 ,-8.1 
 104.23 , 10.42 , 137.3 , 27.12 , 39 ,-6.108 , 193.2 , 301 , 226 , 204 , 5766 ,-8.3 
 104.43 , 10.44 , 137.4 , 26.91 , 37 ,-6.071 , 193.2 , 301 , 227 , 204 , 5766 ,-8.4 
 104.64 , 10.46 , 137.4 , 25.38 , 35 ,-6.091 , 193.2 , 301 , 226 , 205 , 5766 ,-8 
 104.84 , 10.48 , 137.5 , 25.07 , 35 ,-6.074 , 193 , 301 , 226 , 204 , 5767 ,-8.6 
 105.04 , 10.5 , 137.4 , 24.62 , 34 ,-6.073 , 193.2 , 301 , 225 , 204 , 5764 ,-8.4 
 105.24 , 10.52 , 137.4 , 23.21 , 32 ,-6.108 , 193.3 , 300 , 226 , 204 , 5767 ,-7.4 
 105.44 , 10.54 , 137.4 , 22.62 , 32 ,-6.12 , 193.1 , 301 , 225 , 204 , 5765 ,-8.3 
 105.65 , 10.56 , 137.2 , 22.1 , 30 ,-6.123 , 193.2 , 301 , 226 , 205 , 5763 ,-8.4 
 105.85 , 10.58 , 137.3 , 20.75 , 29 ,-6.15 , 193.6 , 300 , 226 , 205 , 5761 ,-8.8 
 106.05 , 10.6 , 137.3 , 20.42 , 28 ,-6.155 , 193.1 , 300 , 226 , 205 , 5767 ,-8.8 
 106.25 , 10.62 , 137.2 , 19.7 , 27 ,-6.195 , 193.5 , 300 , 227 , 206 , 5762 ,-8.5 
 106.45 , 10.64 , 137.3 , 19.2 , 27 ,-6.198 , 193.3 , 300 , 226 , 206 , 5764 ,-8.5 
 106.66 , 10.66 , 137.1 , 18.37 , 25 ,-6.235 , 193.1 , 300 , 228 , 205 , 5764 ,-8.4 
 106.86 , 10.68 , 137.1 , 17.89 , 25 ,-6.241 , 193.4 , 300 , 227 , 206 , 5764 ,-8.5 
 107.06 , 10.7 , 137.1 , 17.28 , 24 ,-6.253 , 193.3 , 300 , 228 , 206 , 5764 ,-8.5 
 107.26 , 10.72 , 137 , 16.62 , 23 ,-6.291 , 193.1 , 300 , 228 , 207 , 5765 ,-8.4 
 107.46 , 10.74 , 137.1 , 16.23 , 23 ,-6.292 , 192.9 , 299 , 228 , 206 , 5765 ,-8.1 
 107.67 , 10.76 , 137 , 16.1 , 23 ,-6.293 , 193.2 , 299 , 229 , 207 , 5763 ,-8.3 
 107.87 , 10.78 , 137 , 16.04 , 23 ,-6.303 , 193.2 , 300 , 228 , 206 , 5765 ,-8.3 
 108.07 , 10.8 , 137 , 15.88 , 24 ,-6.287 , 192.9 , 300 , 228 , 207 , 5762 ,-8.4 
 108.27 , 10.82 , 137 , 15.73 , 23 ,-6.313 , 192.9 , 299 , 228 , 208 , 5763 ,-8.5 
 108.47 , 10.84 , 137 , 15.59 , 22 ,-6.316 , 193.4 , 300 , 228 , 206 , 5766 ,-7.5 
 108.68 , 10.86 , 137 , 15.72 , 22 ,-6.314 , 192.9 , 299 , 228 , 207 , 5764 ,-8.5 
 108.88 , 10.88 , 137 , 15.85 , 23 ,-6.318 , 193.6 , 299 , 229 , 207 , 5763 ,-8 
 109.08 , 10.91 , 136.9 , 15.75 , 22 ,-6.319 , 193.1 , 299 , 228 , 207 , 5763 ,-8.5 
 109.28 , 10.93 , 136.8 , 15.88 , 23 ,-6.327 , 192.8 , 300 , 228 , 207 , 5762 ,-8 
 109.48 , 10.95 , 137 , 16.53 , 24 ,-6.343 , 193.4 , 300 , 228 , 207 , 5766 ,-8.4 
 109.69 , 10.97 , 137 , 17.05 , 24 ,-6.33 , 193.2 , 300 , 228 , 208 , 5765 ,-8.3 
 109.89 , 10.99 , 136.9 , 17.36 , 26 ,-6.323 , 193.3 , 300 , 229 , 208 , 5761 ,-8.5 
 110.09 , 11.01 , 137 , 18.32 , 27 ,-6.305 , 193.7 , 300 , 229 , 207 , 5764 ,-8.5 
 110.29 , 11.03 , 137.1 , 19.13 , 27 ,-6.28 , 193.2 , 300 , 229 , 207 , 5765 ,-8.4 
 110.49 , 11.05 , 137.1 , 19.54 , 29 ,-6.256 , 193.1 , 300 , 229 , 207 , 5765 ,-8.4 
 110.7 , 11.07 , 137.1 , 20.83 , 29 ,-6.236 , 193.2 , 300 , 229 , 207 , 5763 ,-8.4 
 110.9 , 11.09 , 137 , 21.49 , 31 ,-6.219 , 193.3 , 300 , 229 , 207 , 5767 ,-8.3 
 111.1 , 11.11 , 137.1 , 22.21 , 32 ,-6.209 , 193.4 , 300 , 229 , 206 , 5765 ,-8 
 111.3 , 11.13 , 137.1 , 22.72 , 34 ,-6.191 , 193.3 , 301 , 228 , 206 , 5764 ,-8.3 
 111.5 , 11.15 , 137.3 , 24.13 , 35 ,-6.162 , 193.4 , 301 , 227 , 206 , 5768 ,-8 
 111.71 , 11.17 , 137.2 , 24.54 , 36 ,-6.152 , 193.5 , 301 , 227 , 206 , 5763 ,-8.8 
 111.91 , 11.19 , 137.3 , 25.31 , 37 ,-6.15 , 193.1 , 301 , 227 , 205 , 5763 ,-8.3 
 112.11 , 11.21 , 137.4 , 26.08 , 37 ,-6.139 , 193.1 , 301 , 227 , 205 , 5763 ,-8.6 
 112.31 , 11.23 , 137.4 , 26.43 , 38 ,-6.125 , 193 , 301 , 226 , 204 , 5766 ,-8.1 
 112.51 , 11.25 , 137.3 , 26.64 , 39 ,-6.091 , 193.2 , 301 , 227 , 205 , 5764 ,-8.6 
 112.72 , 11.27 , 137.3 , 27.17 , 38 ,-6.086 , 193.7 , 301 , 226 , 204 , 5766 ,-7.9 
 112.92 , 11.29 , 137.4 , 27.23 , 39 ,-6.084 , 193 , 301 , 226 , 205 , 5766 ,-8.9 
 113.12 , 11.31 , 137.4 , 27.27 , 39 ,-6.087 , 192.8 , 301 , 226 , 204 , 5766 ,-8 
 113.32 , 11.33 , 137.4 , 27.38 , 39 ,-6.095 , 193.3 , 301 , 226 , 204 , 5764 ,-8.6 
 113.52 , 11.35 , 137.5 , 27.46 , 38 ,-6.076 , 193.2 , 300 , 225 , 204 , 5765 ,-8.1 
 113.73 , 11.37 , 137.4 , 27.23 , 38 ,-6.07 , 193.4 , 301 , 226 , 205 , 5764 ,-8.4 
 113.93 , 11.39 , 137.5 , 27.14 , 39 ,-6.078 , 193.3 , 300 , 226 , 205 , 5765 ,-8.5 
 114.13 , 11.41 , 137.4 , 27.06 , 38 ,-6.075 , 193.2 , 301 , 227 , 204 , 5766 ,-8.6 
 114.33 , 11.43 , 137.5 , 26.75 , 37 ,-6.072 , 193 , 300 , 226 , 204 , 5763 ,-8.3 
 114.53 , 11.45 , 137.5 , 26.01 , 36 ,-6.061 , 192.9 , 300 , 225 , 204 , 5768 ,-8 
 114.74 , 11.47 , 137.4 , 25.56 , 34 ,-6.08 , 193.6 , 301 , 226 , 204 , 5765 ,-7.9 
 114.94 , 11.49 , 137.6 , 24.7 , 35 ,-6.084 , 192.9 , 301 , 226 , 205 , 5766 ,-7.8 
 115.14 , 11.51 , 137.4 , 24.02 , 33 ,-6.103 , 193.2 , 300 , 225 , 204 , 5765 ,-8.4 
 115.34 , 11.53 , 137.4 , 23.45 , 32 ,-6.101 , 193 , 300 , 226 , 204 , 5764 ,-8 
 115.54 , 11.55 , 137.4 , 22.13 , 31 ,-6.113 , 193.2 , 301 , 225 , 205 , 5762 ,-8.3 
 115.75 , 11.57 , 137.3 , 21.54 , 29 ,-6.139 , 193.3 , 300 , 226 , 205 , 5762 ,-7.9 
 115.95 , 11.59 , 137.3 , 20.82 , 28 ,-6.13 , 193.1 , 300 , 227 , 205 , 5764 ,-8.6 
 116.15 , 11.61 , 137.3 , 20.2 , 27 ,-6.144 , 193.1 , 300 , 226 , 205 , 5764 ,-8.1 
 116.35 , 11.63 , 137.2 , 19.04 , 27 ,-6.178 , 193.1 , 300 , 227 , 205 , 5765 ,-8.8 
 116.55 , 11.65 , 137.1 , 18.57 , 27 ,-6.192 , 193.3 , 300 , 227 , 205 , 5764 ,-8.1 
 116.76 , 11.67 , 137.2 , 18.09 , 25 ,-6.197 , 193.2 , 300 , 227 , 206 , 5766 ,-8.3 
 116.96 , 11.69 , 137.1 , 17.44 , 24 ,-6.235 , 193.2 , 300 , 228 , 206 , 5765 ,-7.9 
 117.16 , 11.71 , 137.1 , 17.01 , 24 ,-6.232 , 193.2 , 300 , 228 , 205 , 5762 ,-8.5 
 117.36 , 11.73 , 137.2 , 16.89 , 23 ,-6.246 , 193.2 , 300 , 228 , 206 , 5764 ,-8 
 117.56 , 11.75 , 137.1 , 16.26 , 22 ,-6.279 , 193.2 , 300 , 228 , 207 , 5765 ,-8.1 
 117.77 , 11.77 , 137 , 16.03 , 23 ,-6.286 , 193.6 , 300 , 228 , 207 , 5763 ,-8.3 
 117.97 , 11.79 , 137 , 16.15 , 23 ,-6.286 , 192.9 , 299 , 228 , 207 , 5763 ,-8 
 118.17 , 11.81 , 137.1 , 15.87 , 22 ,-6.299 , 193.1 , 299 , 229 , 207 , 5765 ,-7.8 
 118.37 , 11.83 , 136.9 , 15.86 , 22 ,-6.311 , 192.7 , 300 , 229 , 207 , 5764 ,-7.9 
 118.57 , 11.85 , 137 , 15.57 , 22 ,-6.312 , 192.9 , 299 , 229 , 207 , 5766 ,-8.3 
 118.78 , 11.87 , 137 , 15.7 , 23 ,-6.317 , 193.6 , 299 , 229 , 207 , 5763 ,-8.3 
 118.98 , 11.89 , 137 , 15.83 , 22 ,-6.31 , 193.3 , 300 , 229 , 207 , 5762 ,-8.1 
 119.18 , 11.92 , 137 , 15.88 , 22 ,-6.306 , 192.9 , 299 , 229 , 207 , 5765 ,-8.4 
 119.38 , 11.94 , 137 , 16.07 , 23 ,-6.303 , 193.4 , 299 , 229 , 207 , 5764 ,-8.4 
 119.58 , 11.96 , 136.9 , 16.3 , 24 ,-6.302 , 193.3 , 299 , 228 , 208 , 5762 ,-8 
 119.79 , 11.98 , 137.1 , 17.23 , 25 ,-6.305 , 193 , 300 , 229 , 208 , 5762 ,-8.3 
 119.99 , 12 , 137.1 , 17.84 , 26 ,-6.291 , 193.2 , 300 , 230 , 207 , 5768 ,-8.4 
 120.19 , 12.02 , 137 , 18.36 , 27 ,-6.306 , 193.4 , 299 , 229 , 207 , 5767 ,-7.8 
 120.39 , 12.04 , 137 , 19.62 , 27 ,-6.261 , 193.3 , 300 , 229 , 207 , 5764 ,-7.6 
 120.59 , 12.06 , 137.2 , 20.4 , 29 ,-6.241 , 193.4 , 300 , 229 , 207 , 5764 ,-8.3 
 120.8 , 12.08 , 137.2 , 20.79 , 31 ,-6.214 , 193.1 , 300 , 229 , 207 , 5763 ,-7.9 
 121 , 12.1 , 137.2 , 22.22 , 32 ,-6.215 , 193.1 , 300 , 228 , 206 , 5764 ,-7.9 
 121.2 , 12.12 , 137.2 , 22.83 , 33 ,-6.163 , 193.1 , 300 , 228 , 206 , 5765 ,-8.5 
 121.4 , 12.14 , 137.3 , 23.56 , 35 ,-6.155 , 193.1 , 300 , 227 , 206 , 5764 ,-8 
 121.6 , 12.16 , 137.3 , 24.14 , 36 ,-6.143 , 193 , 301 , 228 , 206 , 5768 ,-8.3 
 121.81 , 12.18 , 137.3 , 25.13 , 36 ,-6.114 , 193.1 , 301 , 226 , 206 , 5763 ,-8 
 122.01 , 12.2 , 137.3 , 25.82 , 37 ,-6.106 , 193.2 , 300 , 226 , 205 , 5765 ,-7.9 
 122.21 , 12.22 , 137.3 , 25.83 , 37 ,-6.094 , 193.7 , 301 , 227 , 205 , 5764 ,-8.1 
 122.41 , 12.24 , 137.4 , 26.68 , 37 ,-6.083 , 193.5 , 301 , 227 , 205 , 5763 ,-8.5 
 122.61 , 12.26 , 137.5 , 27.15 , 38 ,-6.085 , 193 , 302 , 226 , 205 , 5763 ,-8.3 
 122.82 , 12.28 , 137.4 , 27.09 , 39 ,-6.066 , 193.2 , 301 , 226 , 204 , 5762 ,-8.5 
 123.02 , 12.3 , 137.4 , 27.18 , 38 ,-6.082 , 193.2 , 301 , 227 , 204 , 5766 ,-8.4 
 123.22 , 12.32 , 137.5 , 27.5 , 39 ,-6.068 , 192.9 , 301 , 225 , 204 , 5767 ,-8.3 
 123.42 , 12.34 , 137.5 , 27.53 , 38 ,-6.053 , 193.3 , 300 , 226 , 204 , 5764 ,-8.8 
 123.62 , 12.36 , 137.4 , 27.43 , 39 ,-6.056 , 193.1 , 301 , 226 , 204 , 5764 ,-8.1 
 123.83 , 12.38 , 137.4 , 27.27 , 38 ,-6.067 , 193.2 , 300 , 226 , 204 , 5765 ,-8.1 
 124.03 , 12.4 , 137.4 , 27.38 , 37 ,-6.073 , 193.5 , 301 , 226 , 204 , 5766 ,-8.1 
 124.23 , 12.42 , 137.5 , 27.29 , 38 ,-6.062 , 192.9 , 301 , 226 , 204 , 5765 ,-8.6 
 124.43 , 12.44 , 137.4 , 26.75 , 37 ,-6.067 , 193 , 301 , 225 , 205 , 5766 ,-8.3 
 124.63 , 12.46 , 137.4 , 25.5 , 35 ,-6.056 , 193.3 , 301 , 226 , 204 , 5765 ,-8.3 
 124.84 , 12.48 , 137.5 , 25.23 , 36 ,-6.061 , 193 , 301 , 226 , 205 , 5762 ,-8.4 
 125.04 , 12.5 , 137.4 , 24.52 , 33 ,-6.07 , 193 , 301 , 226 , 204 , 5767 ,-8.4 
 125.24 , 12.52 , 137.4 , 23.5 , 33 ,-6.088 , 193.2 , 300 , 226 , 204 , 5766 ,-8.8 
 125.44 , 12.54 , 137.4 , 22.67 , 31 ,-6.092 , 193 , 300 , 225 , 204 , 5763 ,-8 
 125.64 , 12.56 , 137.3 , 22.03 , 30 ,-6.107 , 193.1 , 301 , 226 , 205 , 5765 ,-8.8 
 125.85 , 12.58 , 137.4 , 20.93 , 29 ,-6.138 , 193.4 , 301 , 226 , 206 , 5765 ,-8.3 
 126.05 , 12.6 , 137.3 , 20.25 , 27 ,-6.142 , 192.4 , 300 , 226 , 205 , 5763 ,-8.3 
 126.25 , 12.62 , 137.2 , 19.93 , 26 ,-6.154 , 192.9 , 301 , 227 , 205 , 5765 ,-8.5 
 126.45 , 12.64 , 137.2 , 19.22 , 26 ,-6.182 , 193 , 300 , 227 , 206 , 5763 ,-8 
 126.65 , 12.66 , 137.3 , 18.11 , 25 ,-6.226 , 193.4 , 299 , 227 , 206 , 5768 ,-8 
 126.86 , 12.68 , 137.2 , 17.81 , 24 ,-6.209 , 192.7 , 299 , 227 , 206 , 5764 ,-8.5 
 127.06 , 12.7 , 137.2 , 17.47 , 23 ,-6.219 , 192.9 , 299 , 228 , 206 , 5765 ,-8.1 
 127.26 , 12.72 , 137 , 16.87 , 23 ,-6.271 , 193 , 299 , 228 , 207 , 5762 ,-8.1 
 127.46 , 12.74 , 137.1 , 16.46 , 23 ,-6.259 , 193.2 , 299 , 228 , 207 , 5765 ,-7.9 
 127.66 , 12.76 , 137 , 16.21 , 22 ,-6.272 , 193.5 , 300 , 228 , 206 , 5767 ,-8 
 127.87 , 12.78 , 137.1 , 16.1 , 22 ,-6.287 , 193.6 , 299 , 228 , 207 , 5767 ,-8.8 
 128.07 , 12.8 , 137 , 15.94 , 22 ,-6.289 , 193 , 299 , 229 , 207 , 5765 ,-8.5 
 128.27 , 12.82 , 137.1 , 15.69 , 22 ,-6.303 , 193.4 , 299 , 229 , 208 , 5766 ,-8.3 
 128.47 , 12.84 , 137 , 15.84 , 22 ,-6.298 , 193.2 , 299 , 229 , 207 , 5766 ,-8.3 
 128.67 , 12.86 , 137 , 15.69 , 23 ,-6.305 , 193.3 , 300 , 228 , 208 , 5766 ,-8.4 
 128.88 , 12.88 , 137 , 15.96 , 22 ,-6.309 , 193.3 , 300 , 229 , 207 , 5767 ,-8.3 
 129.08 , 12.91 , 137 , 15.8 , 23 ,-6.296 , 193.4 , 300 , 229 , 208 , 5765 ,-8.6 
 129.28 , 12.93 , 137 , 15.76 , 22 ,-6.309 , 193.5 , 300 , 229 , 207 , 5763 ,-7.9 
 129.48 , 12.95 , 137.1 , 16.55 , 24 ,-6.292 , 193.3 , 300 , 228 , 206 , 5764 ,-8 
 129.68 , 12.97 , 136.9 , 16.94 , 25 ,-6.313 , 193.4 , 300 , 229 , 207 , 5767 ,-8.6 
 129.89 , 12.99 , 137 , 17.43 , 25 ,-6.292 , 192.4 , 299 , 230 , 207 , 5764 ,-8.3 
 130.09 , 13.01 , 137 , 18.39 , 26 ,-6.265 , 193.2 , 300 , 229 , 208 , 5762 ,-8.1 
 130.29 , 13.03 , 137.1 , 19.09 , 28 ,-6.256 , 193.2 , 300 , 229 , 207 , 5765 ,-8.1 
 130.49 , 13.05 , 137.1 , 19.68 , 29 ,-6.239 , 193.1 , 299 , 229 , 207 , 5764 ,-8.5 
 130.69 , 13.07 , 137.2 , 20.86 , 30 ,-6.243 , 193.1 , 301 , 229 , 207 , 5764 ,-8.4 
 130.9 , 13.09 , 137.2 , 21.51 , 32 ,-6.196 , 193.5 , 300 , 229 , 207 , 5764 ,-8.5 
 131.1 , 13.11 , 137.1 , 22.02 , 33 ,-6.176 , 193.1 , 300 , 229 , 207 , 5766 ,-8.3 
 131.3 , 13.13 , 137.3 , 22.97 , 34 ,-6.173 , 193 , 300 , 228 , 207 , 5765 ,-8.5 
 131.5 , 13.15 , 137.3 , 24.12 , 34 ,-6.159 , 193.2 , 301 , 227 , 205 , 5769 ,-8.1 
 131.7 , 13.17 , 137.4 , 24.59 , 36 ,-6.127 , 193.2 , 301 , 228 , 205 , 5766 ,-8.5 
 131.91 , 13.19 , 137.3 , 25.22 , 38 ,-6.094 , 193.1 , 300 , 227 , 205 , 5762 ,-8.8 
 132.11 , 13.21 , 137.4 , 26.05 , 38 ,-6.095 , 193.2 , 301 , 226 , 205 , 5767 ,-8.4 
 132.31 , 13.23 , 137.3 , 26.45 , 38 ,-6.065 , 193.2 , 300 , 227 , 205 , 5765 ,-8.4 
 132.51 , 13.25 , 137.4 , 26.67 , 38 ,-6.067 , 193.2 , 301 , 226 , 205 , 5762 ,-7.9 
 132.71 , 13.27 , 137.4 , 27.09 , 39 ,-6.075 , 193.3 , 301 , 226 , 204 , 5762 ,-8.4 
 132.92 , 13.29 , 137.4 , 27.24 , 39 ,-6.071 , 193.4 , 301 , 226 , 204 , 5764 ,-8.5 
 133.12 , 13.31 , 137.4 , 27.32 , 39 ,-6.068 , 193 , 301 , 226 , 205 , 5763 ,-8.5 
 133.32 , 13.33 , 137.4 , 27.2 , 39 ,-6.052 , 193.4 , 301 , 226 , 205 , 5763 ,-7.9 
 133.52 , 13.35 , 137.5 , 27.54 , 38 ,-6.056 , 193.5 , 301 , 227 , 205 , 5766 ,-7.9 
 133.72 , 13.37 , 137.4 , 27.44 , 38 ,-6.064 , 192.8 , 301 , 226 , 204 , 5765 ,-8.4 
 133.93 , 13.39 , 137.5 , 27.23 , 38 ,-6.065 , 193.1 , 301 , 226 , 205 , 5764 ,-8.3 
 134.13 , 13.41 , 137.5 , 26.97 , 38 ,-6.053 , 193.1 , 300 , 226 , 205 , 5766 ,-7.6 
 134.33 , 13.43 , 137.6 , 26.73 , 37 ,-6.047 , 193.6 , 301 , 227 , 205 , 5760 ,-8.3 
 134.53 , 13.45 , 137.5 , 26.1 , 36 ,-6.059 , 193.1 , 301 , 226 , 204 , 5766 ,-8.5 
 134.73 , 13.47 , 137.4 , 25.53 , 35 ,-6.071 , 193.4 , 301 , 226 , 205 , 5763 ,-8.1 
 134.94 , 13.49 , 137.4 , 24.44 , 34 ,-6.05 , 193.1 , 300 , 226 , 205 , 5768 ,-8 
 135.14 , 13.51 , 137.4 , 24.03 , 34 ,-6.08 , 193.3 , 301 , 226 , 204 , 5763 ,-8.1 
 135.34 , 13.53 , 137.3 , 23.48 , 32 ,-6.077 , 193.3 , 300 , 226 , 205 , 5768 ,-8.3 
 135.54 , 13.55 , 137.4 , 22.19 , 31 ,-6.109 , 193.7 , 300 , 226 , 205 , 5765 ,-8.5 
 135.74 , 13.57 , 137.4 , 21.49 , 29 ,-6.099 , 193.1 , 301 , 226 , 205 , 5762 ,-8.4 
 135.95 , 13.59 , 137.3 , 20.82 , 28 ,-6.139 , 193.2 , 300 , 227 , 205 , 5765 ,-8.4 
 136.15 , 13.61 , 137.5 , 20.36 , 27 ,-6.145 , 193.1 , 300 , 227 , 205 , 5765 ,-8.8 
 136.35 , 13.63 , 137.3 , 19.14 , 27 ,-6.155 , 193.4 , 300 , 227 , 205 , 5765 ,-8 
 136.55 , 13.65 , 137.3 , 18.84 , 25 ,-6.174 , 193.4 , 300 , 227 , 206 , 5766 ,-8.3 
 136.75 , 13.67 , 137.1 , 18.25 , 25 ,-6.199 , 193.6 , 299 , 228 , 206 , 5768 ,-8.5 
 136.96 , 13.69 , 137.2 , 17.28 , 24 ,-6.244 , 192.9 , 301 , 228 , 206 , 5765 ,-7.6 
 137.16 , 13.71 , 137.1 , 17.13 , 23 ,-6.237 , 193.5 , 300 , 228 , 207 , 5763 ,-8.5 
 137.36 , 13.73 , 137.1 , 16.83 , 23 ,-6.238 , 193.2 , 300 , 228 , 207 , 5763 ,-8.5 
 137.56 , 13.75 , 137.1 , 16.22 , 22 ,-6.243 , 192.8 , 299 , 229 , 207 , 5763 ,-8.4 
 137.76 , 13.77 , 137.1 , 15.94 , 23 ,-6.256 , 193.4 , 299 , 228 , 207 , 5763 ,-8.1 
 137.97 , 13.79 , 137 , 15.92 , 22 ,-6.275 , 193.4 , 300 , 229 , 207 , 5762 ,-8.4 
 138.17 , 13.81 , 137 , 15.9 , 22 ,-6.286 , 192.9 , 300 , 229 , 206 , 5761 ,-7.8 
 138.37 , 13.83 , 137 , 15.81 , 22 ,-6.278 , 193.2 , 300 , 229 , 207 , 5767 ,-8.1 
 138.57 , 13.85 , 137 , 15.86 , 22 ,-6.272 , 193.4 , 300 , 230 , 207 , 5764 ,-8.4 
 138.77 , 13.87 , 137 , 15.66 , 23 ,-6.281 , 193.3 , 300 , 229 , 207 , 5766 ,-7.8 
 138.98 , 13.9 , 137 , 15.85 , 22 ,-6.303 , 193.2 , 299 , 229 , 207 , 5765 ,-8.3 
 139.18 , 13.92 , 137 , 15.81 , 23 ,-6.289 , 193.6 , 300 , 229 , 207 , 5762 ,-8.4 
 139.38 , 13.94 , 137 , 16.1 , 24 ,-6.273 , 193.1 , 299 , 228 , 207 , 5767 ,-8.6 
 139.58 , 13.96 , 137 , 16.48 , 24 ,-6.3 , 193.1 , 299 , 228 , 208 , 5766 ,-8 
 139.78 , 13.98 , 137 , 17.32 , 25 ,-6.304 , 193.5 , 300 , 230 , 208 , 5768 ,-8.6 
 139.99 , 14 , 137 , 18 , 26 ,-6.308 , 193.1 , 300 , 229 , 207 , 5763 ,-8.9 
 140.19 , 14.02 , 137 , 18.24 , 27 ,-6.297 , 192.8 , 299 , 229 , 208 , 5766 ,-8.1 
 140.39 , 14.04 , 137.1 , 19.6 , 29 ,-6.234 , 193.1 , 300 , 230 , 207 , 5765 ,-8.8 
 140.59 , 14.06 , 137.1 , 20.32 , 29 ,-6.214 , 193.2 , 301 , 229 , 207 , 5771 ,-8.3 
 140.79 , 14.08 , 137.2 , 20.62 , 31 ,-6.197 , 193.5 , 299 , 228 , 208 , 5767 ,-8.5 
 141 , 14.1 , 137.3 , 22.26 , 32 ,-6.168 , 193.2 , 301 , 228 , 207 , 5763 ,-7.9 
 141.2 , 14.12 , 137.3 , 22.8 , 33 ,-6.166 , 193.2 , 300 , 229 , 206 , 5762 ,-8.4 
 141.4 , 14.14 , 137.3 , 23.38 , 34 ,-6.133 , 193 , 301 , 228 , 206 , 5765 ,-7.5 
 141.6 , 14.16 , 137.3 , 24.09 , 35 ,-6.127 , 193.9 , 301 , 227 , 206 , 5764 ,-8.4 
 141.8 , 14.18 , 137.4 , 25.06 , 36 ,-6.112 , 193.5 , 300 , 228 , 205 , 5768 ,-7.8 
 142.01 , 14.2 , 137.4 , 25.75 , 37 ,-6.078 , 193 , 301 , 227 , 205 , 5763 ,-7.8 
 142.21 , 14.22 , 137.5 , 26.17 , 37 ,-6.08 , 193.5 , 301 , 226 , 206 , 5763 ,-8.5 
 142.41 , 14.24 , 137.4 , 26.53 , 38 ,-6.07 , 193.5 , 301 , 227 , 204 , 5763 ,-8.3 
 142.61 , 14.26 , 137.5 , 26.89 , 38 ,-6.051 , 193.1 , 301 , 226 , 205 , 5765 ,-8.3 
 142.81 , 14.28 , 137.5 , 27.34 , 38 ,-6.052 , 193.5 , 300 , 226 , 206 , 5764 ,-8.8 
 143.02 , 14.3 , 137.3 , 27.08 , 39 ,-6.047 , 193.1 , 301 , 227 , 204 , 5762 ,-8.5 
 143.22 , 14.32 , 137.4 , 27.34 , 39 ,-6.035 , 193.1 , 301 , 227 , 205 , 5765 ,-8.5 
 143.42 , 14.34 , 137.5 , 27.38 , 39 ,-6.029 , 193.2 , 301 , 226 , 205 , 5765 ,-8.4 
 143.62 , 14.36 , 137.5 , 27.4 , 39 ,-6.057 , 192.6 , 302 , 226 , 205 , 5765 ,-8.1 
 143.82 , 14.38 , 137.5 , 27.34 , 39 ,-6.03 , 193.3 , 302 , 226 , 204 , 5762 ,-8.1 
 144.03 , 14.4 , 137.5 , 27.07 , 38 ,-6.056 , 193 , 300 , 227 , 204 , 5762 ,-8.4 
 144.23 , 14.42 , 137.5 , 27.22 , 37 ,-6.043 , 193.1 , 301 , 226 , 205 , 5763 ,-8.1 
 144.43 , 14.44 , 137.5 , 26.04 , 36 ,-6.037 , 193.6 , 301 , 226 , 204 , 5764 ,-8 
 144.63 , 14.46 , 137.5 , 25.52 , 37 ,-6.039 , 192.6 , 301 , 225 , 205 , 5766 ,-8.4 
 144.83 , 14.48 , 137.4 , 25.13 , 35 ,-6.029 , 193.3 , 300 , 225 , 204 , 5765 ,-8.8 
 145.04 , 14.5 , 137.5 , 24.63 , 34 ,-6.048 , 193.2 , 300 , 226 , 204 , 5765 ,-8.5 
 145.24 , 14.52 , 137.5 , 23.58 , 33 ,-6.07 , 192.9 , 300 , 226 , 204 , 5767 ,-8.3 
 145.44 , 14.54 , 137.4 , 22.68 , 31 ,-6.062 , 193.4 , 301 , 226 , 204 , 5762 ,-8.6 
 145.64 , 14.56 , 137.4 , 22.06 , 30 ,-6.077 , 193.1 , 301 , 226 , 205 , 5768 ,-8.4 
 145.84 , 14.58 , 137.3 , 20.92 , 29 ,-6.109 , 193.5 , 300 , 226 , 205 , 5764 ,-8.4 
 146.05 , 14.6 , 137.3 , 20.07 , 28 ,-6.122 , 193.1 , 301 , 227 , 205 , 5763 ,-8 
 146.25 , 14.62 , 137.3 , 19.7 , 27 ,-6.136 , 193.4 , 300 , 227 , 205 , 5764 ,-8.3 
 146.45 , 14.64 , 137.2 , 19.07 , 26 ,-6.139 , 193.2 , 301 , 227 , 206 , 5765 ,-8.4 
 146.65 , 14.66 , 137.2 , 18.13 , 25 ,-6.164 , 193.3 , 300 , 227 , 206 , 5765 ,-8.1 
 146.85 , 14.68 , 137.2 , 17.78 , 25 ,-6.175 , 193.1 , 300 , 228 , 206 , 5768 ,-8.3 
 147.06 , 14.7 , 137.1 , 17.37 , 24 ,-6.211 , 193.3 , 300 , 228 , 206 , 5766 ,-8.4 
 147.26 , 14.72 , 137.1 , 16.86 , 23 ,-6.212 , 193 , 299 , 228 , 207 , 5763 ,-7.6 
 147.46 , 14.74 , 137 , 16.33 , 23 ,-6.223 , 193.1 , 300 , 229 , 206 , 5765 ,-8.4 
 147.66 , 14.76 , 137.1 , 16.35 , 22 ,-6.245 , 193 , 300 , 228 , 207 , 5768 ,-8.3 
 147.86 , 14.78 , 137.1 , 15.93 , 23 ,-6.248 , 193.2 , 300 , 229 , 207 , 5768 ,-8.4 
 148.07 , 14.8 , 137 , 15.74 , 22 ,-6.26 , 193.6 , 299 , 229 , 207 , 5762 ,-8.6 
 148.27 , 14.82 , 137.1 , 15.85 , 22 ,-6.256 , 193.1 , 299 , 229 , 207 , 5766 ,-8.1 
 148.47 , 14.84 , 137.1 , 15.88 , 22 ,-6.27 , 192.9 , 300 , 229 , 208 , 5766 ,-8.3 
 148.67 , 14.86 , 137 , 15.78 , 22 ,-6.274 , 193.5 , 299 , 229 , 207 , 5762 ,-8.9 
 148.87 , 14.88 , 137.1 , 15.65 , 22 ,-6.272 , 193.9 , 300 , 229 , 208 , 5762 ,-8.4 
 149.08 , 14.91 , 137.1 , 15.81 , 22 ,-6.265 , 192.9 , 300 , 229 , 207 , 5762 ,-8.3 
 149.28 , 14.93 , 137.1 , 15.84 , 22 ,-6.273 , 193.1 , 300 , 229 , 208 , 5764 ,-8.4 
 149.48 , 14.95 , 137 , 16.46 , 24 ,-6.271 , 193.3 , 300 , 229 , 207 , 5765 ,-8.1 
 149.68 , 14.97 , 137.1 , 17 , 25 ,-6.276 , 193.1 , 300 , 228 , 208 , 5766 ,-8.1 
 149.88 , 14.99 , 137.1 , 17.28 , 26 ,-6.282 , 193.3 , 299 , 230 , 208 , 5766 ,-8.4 
 150.09 , 15.01 , 137 , 18.17 , 26 ,-6.25 , 193.4 , 300 , 228 , 207 , 5767 ,-8.4 
 150.29 , 15.03 , 137 , 18.88 , 28 ,-6.236 , 193 , 300 , 230 , 207 , 5764 ,-8.1 
 150.49 , 15.05 , 137.2 , 19.51 , 29 ,-6.221 , 193.5 , 301 , 229 , 208 , 5765 ,-8.4 
 150.69 , 15.07 , 137.1 , 20.86 , 30 ,-6.201 , 193.4 , 301 , 228 , 208 , 5761 ,-8.6 
 150.89 , 15.09 , 137.3 , 21.49 , 31 ,-6.179 , 193.5 , 300 , 229 , 207 , 5767 ,-8.6 
 151.1 , 15.11 , 137.3 , 22.28 , 31 ,-6.175 , 193.3 , 300 , 229 , 207 , 5766 ,-8.6 
 151.3 , 15.13 , 137.3 , 22.92 , 33 ,-6.148 , 193.3 , 300 , 228 , 207 , 5762 ,-7.9 
 151.5 , 15.15 , 137.4 , 24.15 , 35 ,-6.115 , 193.5 , 301 , 228 , 206 , 5766 ,-8 
 151.7 , 15.17 , 137.5 , 24.6 , 35 ,-6.116 , 193.1 , 301 , 228 , 206 , 5761 ,-8.1 
 151.9 , 15.19 , 137.4 , 25.23 , 36 ,-6.097 , 193.6 , 301 , 227 , 206 , 5761 ,-8.3 
 152.11 , 15.21 , 137.4 , 26.12 , 37 ,-6.054 , 193.1 , 300 , 227 , 205 , 5766 ,-8.3 
 152.31 , 15.23 , 137.5 , 26.53 , 38 ,-6.058 , 193.4 , 302 , 228 , 204 , 5767 ,-8.8 
 152.51 , 15.25 , 137.5 , 26.8 , 38 ,-6.054 , 193 , 301 , 226 , 205 , 5763 ,-8.4 
 152.71 , 15.27 , 137.3 , 27.23 , 38 ,-6.059 , 193.1 , 301 , 226 , 205 , 5767 ,-8.4 
 152.91 , 15.29 , 137.5 , 27.19 , 39 ,-6.033 , 193.1 , 301 , 227 , 204 , 5764 ,-8.3 
 153.12 , 15.31 , 137.5 , 27.36 , 39 ,-6.028 , 193.2 , 301 , 226 , 205 , 5764 ,-8.5 
 153.32 , 15.33 , 137.4 , 27.41 , 39 ,-6.032 , 193.5 , 301 , 226 , 204 , 5765 ,-7.4 
 153.52 , 15.35 , 137.4 , 27.34 , 38 ,-6.041 , 192.8 , 301 , 226 , 205 , 5762 ,-8.8 
 153.72 , 15.37 , 137.5 , 27.35 , 39 ,-6.015 , 193.4 , 302 , 227 , 205 , 5766 ,-8.4 
 153.92 , 15.39 , 137.4 , 27.38 , 39 ,-6.026 , 193.2 , 301 , 226 , 204 , 5764 ,-8.6 
 154.13 , 15.41 , 137.4 , 27.11 , 38 ,-6.02 , 192.9 , 300 , 226 , 205 , 5765 ,-8.1 
 154.33 , 15.43 , 137.5 , 26.6 , 37 ,-6.036 , 193 , 301 , 226 , 205 , 5766 ,-8.1 
 154.53 , 15.45 , 137.6 , 26.12 , 35 ,-5.994 , 192.8 , 301 , 226 , 205 , 5764 ,-8.8 
 154.73 , 15.47 , 137.5 , 25.56 , 36 ,-6.03 , 193.6 , 301 , 226 , 205 , 5763 ,-8.1 
 154.93 , 15.49 , 137.5 , 24.78 , 35 ,-6.05 , 193.2 , 301 , 225 , 205 , 5765 ,-8.4 
 155.14 , 15.51 , 137.5 , 23.99 , 33 ,-6.081 , 193.1 , 301 , 226 , 205 , 5766 ,-8.8 
 155.34 , 15.53 , 137.4 , 23.3 , 32 ,-6.068 , 193 , 300 , 226 , 204 , 5763 ,-8.1 
 155.54 , 15.55 , 137.4 , 22.25 , 31 ,-6.069 , 193.5 , 300 , 227 , 205 , 5766 ,-8.5 
 155.74 , 15.57 , 137.5 , 21.32 , 29 ,-6.094 , 193.4 , 300 , 227 , 205 , 5764 ,-8.8 
 155.94 , 15.59 , 137.3 , 20.86 , 28 ,-6.099 , 193 , 300 , 226 , 204 , 5764 ,-8.6 
 156.15 , 15.61 , 137.3 , 20.3 , 28 ,-6.114 , 193.1 , 300 , 227 , 205 , 5762 ,-8 
 156.35 , 15.63 , 137.3 , 19.25 , 26 ,-6.13 , 193.2 , 300 , 227 , 206 , 5763 ,-8 
 156.55 , 15.65 , 137.3 , 18.65 , 26 ,-6.151 , 193.4 , 299 , 228 , 206 , 5767 ,-8.3 
 156.75 , 15.67 , 137.3 , 18.12 , 25 ,-6.166 , 193 , 300 , 227 , 206 , 5761 ,-8.4 
 156.95 , 15.69 , 137.2 , 17.39 , 24 ,-6.194 , 193.5 , 300 , 228 , 206 , 5767 ,-7.9 
 157.16 , 15.71 , 137.2 , 16.92 , 24 ,-6.197 , 193.5 , 299 , 229 , 206 , 5764 ,-8 
 157.36 , 15.73 , 137.3 , 16.7 , 22 ,-6.204 , 193.2 , 299 , 228 , 207 , 5764 ,-8 
 157.56 , 15.75 , 137.1 , 16.22 , 23 ,-6.258 , 193.9 , 300 , 229 , 207 , 5767 ,-8.4 
 157.76 , 15.77 , 137.1 , 16.16 , 22 ,-6.251 , 193.2 , 300 , 229 , 207 , 5765 ,-8.5 
 157.96 , 15.79 , 137.1 , 15.78 , 23 ,-6.261 , 193.1 , 299 , 229 , 207 , 5768 ,-8.5 
 158.17 , 15.81 , 137.1 , 15.85 , 22 ,-6.262 , 193.1 , 299 , 229 , 207 , 5764 ,-8.6 
 158.37 , 15.83 , 137.1 , 15.83 , 22 ,-6.277 , 193.3 , 299 , 229 , 207 , 5763 ,-8.4 
 158.57 , 15.85 , 137 , 15.65 , 22 ,-6.272 , 193.1 , 300 , 229 , 207 , 5765 ,-7.8 
 158.77 , 15.87 , 137 , 15.82 , 23 ,-6.284 , 193 , 299 , 230 , 207 , 5765 ,-8.4 
 158.97 , 15.9 , 137.1 , 15.87 , 22 ,-6.267 , 193.2 , 300 , 229 , 208 , 5765 ,-8.1 
 159.18 , 15.92 , 136.9 , 15.83 , 22 ,-6.269 , 193.4 , 299 , 229 , 207 , 5768 ,-7.8 
 159.38 , 15.94 , 137 , 15.97 , 23 ,-6.274 , 193.3 , 300 , 228 , 207 , 5764 ,-8.8 
 159.58 , 15.96 , 137 , 16.4 , 24 ,-6.277 , 193 , 300 , 228 , 207 , 5762 ,-8 
 159.78 , 15.98 , 137 , 17.2 , 25 ,-6.277 , 192.9 , 300 , 230 , 208 , 5762 ,-8.4 
 159.98 , 16 , 137 , 17.79 , 26 ,-6.252 , 193.1 , 300 , 230 , 207 , 5764 ,-8.6 
 160.19 , 16.02 , 137 , 18.37 , 26 ,-6.244 , 193.8 , 299 , 229 , 208 , 5766 ,-8.3 
 160.39 , 16.04 , 137.1 , 19.57 , 29 ,-6.216 , 193.6 , 300 , 229 , 208 , 5765 ,-8 
 160.59 , 16.06 , 137.2 , 20.27 , 29 ,-6.212 , 193.1 , 300 , 230 , 208 , 5767 ,-8 
 160.79 , 16.08 , 137.2 , 20.96 , 31 ,-6.201 , 193.8 , 300 , 228 , 207 , 5770 ,-8.4 
 160.99 , 16.1 , 137.2 , 22.18 , 32 ,-6.214 , 193.6 , 301 , 229 , 207 , 5767 ,-8.1 
 161.2 , 16.12 , 137.3 , 22.8 , 33 ,-6.176 , 193 , 300 , 228 , 206 , 5768 ,-8.5 
 161.4 , 16.14 , 137.3 , 23.56 , 34 ,-6.175 , 193.9 , 300 , 228 , 206 , 5764 ,-8.4 
 161.6 , 16.16 , 137.3 , 24.01 , 35 ,-6.155 , 193.7 , 300 , 227 , 206 , 5764 ,-8.1 
 161.8 , 16.18 , 137.4 , 25.23 , 36 ,-6.133 , 193.2 , 300 , 228 , 206 , 5766 ,-8.5 
 162 , 16.2 , 137.4 , 25.66 , 37 ,-6.09 , 193.3 , 300 , 227 , 205 , 5762 ,-8.3 
 162.21 , 16.22 , 137.4 , 26.14 , 37 ,-6.08 , 193.2 , 301 , 227 , 205 , 5766 ,-8.4 
 162.41 , 16.24 , 137.4 , 26.58 , 39 ,-6.057 , 193.4 , 301 , 227 , 205 , 5763 ,-7.9 
 162.61 , 16.26 , 137.4 , 27.04 , 38 ,-6.058 , 193.5 , 301 , 226 , 205 , 5766 ,-8.4 
 162.81 , 16.28 , 137.4 , 27.15 , 39 ,-6.056 , 193.5 , 301 , 226 , 205 , 5765 ,-8.1 
 163.01 , 16.3 , 137.5 , 27.16 , 39 ,-6.046 , 193.4 , 302 , 226 , 205 , 5765 ,-8 
 163.22 , 16.32 , 137.5 , 27.38 , 39 ,-6.047 , 193.3 , 301 , 227 , 205 , 5766 ,-8.6 
 163.42 , 16.34 , 137.6 , 27.47 , 39 ,-6.035 , 193.7 , 301 , 226 , 204 , 5765 ,-8.5 
 163.62 , 16.36 , 137.5 , 27.33 , 39 ,-6.044 , 193.4 , 301 , 226 , 205 , 5766 ,-8.3 
 163.82 , 16.38 , 137.5 , 27.26 , 39 ,-6.055 , 193.3 , 301 , 226 , 205 , 5766 ,-7.9 
 164.02 , 16.4 , 137.5 , 27.18 , 39 ,-6.043 , 193.3 , 301 , 226 , 204 , 5762 ,-8.1 
 164.23 , 16.42 , 137.5 , 27.09 , 38 ,-6.038 , 192.9 , 301 , 226 , 204 , 5765 ,-8.8 
 164.43 , 16.44 , 137.5 , 26.19 , 37 ,-6.059 , 193.5 , 301 , 225 , 205 , 5764 ,-8.5 
 164.63 , 16.46 , 137.5 , 25.57 , 36 ,-6.041 , 193.2 , 301 , 226 , 205 , 5765 ,-8.1 
 164.83 , 16.48 , 137.6 , 25.07 , 35 ,-6.053 , 193.2 , 301 , 226 , 205 , 5763 ,-8.1 
 165.03 , 16.5 , 137.4 , 24.47 , 34 ,-6.046 , 193.1 , 301 , 226 , 204 , 5764 ,-8.3 
 165.24 , 16.52 , 137.4 , 23.49 , 32 ,-6.072 , 192.9 , 300 , 226 , 205 , 5765 ,-8.3 
 165.44 , 16.54 , 137.5 , 22.82 , 31 ,-6.089 , 193.6 , 300 , 226 , 205 , 5765 ,-8.3 
 165.64 , 16.56 , 137.5 , 22.17 , 30 ,-6.083 , 193.3 , 300 , 226 , 205 , 5764 ,-8.4 
 165.84 , 16.58 , 137.3 , 20.84 , 29 ,-6.127 , 193.2 , 301 , 226 , 205 , 5766 ,-8.3 
 166.04 , 16.6 , 137.4 , 20.12 , 28 ,-6.129 , 193.1 , 300 , 227 , 206 , 5765 ,-8.1 
 166.25 , 16.62 , 137.3 , 19.61 , 27 ,-6.139 , 193.2 , 300 , 227 , 207 , 5766 ,-7.9 
 166.45 , 16.64 , 137.3 , 19.29 , 25 ,-6.156 , 193 , 300 , 228 , 205 , 5768 ,-8.4 
 166.65 , 16.66 , 137.3 , 18.3 , 25 ,-6.174 , 193.1 , 300 , 227 , 206 , 5765 ,-8.9 
 166.85 , 16.68 , 137.2 , 17.82 , 24 ,-6.207 , 193.2 , 300 , 228 , 206 , 5762 ,-8 
 167.05 , 16.7 , 137.2 , 17.55 , 23 ,-6.205 , 193.3 , 300 , 228 , 207 , 5766 ,-8.1 
 167.26 , 16.72 , 137.1 , 16.76 , 23 ,-6.234 , 193.1 , 299 , 227 , 207 , 5765 ,-8.1 
 167.46 , 16.74 , 137.1 , 16.51 , 23 ,-6.283 , 193.3 , 299 , 228 , 207 , 5762 ,-8.6 
 167.66 , 16.76 , 137.1 , 16.24 , 22 ,-6.273 , 193.2 , 300 , 230 , 207 , 5763 ,-8 
 167.86 , 16.78 , 137.1 , 15.93 , 22 ,-6.271 , 193.3 , 299 , 229 , 207 , 5765 ,-7.9 
 168.06 , 16.8 , 137.1 , 15.72 , 22 ,-6.288 , 193.3 , 299 , 229 , 208 , 5764 ,-8.1 
 168.27 , 16.82 , 137 , 15.67 , 22 ,-6.298 , 193.4 , 300 , 230 , 207 , 5762 ,-7.9 
 168.47 , 16.84 , 137 , 15.54 , 22 ,-6.304 , 193.4 , 299 , 229 , 208 , 5763 ,-8.1 
 168.67 , 16.86 , 137.1 , 15.86 , 22 ,-6.318 , 193.1 , 300 , 229 , 207 , 5766 ,-8.3 
 168.87 , 16.89 , 137 , 15.85 , 23 ,-6.317 , 193.4 , 299 , 229 , 208 , 5764 ,-8.1 
 169.07 , 16.91 , 137.1 , 15.74 , 23 ,-6.29 , 193.5 , 300 , 230 , 207 , 5764 ,-8.5 
 169.28 , 16.93 , 137 , 15.77 , 23 ,-6.294 , 193.4 , 300 , 229 , 207 , 5764 ,-8.8 
 169.48 , 16.95 , 137 , 16.51 , 24 ,-6.291 , 193.4 , 299 , 229 , 207 , 5763 ,-8.6 
 169.68 , 16.97 , 137.1 , 16.92 , 24 ,-6.298 , 193.4 , 300 , 230 , 208 , 5765 ,-8.3 
 169.88 , 16.99 , 137.2 , 17.31 , 25 ,-6.29 , 193.1 , 299 , 229 , 208 , 5767 ,-7.9 
 170.08 , 17.01 , 137.1 , 18.32 , 26 ,-6.279 , 193.2 , 300 , 229 , 208 , 5763 ,-8 
 170.29 , 17.03 , 137.1 , 18.86 , 27 ,-6.234 , 193.3 , 300 , 230 , 207 , 5764 ,-8.3 
 170.49 , 17.05 , 137.1 , 19.63 , 29 ,-6.235 , 193.4 , 299 , 229 , 208 , 5763 ,-8 
 170.69 , 17.07 , 137.2 , 21.05 , 30 ,-6.228 , 193.2 , 300 , 229 , 207 , 5765 ,-8.4 
 170.89 , 17.09 , 137.2 , 21.55 , 31 ,-6.189 , 193.3 , 300 , 229 , 207 , 5762 ,-8.3 
 171.09 , 17.11 , 137.3 , 22.13 , 32 ,-6.167 , 193.2 , 300 , 228 , 207 , 5765 ,-8.4 
 171.3 , 17.13 , 137.2 , 22.85 , 33 ,-6.155 , 193.2 , 300 , 229 , 207 , 5766 ,-8.6 
 171.5 , 17.15 , 137.2 , 23.88 , 34 ,-6.124 , 192.8 , 300 , 227 , 205 , 5764 ,-8 
 171.7 , 17.17 , 137.4 , 24.68 , 35 ,-6.112 , 193.4 , 301 , 228 , 206 , 5764 ,-7.9 
 171.9 , 17.19 , 137.4 , 24.96 , 37 ,-6.129 , 193 , 301 , 227 , 206 , 5766 ,-8.6 
 172.1 , 17.21 , 137.4 , 25.9 , 37 ,-6.069 , 193.6 , 300 , 226 , 205 , 5762 ,-8 
 172.31 , 17.23 , 137.6 , 26.49 , 38 ,-6.065 , 193.4 , 301 , 226 , 206 , 5763 ,-8.4 
 172.51 , 17.25 , 137.5 , 26.83 , 38 ,-6.054 , 193.6 , 301 , 227 , 205 , 5767 ,-8.3 
 172.71 , 17.27 , 137.5 , 27.23 , 39 ,-6.051 , 193.2 , 301 , 226 , 205 , 5764 ,-8 
 172.91 , 17.29 , 137.4 , 27.28 , 39 ,-6.05 , 193 , 301 , 226 , 204 , 5762 ,-8.3 
 173.11 , 17.31 , 137.5 , 27.37 , 39 ,-6.044 , 193.2 , 301 , 227 , 205 , 5765 ,-8.4 
 173.32 , 17.33 , 137.6 , 27.42 , 39 ,-6.021 , 193.1 , 301 , 226 , 204 , 5764 ,-8.4 
 173.52 , 17.35 , 137.6 , 27.46 , 38 ,-6.03 , 192.5 , 301 , 227 , 205 , 5765 ,-8.4 
 173.72 , 17.37 , 137.5 , 27.28 , 38 ,-6.048 , 193.3 , 302 , 226 , 205 , 5766 ,-8.5 
 173.92 , 17.39 , 137.5 , 27.36 , 38 ,-6.038 , 193.2 , 301 , 226 , 205 , 5765 ,-8.5 
 174.12 , 17.41 , 137.5 , 27.12 , 39 ,-6.028 , 193.4 , 301 , 226 , 205 , 5763 ,-8.8 
 174.33 , 17.43 , 137.6 , 26.78 , 37 ,-6.031 , 193.1 , 300 , 226 , 205 , 5765 ,-8 
 174.53 , 17.45 , 137.6 , 26.06 , 36 ,-6.025 , 193.4 , 301 , 226 , 205 , 5765 ,-8.4 
 174.73 , 17.47 , 137.4 , 25.4 , 35 ,-6.03 , 193.6 , 300 , 226 , 204 , 5769 ,-8.6 
 174.93 , 17.49 , 137.5 , 24.7 , 34 ,-6.055 , 193.1 , 301 , 226 , 205 , 5765 ,-8.4 
 175.13 , 17.51 , 137.4 , 24.06 , 34 ,-6.064 , 193.1 , 300 , 226 , 205 , 5766 ,-8.5 
 175.34 , 17.53 , 137.4 , 23.44 , 32 ,-6.063 , 193.2 , 301 , 227 , 204 , 5766 ,-7.9 
 175.54 , 17.55 , 137.4 , 22.21 , 31 ,-6.081 , 193.3 , 301 , 227 , 205 , 5765 ,-8.6 
 175.74 , 17.57 , 137.4 , 21.38 , 30 ,-6.086 , 193.4 , 300 , 227 , 205 , 5762 ,-8.8 
 175.94 , 17.59 , 137.4 , 20.81 , 28 ,-6.09 , 192.9 , 301 , 226 , 205 , 5764 ,-8.9 
