时间(S)	轴位移(mm)	力(kN)	力(kPa)	变形(mm)	 侧位移(mm)	围压(kPa)	孔压(kPa)	反压(kPa)	体变(kPa)	小体变(ml)
0.0	 99.6 	 11.63 	 165 	-6.651 	 0 	 300 	 280 	 256 	 1250 	-8.1 
 .5 	 99.5 	 11.65 	 .16 	-6.638 	 220 	 300 	 281 	 257 	 1252 	-8.5 
 1 	 99.7 	 11.54 	 .16 	-6.631 	 220 	 300 	 281 	 257 	 1248 	-8.3 
 1.5 	 99.6 	 11.6 	 .16 	-6.615 	 220 	 300 	 280 	 257 	 1251 	-8.1 
 2 	 99.7 	 11.57 	 .17 	-6.639 	 220 	 300 	 281 	 256 	 1251 	-8.1 
 2.5 	 99.4 	 11.57 	 .17 	-6.635 	 220 	 300 	 281 	 257 	 1251 	-8.1 
 3 	 99.6 	 11.6 	 .16 	-6.639 	 220 	 300 	 280 	 257 	 1250 	-8 
 3.5 	 99.5 	 11.54 	 .16 	-6.633 	 220 	 300 	 281 	 257 	 1251 	-8 
 4 	 99.5 	 11.56 	 .17 	-6.624 	 220 	 300 	 281 	 256 	 1249 	-8 
 4.5 	 99.7 	 11.46 	 .16 	-6.622 	 220 	 300 	 281 	 256 	 1250 	-8.3 
 5 	 99.5 	 11.59 	 .16 	-6.626 	 220 	 300 	 281 	 257 	 1251 	-8.3 
 5.5 	 99.4 	 11.6 	 .17 	-6.636 	 220 	 300 	 281 	 257 	 1250 	-8.1 
 6 	 99.8 	 11.57 	 .17 	-6.625 	 220 	 301 	 281 	 257 	 1251 	-8.3 
 6.5 	 99.5 	 11.59 	 .16 	-6.63 	 220 	 301 	 281 	 257 	 1252 	-8.3 
 7 	 99.7 	 11.69 	 .16 	-6.619 	 220 	 300 	 281 	 257 	 1250 	-8.4 
 7.5 	 99.6 	 11.6 	 .16 	-6.606 	 221 	 300 	 280 	 257 	 1251 	-8.1 
 8 	 99.7 	 11.56 	 .16 	-6.629 	 220 	 300 	 281 	 257 	 1251 	-8.4 
 8.5 	 99.5 	 11.34 	 .16 	-6.628 	 220 	 301 	 281 	 256 	 1251 	-8.3 
 9 	 99.6 	 11.33 	 .16 	-6.619 	 220 	 300 	 280 	 257 	 1252 	-7.9 
 9.5 	 99.6 	 11.33 	 .16 	-6.622 	 220 	 300 	 280 	 256 	 1251 	-8 
 10 	 99.7 	 11.18 	 .16 	-6.622 	 220 	 300 	 280 	 256 	 1251 	-8.3 
 10.5 	 99.6 	 11.29 	 .16 	-6.613 	 220 	 301 	 280 	 256 	 1250 	-8.4 
 11 	 99.5 	 11.15 	 .16 	-6.62 	 221 	 300 	 280 	 256 	 1251 	-8.4 
 11.5 	 99.7 	 11.22 	 .16 	-6.611 	 220 	 300 	 279 	 256 	 1249 	-8 
 12 	 99.4 	 11.24 	 .16 	-6.618 	 220 	 300 	 280 	 256 	 1251 	-8 
 12.5 	 99.6 	 11.22 	 .16 	-6.628 	 220 	 300 	 280 	 256 	 1250 	-8 
 13 	 99.5 	 11.18 	 .17 	-6.624 	 221 	 300 	 280 	 256 	 1252 	-8 
 13.5 	 99.4 	 11.2 	 .16 	-6.616 	 220 	 301 	 280 	 255 	 1249 	-8.1 
 14 	 99.5 	 11.24 	 .16 	-6.623 	 220 	 300 	 280 	 255 	 1249 	-8.4 
 14.5 	 99.4 	 11.25 	 .16 	-6.631 	 220 	 300 	 279 	 255 	 1250 	-8.3 
 15 	 99.8 	 11.28 	 .16 	-6.625 	 220 	 301 	 280 	 256 	 1251 	-8.4 
 15.5 	 99.6 	 11.28 	 .16 	-6.626 	 220 	 301 	 279 	 256 	 1250 	-8.1 
 16 	 99.4 	 11.26 	 .16 	-6.634 	 220 	 301 	 279 	 255 	 1254 	-8.5 
 16.5 	 99.6 	 11.16 	 .15 	-6.631 	 220 	 300 	 279 	 255 	 1249 	-8.3 
 17 	 99.4 	 11.24 	 .16 	-6.649 	 220 	 300 	 279 	 256 	 1250 	-8.3 
 17.5 	 99.4 	 11.21 	 .16 	-6.647 	 220 	 300 	 280 	 255 	 1251 	-8.3 
 18 	 99.4 	 11.28 	 .16 	-6.627 	 220 	 301 	 279 	 255 	 1252 	-8 
 18.5 	 99.6 	 11.23 	 .16 	-6.631 	 220 	 301 	 279 	 255 	 1248 	-8.1 
 19 	 99.4 	 11.32 	 .16 	-6.626 	 220 	 300 	 279 	 256 	 1252 	-8.1 
 19.5 	 99.6 	 11.34 	 .16 	-6.627 	 220 	 300 	 280 	 255 	 1251 	-7.9 
 20 	 99.5 	 11.35 	 .16 	-6.62 	 220 	 300 	 279 	 256 	 1250 	-8 
 20.5 	 99.3 	 11.29 	 .16 	-6.634 	 220 	 300 	 280 	 255 	 1249 	-8.4 
 21 	 99.4 	 11.4 	 .16 	-6.638 	 221 	 300 	 280 	 256 	 1250 	-8.4 
 21.5 	 99.5 	 11.41 	 .16 	-6.633 	 220 	 301 	 280 	 256 	 1250 	-8.3 
 22 	 99.6 	 11.26 	 .16 	-6.615 	 220 	 300 	 280 	 255 	 1250 	-8.1 
 22.5 	 99.3 	 11.33 	 .16 	-6.632 	 220 	 300 	 280 	 256 	 1249 	-8.3 
 23 	 99.5 	 11.38 	 .16 	-6.622 	 220 	 300 	 280 	 256 	 1251 	-8.3 
 23.5 	 99.6 	 11.34 	 .16 	-6.624 	 220 	 300 	 280 	 256 	 1251 	-8 
 24 	 99.5 	 11.42 	 .16 	-6.627 	 220 	 300 	 280 	 256 	 1250 	-8 
 24.5 	 99.6 	 11.4 	 .16 	-6.618 	 220 	 300 	 280 	 256 	 1251 	-7.9 
 25 	 99.4 	 11.43 	 .16 	-6.63 	 220 	 300 	 280 	 256 	 1248 	-8 
 25.5 	 99.5 	 11.4 	 .16 	-6.633 	 220 	 300 	 280 	 256 	 1250 	-8.5 
 26 	 99.7 	 11.39 	 .16 	-6.64 	 220 	 300 	 271 	 255 	 1252 	-8.3 
 26.5 	 99.5 	 11.12 	 .16 	-6.629 	 220 	 299 	 257 	 251 	 1261 	-8.3 
 27 	 99.6 	 10.93 	 .16 	-6.63 	 220 	 297 	 253 	 247 	 1283 	-7.6 
 27.5 	 99.5 	 10.9 	 .15 	-6.64 	 221 	 298 	 252 	 245 	 1310 	-8.3 
 28 	 99.4 	 10.81 	 .15 	-6.641 	 221 	 298 	 251 	 243 	 1338 	-7.8 
 28.5 	 99.5 	 10.87 	 .15 	-6.65 	 222 	 298 	 250 	 240 	 1357 	-8.1 
 29 	 99.6 	 10.84 	 .15 	-6.651 	 222 	 298 	 249 	 238 	 1374 	-8 
 29.5 	 99.4 	 10.68 	 .15 	-6.653 	 222 	 298 	 248 	 236 	 1393 	-8.1 
 30 	 99.5 	 10.53 	 .15 	-6.65 	 222 	 299 	 248 	 235 	 1411 	-8.3 
 30.5 	 99.7 	 10.57 	 .15 	-6.646 	 223 	 299 	 247 	 233 	 1427 	-8.3 
 31 	 99.5 	 10.52 	 .15 	-6.652 	 223 	 299 	 246 	 231 	 1444 	-7.9 
 31.5 	 99.6 	 10.45 	 .16 	-6.655 	 223 	 300 	 245 	 230 	 1455 	-8 
 32 	 99.6 	 10.49 	 .14 	-6.643 	 223 	 300 	 245 	 229 	 1466 	-8.3 
 32.5 	 99.6 	 10.52 	 .15 	-6.641 	 223 	 300 	 244 	 227 	 1476 	-8.1 
 33 	 99.6 	 10.42 	 .15 	-6.65 	 224 	 300 	 244 	 226 	 1488 	-8 
 33.5 	 99.4 	 10.34 	 .15 	-6.645 	 224 	 300 	 243 	 225 	 1499 	-8.3 
 34 	 99.7 	 10.38 	 .15 	-6.641 	 224 	 301 	 242 	 224 	 1506 	-8.1 
 34.5 	 99.5 	 10.39 	 .15 	-6.65 	 224 	 300 	 241 	 224 	 1516 	-8.1 
 35 	 99.6 	 10.27 	 .15 	-6.648 	 224 	 300 	 241 	 222 	 1524 	-8.4 
 35.5 	 99.7 	 10.23 	 .14 	-6.645 	 224 	 301 	 239 	 221 	 1531 	-8 
 36 	 99.5 	 10.3 	 .14 	-6.648 	 224 	 300 	 239 	 220 	 1540 	-8.4 
 36.5 	 99.7 	 10.2 	 .15 	-6.648 	 224 	 300 	 237 	 220 	 1547 	-8.3 
 37 	 99.5 	 10.17 	 .15 	-6.636 	 225 	 300 	 237 	 218 	 1550 	-7.9 
 37.5 	 99.7 	 10.01 	 .14 	-6.636 	 224 	 300 	 236 	 218 	 1561 	-8 
 38 	 99.7 	 10.03 	 .15 	-6.633 	 225 	 301 	 234 	 216 	 1571 	-8.3 
 38.5 	 99.6 	 10.05 	 .14 	-6.634 	 225 	 300 	 234 	 216 	 1577 	-8.3 
 39 	 99.7 	 10.09 	 .14 	-6.635 	 225 	 301 	 233 	 215 	 1583 	-8.3 
 39.5 	 99.6 	 10.05 	 .14 	-6.631 	 225 	 300 	 233 	 214 	 1588 	-8.1 
 40 	 99.8 	 10.13 	 .14 	-6.637 	 225 	 299 	 232 	 214 	 1593 	-8 
 40.5 	 99.6 	 10.06 	 .14 	-6.627 	 225 	 300 	 231 	 213 	 1602 	-8.1 
 41 	 99.6 	 10.08 	 .14 	-6.644 	 225 	 301 	 231 	 213 	 1606 	-7.9 
 41.5 	 99.7 	 10.18 	 .14 	-6.647 	 225 	 301 	 231 	 212 	 1610 	-8.1 
 42 	 99.7 	 10.07 	 .14 	-6.635 	 225 	 301 	 231 	 211 	 1616 	-7.9 
 42.5 	 99.6 	 9.88 	 .14 	-6.636 	 225 	 300 	 230 	 210 	 1618 	-8 
 43 	 99.6 	 9.64 	 .13 	-6.624 	 225 	 300 	 229 	 210 	 1622 	-8.1 
 43.5 	 99.7 	 9.55 	 .13 	-6.637 	 225 	 300 	 229 	 209 	 1626 	-8.3 
 44 	 99.5 	 9.52 	 .13 	-6.629 	 226 	 300 	 230 	 209 	 1630 	-8.3 
 44.5 	 99.6 	 9.46 	 .13 	-6.638 	 226 	 300 	 229 	 209 	 1631 	-8.3 
 45 	 99.5 	 9.49 	 .14 	-6.64 	 225 	 300 	 230 	 209 	 1633 	-8.1 
 45.5 	 99.7 	 9.53 	 .13 	-6.613 	 225 	 300 	 229 	 209 	 1635 	-8 
 46 	 99.6 	 9.48 	 .13 	-6.62 	 225 	 300 	 229 	 209 	 1637 	-8.3 
 46.5 	 99.4 	 9.52 	 .13 	-6.628 	 226 	 301 	 229 	 209 	 1641 	-8.3 
 47 	 99.5 	 9.33 	 .13 	-6.62 	 225 	 300 	 228 	 208 	 1640 	-8.3 
 47.5 	 99.5 	 9.48 	 .13 	-6.631 	 225 	 301 	 229 	 209 	 1644 	-8.4 
 48 	 99.4 	 9.42 	 .13 	-6.624 	 226 	 300 	 229 	 208 	 1645 	-8.3 
 48.5 	 99.5 	 9.48 	 .14 	-6.627 	 225 	 300 	 229 	 208 	 1647 	-8.4 
 49 	 99.5 	 9.4 	 .13 	-6.63 	 226 	 300 	 228 	 208 	 1647 	-8 
 49.5 	 99.4 	 9.42 	 .14 	-6.636 	 225 	 300 	 228 	 208 	 1647 	-8.1 
 50 	 99.7 	 9.53 	 .13 	-6.627 	 226 	 300 	 228 	 208 	 1650 	-8.3 
 50.5 	 99.5 	 9.64 	 .14 	-6.644 	 226 	 301 	 228 	 208 	 1652 	-8 
 51 	 99.3 	 9.47 	 .14 	-6.63 	 225 	 300 	 229 	 207 	 1651 	-8.1 
 51.5 	 99.6 	 9.64 	 .14 	-6.603 	 226 	 301 	 228 	 208 	 1654 	-8.3 
 52 	 99.4 	 9.54 	 .14 	-6.615 	 226 	 301 	 228 	 208 	 1656 	-8.1 
 52.5 	 99.5 	 9.69 	 .14 	-6.624 	 226 	 301 	 228 	 208 	 1655 	-8.3 
 53 	 99.6 	 9.88 	 .14 	-6.644 	 226 	 301 	 228 	 208 	 1659 	-8 
 53.5 	 99.4 	 9.83 	 .14 	-6.67 	 225 	 300 	 228 	 208 	 1656 	-7.8 
 54 	 99.6 	 9.78 	 .14 	-6.679 	 226 	 300 	 228 	 208 	 1659 	-8.4 
 54.5 	 99.3 	 9.98 	 .14 	-6.691 	 226 	 300 	 228 	 208 	 1659 	-8.1 
 55 	 99.6 	 9.88 	 .14 	-6.684 	 226 	 300 	 229 	 208 	 1660 	-8.3 
 55.5 	 99.6 	 10.06 	 .14 	-6.678 	 226 	 300 	 228 	 208 	 1663 	-8 
 56 	 99.6 	 9.91 	 .14 	-6.678 	 226 	 300 	 229 	 208 	 1664 	-8.1 
 56.5 	 99.6 	 9.99 	 .14 	-6.658 	 226 	 300 	 228 	 208 	 1666 	-8.1 
 57 	 99.5 	 10.03 	 .14 	-6.675 	 226 	 300 	 228 	 208 	 1666 	-8.1 
 57.5 	 99.8 	 10.03 	 .14 	-6.654 	 226 	 300 	 229 	 208 	 1666 	-8.3 
 58 	 99.6 	 10.04 	 .14 	-6.652 	 226 	 300 	 228 	 208 	 1668 	-8.5 
 58.5 	 99.5 	 10.03 	 .14 	-6.664 	 226 	 300 	 229 	 208 	 1671 	-8.1 
 59 	 99.5 	 9.94 	 .14 	-6.662 	 226 	 300 	 229 	 208 	 1671 	-8.5 
 59.5 	 99.5 	 10.01 	 .14 	-6.664 	 226 	 300 	 229 	 208 	 1671 	-8 
 60 	 99.6 	 9.95 	 .14 	-6.654 	 226 	 300 	 229 	 208 	 1670 	-8.1 
 60.5 	 99.6 	 10.03 	 .14 	-6.669 	 226 	 301 	 229 	 208 	 1674 	-8.4 
 61 	 99.6 	 10.03 	 .14 	-6.665 	 226 	 300 	 229 	 208 	 1672 	-8.5 
 61.5 	 99.5 	 10.02 	 .14 	-6.655 	 226 	 300 	 229 	 208 	 1670 	-7.9 
 62 	 99.6 	 10 	 .14 	-6.649 	 226 	 300 	 229 	 208 	 1672 	-8.6 
 62.5 	 99.5 	 9.95 	 .14 	-6.667 	 226 	 301 	 228 	 208 	 1672 	-8.3 
 63 	 99.4 	 10.01 	 .14 	-6.665 	 226 	 300 	 229 	 207 	 1674 	-8.1 
 63.5 	 99.7 	 10.05 	 .14 	-6.647 	 226 	 300 	 229 	 208 	 1673 	-8 
 64 	 99.5 	 10.02 	 .14 	-6.667 	 226 	 301 	 228 	 208 	 1671 	-7.9 
 64.5 	 99.7 	 9.97 	 .14 	-6.672 	 226 	 300 	 229 	 208 	 1673 	-7.9 
 65 	 99.7 	 9.97 	 .14 	-6.626 	 226 	 300 	 229 	 208 	 1673 	-8.3 
 65.5 	 99.4 	 10.06 	 .14 	-6.668 	 226 	 301 	 229 	 207 	 1672 	-8 
 66 	 99.6 	 9.99 	 .14 	-6.66 	 226 	 301 	 229 	 208 	 1675 	-8 
 66.5 	 99.6 	 10.02 	 .14 	-6.666 	 226 	 300 	 229 	 208 	 1673 	-8 
 67 	 99.6 	 10.05 	 .14 	-6.659 	 226 	 300 	 229 	 208 	 1674 	-8.1 
 67.5 	 99.8 	 10.07 	 .14 	-6.655 	 226 	 300 	 229 	 208 	 1674 	-8.3 
 68 	 99.7 	 10.02 	 .15 	-6.68 	 226 	 300 	 228 	 208 	 1674 	-8.1 
 68.5 	 99.4 	 10.02 	 .14 	-6.651 	 226 	 300 	 229 	 208 	 1676 	-8 
 69 	 99.8 	 10.01 	 .14 	-6.662 	 226 	 300 	 229 	 208 	 1674 	-7.9 
 69.5 	 99.5 	 9.96 	 .14 	-6.669 	 227 	 300 	 229 	 208 	 1675 	-8.1 
 70 	 99.7 	 10.1 	 .14 	-6.671 	 226 	 300 	 229 	 208 	 1677 	-8.5 
 70.5 	 99.7 	 10.07 	 .14 	-6.673 	 226 	 301 	 229 	 208 	 1673 	-8.4 
 71 	 99.5 	 10.12 	 .14 	-6.679 	 226 	 300 	 229 	 208 	 1675 	-8.3 
 71.5 	 99.7 	 10.04 	 .14 	-6.66 	 226 	 300 	 229 	 208 	 1676 	-8.3 
 72 	 99.6 	 10 	 .14 	-6.646 	 226 	 300 	 229 	 208 	 1674 	-8 
 72.5 	 99.5 	 9.99 	 .15 	-6.682 	 226 	 300 	 229 	 207 	 1676 	-8.1 
 73 	 99.5 	 9.9 	 .14 	-6.667 	 226 	 300 	 229 	 207 	 1676 	-8.3 
 73.5 	 99.6 	 10.01 	 .15 	-6.666 	 226 	 300 	 229 	 208 	 1677 	-8.4 
 74 	 99.6 	 9.98 	 .14 	-6.665 	 226 	 300 	 228 	 208 	 1677 	-8.3 
 74.5 	 99.7 	 9.98 	 .14 	-6.659 	 226 	 300 	 230 	 208 	 1675 	-8.4 
 75 	 99.5 	 9.94 	 .13 	-6.659 	 226 	 300 	 229 	 208 	 1676 	-7.9 
 75.5 	 99.5 	 10.07 	 .14 	-6.677 	 226 	 300 	 229 	 208 	 1676 	-8 
 76 	 99.6 	 10.02 	 .14 	-6.674 	 226 	 300 	 229 	 208 	 1677 	-8 
 76.5 	 99.7 	 10.02 	 .14 	-6.679 	 226 	 300 	 229 	 208 	 1675 	-8.3 
 77 	 99.6 	 10.05 	 .15 	-6.667 	 226 	 300 	 229 	 207 	 1677 	-8.3 
 77.5 	 99.7 	 10.01 	 .14 	-6.672 	 226 	 300 	 229 	 207 	 1676 	-7.9 
 78 	 99.7 	 10.01 	 .15 	-6.651 	 226 	 300 	 229 	 208 	 1678 	-8.1 
 78.5 	 99.5 	 10 	 .14 	-6.656 	 226 	 300 	 229 	 208 	 1676 	-8.1 
 79 	 99.7 	 9.92 	 .14 	-6.653 	 226 	 300 	 228 	 208 	 1679 	-8.1 
 79.5 	 99.7 	 10.09 	 .14 	-6.666 	 226 	 300 	 229 	 208 	 1680 	-8.3 
 80 	 99.5 	 9.98 	 .14 	-6.669 	 226 	 300 	 229 	 208 	 1678 	-8.3 
 80.5 	 99.5 	 9.95 	 .14 	-6.647 	 226 	 300 	 229 	 208 	 1677 	-8 
 81 	 99.8 	 9.84 	 .14 	-6.673 	 226 	 300 	 228 	 207 	 1679 	-8 
 81.5 	 99.5 	 9.72 	 .13 	-6.668 	 226 	 301 	 228 	 208 	 1681 	-8.3 
 82 	 99.7 	 9.65 	 .14 	-6.673 	 226 	 301 	 228 	 207 	 1680 	-8.3 
 82.5 	 99.5 	 9.64 	 .14 	-6.665 	 226 	 300 	 229 	 207 	 1680 	-8.1 
 83 	 99.6 	 9.56 	 .14 	-6.673 	 226 	 301 	 228 	 208 	 1679 	-8.1 
 83.5 	 99.5 	 9.4 	 .13 	-6.658 	 226 	 301 	 229 	 208 	 1680 	-7.8 
 84 	 99.5 	 9.53 	 .14 	-6.668 	 226 	 300 	 229 	 208 	 1679 	-7.8 
 84.5 	 99.5 	 9.58 	 .14 	-6.677 	 226 	 301 	 229 	 208 	 1681 	-8.1 
 85 	 99.5 	 9.38 	 .13 	-6.673 	 226 	 301 	 228 	 208 	 1680 	-7.9 
 85.5 	 99.6 	 9.53 	 .14 	-6.676 	 226 	 300 	 229 	 208 	 1679 	-8.1 
 86 	 99.6 	 9.38 	 .14 	-6.654 	 226 	 300 	 229 	 207 	 1677 	-7.8 
 86.5 	 99.5 	 9.56 	 .13 	-6.661 	 226 	 300 	 229 	 207 	 1677 	-8.1 
 87 	 99.7 	 9.48 	 .13 	-6.651 	 226 	 300 	 229 	 207 	 1679 	-8.1 
 87.5 	 99.5 	 9.47 	 .14 	-6.67 	 226 	 301 	 229 	 207 	 1678 	-8 
 88 	 99.3 	 9.45 	 .14 	-6.664 	 226 	 300 	 229 	 208 	 1680 	-8.5 
 88.5 	 99.6 	 9.65 	 .14 	-6.667 	 226 	 300 	 229 	 208 	 1681 	-8.4 
 89 	 99.5 	 9.58 	 .14 	-6.677 	 226 	 300 	 229 	 208 	 1679 	-7.8 
 89.5 	 99.5 	 9.54 	 .13 	-6.678 	 226 	 300 	 229 	 208 	 1678 	-8.1 
 90 	 99.6 	 9.58 	 .14 	-6.664 	 226 	 300 	 228 	 208 	 1677 	-7.8 
 90.5 	 99.6 	 9.58 	 .13 	-6.642 	 226 	 300 	 229 	 208 	 1681 	-8.4 
 91 	 99.6 	 9.6 	 .14 	-6.649 	 226 	 300 	 229 	 208 	 1679 	-8.3 
 91.5 	 99.5 	 9.56 	 .14 	-6.647 	 226 	 300 	 229 	 208 	 1679 	-8.5 
 92 	 99.5 	 9.55 	 .14 	-6.659 	 226 	 300 	 229 	 208 	 1681 	-8.3 
 92.5 	 99.4 	 9.63 	 .14 	-6.659 	 226 	 300 	 229 	 208 	 1678 	-8 
 93 	 99.6 	 9.55 	 .14 	-6.609 	 226 	 300 	 228 	 207 	 1680 	-8 
 93.5 	 99.7 	 9.56 	 .14 	-6.61 	 226 	 300 	 229 	 208 	 1680 	-8 
 94 	 99.7 	 9.7 	 .14 	-6.633 	 227 	 299 	 229 	 207 	 1681 	-8.6 
 94.5 	 99.7 	 9.57 	 .13 	-6.617 	 226 	 300 	 228 	 208 	 1679 	-7.8 
 95 	 99.7 	 9.54 	 .13 	-6.604 	 226 	 300 	 229 	 208 	 1680 	-8 
 95.5 	 99.6 	 9.5 	 .13 	-6.621 	 226 	 300 	 229 	 207 	 1678 	-8.5 
 96 	 99.5 	 9.54 	 .13 	-6.631 	 226 	 300 	 229 	 208 	 1679 	-7.8 
 96.5 	 99.6 	 9.49 	 .13 	-6.637 	 226 	 300 	 228 	 207 	 1680 	-8.1 
 97 	 99.6 	 9.42 	 .13 	-6.618 	 226 	 300 	 229 	 207 	 1681 	-8.1 
 97.5 	 99.6 	 9.54 	 .13 	-6.606 	 226 	 300 	 229 	 208 	 1681 	-8.3 
 98 	 99.4 	 9.4 	 .13 	-6.613 	 226 	 300 	 229 	 207 	 1680 	-8.1 
 98.5 	 99.7 	 9.5 	 .14 	-6.622 	 226 	 300 	 229 	 207 	 1680 	-8.4 
 99 	 99.5 	 9.38 	 .14 	-6.625 	 226 	 300 	 228 	 207 	 1678 	-8.1 
 99.5 	 99.7 	 9.3 	 .13 	-6.608 	 226 	 300 	 229 	 207 	 1678 	-7.9 
 100 	 99.6 	 9.36 	 .14 	-6.618 	 226 	 300 	 228 	 207 	 1678 	-8.1 
 100.5 	 99.6 	 9.51 	 .14 	-6.612 	 226 	 300 	 228 	 207 	 1682 	-8 
 101 	 99.5 	 9.33 	 .13 	-6.62 	 226 	 300 	 227 	 207 	 1681 	-7.9 
 101.5 	 99.6 	 9.37 	 .13 	-6.611 	 226 	 300 	 227 	 207 	 1685 	-8.5 
 102 	 99.6 	 9.18 	 .13 	-6.615 	 226 	 300 	 227 	 206 	 1684 	-7.8 
 102.5 	 99.4 	 9.4 	 .13 	-6.638 	 226 	 300 	 227 	 207 	 1687 	-8.4 
 103 	 99.5 	 9.26 	 .13 	-6.615 	 226 	 300 	 226 	 206 	 1688 	-8.1 
 103.5 	 99.7 	 9.25 	 .13 	-6.604 	 226 	 300 	 226 	 206 	 1692 	-8 
 104 	 99.4 	 9.27 	 .13 	-6.615 	 226 	 300 	 225 	 205 	 1692 	-8.3 
 104.5 	 99.6 	 9.29 	 .13 	-6.614 	 226 	 300 	 225 	 205 	 1692 	-8.4 
 105 	 99.5 	 9.32 	 .13 	-6.618 	 226 	 300 	 225 	 204 	 1696 	-8.4 
 105.5 	 99.5 	 9.25 	 .13 	-6.622 	 226 	 300 	 225 	 204 	 1698 	-8.3 
 106 	 99.4 	 9.31 	 .13 	-6.625 	 226 	 300 	 224 	 204 	 1700 	-8.3 
 106.5 	 99.7 	 9.26 	 .13 	-6.62 	 226 	 300 	 224 	 204 	 1702 	-8 
 107 	 99.4 	 9.29 	 .13 	-6.635 	 226 	 300 	 224 	 204 	 1702 	-8.5 
 107.5 	 99.6 	 9.22 	 .13 	-6.625 	 226 	 300 	 223 	 203 	 1705 	-8.6 
 108 	 99.5 	 9.33 	 .13 	-6.644 	 226 	 300 	 223 	 203 	 1703 	-8.5 
 108.5 	 99.5 	 9.28 	 .13 	-6.647 	 226 	 300 	 223 	 203 	 1708 	-8 
 109 	 99.5 	 9.3 	 .13 	-6.627 	 226 	 300 	 223 	 203 	 1708 	-8.1 
 109.5 	 99.5 	 9.33 	 .13 	-6.638 	 226 	 300 	 223 	 202 	 1710 	-8.1 
 110 	 99.4 	 9.43 	 .13 	-6.634 	 226 	 300 	 223 	 203 	 1712 	-8.3 
 110.5 	 99.6 	 9.26 	 .13 	-6.643 	 226 	 299 	 222 	 202 	 1714 	-8.6 
 111 	 99.4 	 9.33 	 .13 	-6.632 	 226 	 300 	 222 	 202 	 1714 	-8.6 
 111.5 	 99.6 	 9.29 	 .14 	-6.626 	 226 	 300 	 222 	 202 	 1715 	-8.5 
 112 	 99.6 	 9.39 	 .13 	-6.637 	 226 	 300 	 222 	 202 	 1717 	-8.1 
 112.5 	 99.7 	 9.39 	 .13 	-6.635 	 226 	 300 	 222 	 202 	 1716 	-8.3 
 113 	 99.5 	 9.39 	 .13 	-6.631 	 226 	 300 	 222 	 201 	 1717 	-8.1 
 113.5 	 99.6 	 9.36 	 .14 	-6.616 	 226 	 300 	 222 	 201 	 1722 	-8.5 
 114 	 99.5 	 9.34 	 .13 	-6.618 	 226 	 300 	 221 	 201 	 1721 	-8 
 114.5 	 99.7 	 9.52 	 .13 	-6.626 	 226 	 300 	 221 	 202 	 1724 	-8.4 
 115 	 99.5 	 9.53 	 .13 	-6.621 	 226 	 300 	 222 	 201 	 1722 	-8.3 
 115.5 	 99.8 	 9.48 	 .13 	-6.631 	 226 	 300 	 221 	 201 	 1722 	-8.3 
 116 	 99.4 	 9.57 	 .14 	-6.639 	 226 	 300 	 221 	 201 	 1725 	-8.1 
 116.5 	 99.7 	 9.53 	 .14 	-6.624 	 226 	 300 	 221 	 201 	 1723 	-8.3 
 117 	 99.4 	 9.46 	 .13 	-6.622 	 226 	 300 	 221 	 201 	 1724 	-8 
 117.5 	 99.6 	 9.55 	 .14 	-6.619 	 226 	 300 	 221 	 201 	 1725 	-8.4 
 118 	 99.7 	 9.54 	 .13 	-6.616 	 226 	 300 	 221 	 201 	 1725 	-8 
 118.5 	 99.7 	 9.58 	 .14 	-6.616 	 226 	 300 	 221 	 201 	 1726 	-8 
 119 	 99.7 	 9.51 	 .14 	-6.615 	 227 	 300 	 221 	 201 	 1727 	-8.1 
 119.5 	 99.5 	 9.57 	 .14 	-6.614 	 226 	 300 	 222 	 201 	 1727 	-8.5 
 120 	 99.7 	 9.53 	 .13 	-6.618 	 226 	 300 	 222 	 200 	 1729 	-8.1 
 120.5 	 99.7 	 9.51 	 .13 	-6.614 	 227 	 300 	 221 	 200 	 1728 	-8 
 121 	 99.4 	 9.5 	 .14 	-6.616 	 226 	 300 	 221 	 200 	 1726 	-8.3 
 121.5 	 99.7 	 9.54 	 .13 	-6.624 	 226 	 300 	 221 	 200 	 1728 	-8.4 
 122 	 99.6 	 9.6 	 .13 	-6.625 	 227 	 300 	 221 	 201 	 1728 	-7.9 
 122.5 	 99.6 	 9.57 	 .13 	-6.614 	 226 	 299 	 222 	 201 	 1729 	-8.3 
 123 	 99.4 	 9.48 	 .14 	-6.629 	 227 	 300 	 221 	 201 	 1729 	-8.5 
 123.5 	 99.7 	 9.47 	 .13 	-6.624 	 226 	 300 	 221 	 201 	 1731 	-8.3 
 124 	 99.5 	 9.52 	 .14 	-6.606 	 227 	 300 	 221 	 200 	 1731 	-8.5 
 124.5 	 99.5 	 9.43 	 .13 	-6.619 	 226 	 300 	 221 	 201 	 1731 	-8.5 
 125 	 99.7 	 9.42 	 .13 	-6.602 	 226 	 300 	 221 	 201 	 1730 	-7.9 
 125.5 	 99.7 	 9.48 	 .13 	-6.623 	 226 	 300 	 221 	 200 	 1729 	-8.3 
 126 	 99.6 	 9.51 	 .13 	-6.611 	 227 	 300 	 221 	 200 	 1730 	-8.1 
 126.5 	 99.5 	 9.51 	 .13 	-6.626 	 226 	 300 	 221 	 200 	 1732 	-8.3 
 127 	 99.7 	 9.38 	 .13 	-6.633 	 226 	 301 	 221 	 200 	 1732 	-8.4 
 127.5 	 99.4 	 9.29 	 .13 	-6.616 	 226 	 300 	 221 	 200 	 1729 	-8.3 
 128 	 99.5 	 9.36 	 .13 	-6.613 	 227 	 300 	 221 	 200 	 1732 	-8.1 
 128.5 	 99.5 	 9.32 	 .13 	-6.621 	 226 	 300 	 221 	 200 	 1731 	-8.1 
 129 	 99.7 	 9.31 	 .13 	-6.619 	 226 	 300 	 221 	 200 	 1731 	-8.3 
 129.5 	 99.6 	 9.4 	 .13 	-6.619 	 226 	 300 	 221 	 200 	 1731 	-7.9 
 130 	 99.6 	 9.26 	 .13 	-6.622 	 227 	 300 	 220 	 200 	 1732 	-8.1 
 130.5 	 99.5 	 9.28 	 .13 	-6.62 	 226 	 300 	 221 	 201 	 1732 	-7.6 
 131 	 99.6 	 9.23 	 .13 	-6.634 	 226 	 300 	 221 	 200 	 1732 	-8.1 
 131.5 	 99.5 	 9.26 	 .13 	-6.616 	 227 	 300 	 221 	 201 	 1734 	-8 
 132 	 99.6 	 9.33 	 .13 	-6.636 	 226 	 300 	 220 	 200 	 1734 	-8.1 
 132.5 	 99.6 	 9.24 	 .14 	-6.629 	 226 	 301 	 220 	 200 	 1734 	-8.4 
 133 	 99.7 	 9.34 	 .13 	-6.616 	 227 	 300 	 220 	 200 	 1733 	-8.6 
 133.5 	 99.5 	 9.18 	 .13 	-6.62 	 226 	 300 	 221 	 200 	 1734 	-8.4 
 134 	 99.6 	 9.25 	 .13 	-6.626 	 226 	 300 	 221 	 200 	 1730 	-8 
 134.5 	 99.7 	 9.25 	 .13 	-6.616 	 226 	 300 	 221 	 200 	 1735 	-8.3 
 135 	 99.6 	 9.34 	 .13 	-6.619 	 227 	 300 	 220 	 200 	 1737 	-8.1 
 135.5 	 99.4 	 9.19 	 .13 	-6.616 	 226 	 300 	 221 	 200 	 1735 	-8.5 
 136 	 99.6 	 9.16 	 .13 	-6.608 	 226 	 300 	 221 	 200 	 1735 	-8.1 
 136.5 	 99.5 	 9.26 	 .13 	-6.629 	 227 	 300 	 221 	 200 	 1736 	-8.1 
 137 	 99.6 	 9.25 	 .13 	-6.617 	 227 	 301 	 220 	 200 	 1736 	-8.1 
 137.5 	 99.3 	 9.15 	 .13 	-6.618 	 226 	 300 	 220 	 200 	 1738 	-8.3 
 138 	 99.5 	 9.14 	 .13 	-6.6 	 226 	 300 	 220 	 200 	 1736 	-8.3 
 138.5 	 99.7 	 9.16 	 .13 	-6.602 	 226 	 300 	 221 	 199 	 1736 	-8.4 
 139 	 99.5 	 9.07 	 .13 	-6.6 	 227 	 300 	 220 	 200 	 1737 	-8.1 
 139.5 	 99.6 	 9.18 	 .13 	-6.605 	 226 	 300 	 220 	 200 	 1736 	-7.9 
 140 	 99.7 	 9.17 	 .13 	-6.603 	 226 	 300 	 220 	 200 	 1737 	-8.3 
 140.5 	 99.8 	 9.07 	 .13 	-6.592 	 226 	 300 	 220 	 200 	 1737 	-8 
 141 	 99.6 	 9.12 	 .13 	-6.598 	 227 	 301 	 220 	 200 	 1735 	-8.1 
 141.5 	 99.5 	 9.12 	 .13 	-6.606 	 227 	 300 	 220 	 200 	 1737 	-8.4 
 142 	 99.6 	 9.06 	 .13 	-6.602 	 226 	 300 	 220 	 199 	 1736 	-8.1 
 142.5 	 99.6 	 9.07 	 .13 	-6.605 	 226 	 300 	 220 	 199 	 1736 	-8.1 
 143 	 99.7 	 9.06 	 .13 	-6.606 	 226 	 300 	 221 	 200 	 1736 	-8.1 
 143.5 	 99.6 	 9.07 	 .13 	-6.595 	 226 	 300 	 220 	 200 	 1739 	-8.1 
 144 	 99.6 	 8.97 	 .13 	-6.594 	 226 	 300 	 220 	 199 	 1737 	-8.4 
 144.5 	 99.7 	 9.09 	 .13 	-6.599 	 226 	 300 	 220 	 200 	 1737 	-8.3 
 145 	 99.3 	 8.86 	 .13 	-6.619 	 226 	 300 	 220 	 200 	 1739 	-8.3 
 145.5 	 99.4 	 8.97 	 .12 	-6.602 	 226 	 300 	 220 	 200 	 1740 	-8.3 
 146 	 99.4 	 9 	 .13 	-6.603 	 226 	 300 	 220 	 200 	 1739 	-8 
 146.5 	 99.7 	 9.19 	 .13 	-6.616 	 226 	 300 	 220 	 200 	 1739 	-8.4 
 147 	 99.5 	 9.12 	 .12 	-6.59 	 227 	 300 	 220 	 200 	 1740 	-8 
 147.5 	 99.6 	 9.19 	 .13 	-6.602 	 227 	 301 	 220 	 199 	 1740 	-7.6 
 148 	 99.6 	 9.08 	 .14 	-6.575 	 226 	 300 	 220 	 199 	 1741 	-8.5 
 148.5 	 99.7 	 9.01 	 .13 	-6.582 	 226 	 300 	 220 	 200 	 1740 	-8.4 
 149 	 99.6 	 8.98 	 .13 	-6.593 	 227 	 300 	 220 	 199 	 1741 	-8.5 
 149.5 	 99.4 	 9.06 	 .13 	-6.598 	 227 	 300 	 219 	 199 	 1740 	-8.3 
 150 	 99.6 	 9.09 	 .13 	-6.601 	 226 	 300 	 220 	 200 	 1743 	-8.3 
 150.5 	 99.3 	 9.09 	 .13 	-6.613 	 226 	 300 	 220 	 199 	 1742 	-8.1 
 151 	 99.7 	 8.94 	 .13 	-6.587 	 227 	 300 	 220 	 200 	 1740 	-7.8 
 151.5 	 99.4 	 9.13 	 .13 	-6.621 	 227 	 300 	 220 	 199 	 1742 	-8.5 
 152 	 99.5 	 9.07 	 .12 	-6.608 	 226 	 300 	 220 	 199 	 1741 	-8.3 
 152.5 	 99.6 	 9.04 	 .13 	-6.61 	 226 	 300 	 219 	 200 	 1741 	-8.1 
 153 	 99.6 	 9.05 	 .12 	-6.612 	 226 	 300 	 220 	 199 	 1742 	-8.4 
 153.5 	 99.5 	 9.15 	 .13 	-6.608 	 227 	 300 	 219 	 200 	 1744 	-8 
 154 	 99.6 	 9.32 	 .13 	-6.602 	 226 	 300 	 220 	 200 	 1744 	-8.1 
 154.5 	 99.5 	 9.22 	 .13 	-6.611 	 226 	 300 	 219 	 199 	 1745 	-7.8 
 155 	 99.7 	 9.27 	 .13 	-6.615 	 227 	 300 	 220 	 199 	 1747 	-8.4 
 155.5 	 99.7 	 9.23 	 .13 	-6.608 	 226 	 300 	 220 	 199 	 1744 	-8.1 
 156 	 99.4 	 9.2 	 .13 	-6.586 	 227 	 300 	 219 	 200 	 1746 	-8.1 
 156.5 	 99.6 	 9.28 	 .12 	-6.601 	 226 	 300 	 220 	 199 	 1745 	-8.1 
 157 	 99.6 	 9.27 	 .13 	-6.606 	 226 	 300 	 220 	 199 	 1745 	-8.3 
 157.5 	 99.5 	 9.33 	 .13 	-6.628 	 227 	 300 	 219 	 199 	 1746 	-8.8 
 158 	 99.5 	 9.26 	 .13 	-6.622 	 226 	 300 	 220 	 200 	 1745 	-8.4 
 158.5 	 99.4 	 9.33 	 .13 	-6.621 	 226 	 300 	 220 	 199 	 1748 	-8.3 
 159 	 99.6 	 9.37 	 .13 	-6.605 	 227 	 300 	 220 	 199 	 1748 	-8 
 159.5 	 99.5 	 9.55 	 .13 	-6.607 	 227 	 300 	 220 	 200 	 1746 	-8.4 
 160 	 99.5 	 9.31 	 .14 	-6.6 	 226 	 300 	 220 	 199 	 1747 	-8 
 160.5 	 99.5 	 9.47 	 .13 	-6.591 	 226 	 300 	 220 	 199 	 1749 	-8.3 
 161 	 99.5 	 9.45 	 .13 	-6.58 	 226 	 300 	 220 	 199 	 1749 	-8.1 
 161.5 	 99.7 	 9.47 	 .13 	-6.597 	 227 	 300 	 219 	 199 	 1751 	-8.3 
 162 	 99.6 	 9.52 	 .14 	-6.579 	 227 	 301 	 219 	 199 	 1750 	-8.3 
 162.5 	 99.7 	 9.48 	 .14 	-6.591 	 226 	 300 	 219 	 199 	 1748 	-8.1 
 163 	 99.5 	 9.4 	 .13 	-6.576 	 226 	 300 	 219 	 199 	 1750 	-8.4 
 163.5 	 99.7 	 9.46 	 .14 	-6.574 	 226 	 301 	 219 	 199 	 1748 	-8 
 164 	 99.8 	 9.4 	 .13 	-6.583 	 227 	 300 	 219 	 199 	 1750 	-8.6 
 164.5 	 99.5 	 9.46 	 .13 	-6.615 	 227 	 300 	 219 	 199 	 1752 	-8.4 
 165 	 99.7 	 9.5 	 .14 	-6.615 	 227 	 300 	 219 	 199 	 1750 	-8.3 
 165.5 	 99.6 	 9.55 	 .14 	-6.603 	 226 	 300 	 219 	 199 	 1752 	-8.6 
 166 	 99.8 	 9.43 	 .13 	-6.566 	 227 	 300 	 219 	 199 	 1750 	-7.9 
 166.5 	 99.6 	 9.46 	 .13 	-6.585 	 227 	 300 	 219 	 199 	 1751 	-8.4 
 167 	 99.4 	 9.52 	 .13 	-6.603 	 227 	 300 	 219 	 199 	 1753 	-8.1 
 167.5 	 99.6 	 9.46 	 .13 	-6.623 	 226 	 301 	 219 	 199 	 1752 	-8 
 168 	 99.4 	 9.44 	 .14 	-6.62 	 226 	 300 	 219 	 199 	 1751 	-8.1 
 168.5 	 99.8 	 9.73 	 .14 	-6.603 	 227 	 300 	 220 	 199 	 1751 	-8.3 
 169 	 99.5 	 9.72 	 .14 	-6.635 	 227 	 300 	 219 	 200 	 1752 	-7.9 
 169.5 	 99.5 	 9.72 	 .13 	-6.628 	 227 	 299 	 220 	 199 	 1755 	-8.1 
 170 	 99.6 	 9.62 	 .13 	-6.632 	 227 	 300 	 219 	 199 	 1757 	-8.4 
 170.5 	 99.7 	 9.64 	 .14 	-6.635 	 227 	 301 	 219 	 199 	 1755 	-8 
 171 	 99.8 	 9.56 	 .14 	-6.618 	 227 	 300 	 220 	 199 	 1756 	-8.1 
 171.5 	 99.5 	 9.63 	 .14 	-6.629 	 227 	 301 	 219 	 199 	 1756 	-8.4 
 172 	 99.5 	 9.53 	 .13 	-6.671 	 227 	 300 	 220 	 199 	 1756 	-8 
 172.5 	 99.6 	 9.51 	 .13 	-6.651 	 227 	 301 	 220 	 198 	 1756 	-8 
 173 	 99.6 	 9.48 	 .13 	-6.643 	 227 	 300 	 220 	 199 	 1756 	-7.8 
 173.5 	 99.6 	 9.42 	 .13 	-6.648 	 227 	 300 	 219 	 198 	 1758 	-8.1 
 174 	 99.5 	 9.39 	 .13 	-6.666 	 227 	 300 	 220 	 198 	 1756 	-8.1 
 174.5 	 99.4 	 9.45 	 .14 	-6.66 	 226 	 301 	 220 	 199 	 1758 	-8.4 
 175 	 99.6 	 9.52 	 .13 	-6.663 	 227 	 301 	 219 	 199 	 1756 	-8 
 175.5 	 99.7 	 9.43 	 .13 	-6.64 	 227 	 300 	 219 	 199 	 1755 	-8.3 
 176 	 99.6 	 9.51 	 .13 	-6.673 	 227 	 300 	 218 	 199 	 1755 	-8 
 176.5 	 99.5 	 9.44 	 .13 	-6.66 	 227 	 300 	 219 	 199 	 1758 	-8.4 
 177 	 99.5 	 9.42 	 .13 	-6.676 	 227 	 300 	 220 	 199 	 1757 	-8.5 
 177.5 	 99.6 	 9.44 	 .13 	-6.641 	 227 	 300 	 220 	 199 	 1757 	-8.3 
 178 	 99.4 	 9.44 	 .13 	-6.677 	 227 	 301 	 219 	 198 	 1756 	-8.5 
 178.5 	 99.5 	 9.47 	 .13 	-6.674 	 227 	 300 	 219 	 199 	 1758 	-8.4 
 179 	 99.5 	 9.43 	 .13 	-6.659 	 227 	 300 	 219 	 199 	 1759 	-8.4 
 179.5 	 99.5 	 9.42 	 .13 	-6.669 	 227 	 301 	 218 	 199 	 1756 	-8.1 
 180 	 99.4 	 9.35 	 .13 	-6.672 	 227 	 301 	 219 	 198 	 1757 	-8 
 180.5 	 99.6 	 9.35 	 .14 	-6.66 	 227 	 300 	 219 	 199 	 1757 	-8.4 
 181 	 99.5 	 9.29 	 .13 	-6.668 	 227 	 300 	 219 	 199 	 1759 	-8.5 
 181.5 	 99.4 	 9.38 	 .13 	-6.667 	 227 	 300 	 219 	 198 	 1758 	-8.1 
 182 	 99.5 	 9.4 	 .13 	-6.654 	 227 	 300 	 219 	 199 	 1759 	-8.1 
 182.5 	 99.4 	 9.34 	 .13 	-6.677 	 227 	 300 	 219 	 199 	 1758 	-8.3 
 183 	 99.5 	 9.32 	 .13 	-6.655 	 227 	 300 	 219 	 199 	 1759 	-8.1 
 183.5 	 99.4 	 9.41 	 .13 	-6.669 	 227 	 301 	 218 	 199 	 1758 	-8.3 
 184 	 99.4 	 9.35 	 .13 	-6.66 	 226 	 300 	 220 	 199 	 1761 	-8 
 184.5 	 99.7 	 9.27 	 .13 	-6.651 	 227 	 300 	 219 	 198 	 1756 	-8.3 
 185 	 99.5 	 9.31 	 .13 	-6.658 	 227 	 301 	 219 	 198 	 1758 	-8.3 
 185.5 	 99.5 	 9.35 	 .13 	-6.67 	 227 	 300 	 219 	 198 	 1756 	-8.3 
 186 	 99.5 	 9.3 	 .14 	-6.659 	 227 	 300 	 219 	 199 	 1760 	-8.3 
 186.5 	 99.5 	 9.36 	 .13 	-6.673 	 227 	 300 	 219 	 199 	 1760 	-7.9 
 187 	 99.6 	 9.39 	 .13 	-6.651 	 227 	 300 	 219 	 198 	 1759 	-8.5 
 187.5 	 99.6 	 9.29 	 .13 	-6.651 	 227 	 300 	 219 	 198 	 1758 	-8.1 
 188 	 99.5 	 9.54 	 .13 	-6.662 	 227 	 300 	 218 	 199 	 1760 	-8.3 
 188.5 	 99.4 	 9.61 	 .13 	-6.659 	 226 	 300 	 219 	 199 	 1762 	-8.8 
 189 	 99.5 	 9.52 	 .14 	-6.665 	 226 	 300 	 219 	 198 	 1760 	-8.5 
 189.5 	 99.5 	 9.56 	 .13 	-6.647 	 227 	 300 	 219 	 199 	 1762 	-8.4 
 190 	 99.4 	 9.54 	 .13 	-6.661 	 227 	 300 	 218 	 199 	 1760 	-8.1 
 190.5 	 99.5 	 9.52 	 .14 	-6.654 	 227 	 300 	 219 	 199 	 1761 	-8 
 191 	 99.5 	 9.56 	 .14 	-6.644 	 226 	 300 	 219 	 199 	 1761 	-8.1 
 191.5 	 99.5 	 9.74 	 .14 	-6.663 	 227 	 300 	 219 	 198 	 1760 	-8.3 
 192 	 99.5 	 9.8 	 .13 	-6.666 	 227 	 300 	 219 	 198 	 1760 	-8 
 192.5 	 99.6 	 9.79 	 .14 	-6.64 	 227 	 300 	 219 	 199 	 1763 	-8.3 
 193 	 99.5 	 9.79 	 .14 	-6.675 	 227 	 299 	 219 	 199 	 1763 	-8.4 
 193.5 	 99.7 	 9.89 	 .14 	-6.664 	 227 	 300 	 219 	 199 	 1766 	-8.4 
 194 	 99.5 	 9.84 	 .14 	-6.669 	 227 	 300 	 219 	 199 	 1766 	-8.3 
 194.5 	 99.6 	 9.87 	 .14 	-6.649 	 227 	 300 	 219 	 199 	 1766 	-8.3 
 195 	 99.6 	 9.96 	 .14 	-6.666 	 227 	 300 	 219 	 199 	 1765 	-8 
 195.5 	 99.7 	 9.93 	 .14 	-6.665 	 227 	 299 	 219 	 199 	 1769 	-8.5 
 196 	 99.6 	 9.87 	 .14 	-6.673 	 227 	 300 	 219 	 199 	 1770 	-8 
 196.5 	 99.7 	 10.04 	 .15 	-6.645 	 227 	 299 	 219 	 199 	 1767 	-8.3 
 197 	 99.6 	 10.08 	 .14 	-6.671 	 227 	 300 	 219 	 199 	 1768 	-8.3 
 197.5 	 99.7 	 9.9 	 .14 	-6.651 	 227 	 299 	 219 	 199 	 1770 	-8.1 
 198 	 99.7 	 10.14 	 .14 	-6.666 	 227 	 299 	 219 	 199 	 1770 	-8.3 
 198.5 	 99.7 	 10.15 	 .15 	-6.653 	 227 	 300 	 219 	 200 	 1772 	-8.1 
 199 	 99.6 	 10.36 	 .15 	-6.69 	 227 	 300 	 219 	 200 	 1772 	-8.3 
 199.5 	 99.8 	 10.38 	 .15 	-6.661 	 227 	 300 	 219 	 201 	 1774 	-8 
 200 	 100 	 10.53 	 .15 	-6.625 	 227 	 300 	 220 	 200 	 1776 	-8 
 200.5 	 99.8 	 10.55 	 .15 	-6.664 	 227 	 299 	 220 	 200 	 1779 	-8.4 
 201 	 100.1 	 10.75 	 .15 	-6.674 	 228 	 300 	 219 	 201 	 1781 	-8.1 
 201.5 	 100 	 10.64 	 .15 	-6.672 	 228 	 299 	 220 	 201 	 1785 	-8 
 202 	 100.2 	 10.88 	 .16 	-6.688 	 227 	 300 	 220 	 201 	 1790 	-8.1 
 202.5 	 100.2 	 10.93 	 .16 	-6.668 	 228 	 300 	 220 	 201 	 1790 	-8.3 
 203 	 100.3 	 11.07 	 .16 	-6.662 	 228 	 300 	 220 	 201 	 1795 	-8.5 
 203.5 	 100.4 	 11.06 	 .16 	-6.636 	 228 	 299 	 220 	 201 	 1796 	-7.9 
 204 	 100.5 	 11.06 	 .15 	-6.609 	 228 	 300 	 220 	 201 	 1801 	-8.1 
 204.5 	 100.4 	 11.26 	 .16 	-6.615 	 228 	 300 	 221 	 202 	 1803 	-8.4 
 205 	 100.6 	 11.17 	 .16 	-6.627 	 228 	 300 	 221 	 201 	 1803 	-7.9 
 205.5 	 100.6 	 11.25 	 .16 	-6.621 	 228 	 300 	 221 	 202 	 1811 	-8.1 
 206 	 100.8 	 11.4 	 .16 	-6.621 	 228 	 300 	 221 	 201 	 1811 	-8.1 
 206.5 	 100.7 	 11.49 	 .16 	-6.622 	 228 	 300 	 221 	 201 	 1816 	-8.1 
 207 	 100.7 	 11.42 	 .16 	-6.614 	 228 	 300 	 221 	 202 	 1818 	-8.1 
 207.5 	 100.8 	 11.45 	 .16 	-6.625 	 228 	 300 	 221 	 202 	 1818 	-8.3 
 208 	 100.9 	 11.53 	 .16 	-6.607 	 228 	 300 	 221 	 202 	 1821 	-8 
 208.5 	 101 	 11.67 	 .17 	-6.605 	 228 	 300 	 222 	 201 	 1823 	-8.3 
 209 	 101 	 11.69 	 .16 	-6.604 	 229 	 300 	 221 	 201 	 1826 	-7.9 
 209.5 	 100.9 	 11.74 	 .16 	-6.643 	 228 	 300 	 222 	 201 	 1828 	-8.4 
 210 	 100.9 	 11.79 	 .16 	-6.631 	 228 	 301 	 221 	 201 	 1831 	-8.3 
 210.5 	 101.1 	 11.85 	 .17 	-6.611 	 228 	 300 	 221 	 201 	 1832 	-8.5 
 211 	 101.1 	 11.85 	 .17 	-6.61 	 229 	 300 	 221 	 201 	 1835 	-8 
 211.5 	 101.2 	 11.92 	 .17 	-6.616 	 229 	 300 	 221 	 202 	 1838 	-8.5 
 212 	 101.2 	 11.96 	 .17 	-6.596 	 229 	 300 	 221 	 201 	 1835 	-8.1 
 212.5 	 101.2 	 11.84 	 .17 	-6.594 	 228 	 300 	 220 	 202 	 1840 	-8.3 
 213 	 101.2 	 12.01 	 .17 	-6.609 	 228 	 300 	 221 	 202 	 1842 	-8.4 
 213.5 	 101.3 	 11.99 	 .17 	-6.61 	 229 	 300 	 221 	 201 	 1843 	-7.9 
 214 	 101.3 	 12.2 	 .17 	-6.606 	 229 	 300 	 221 	 202 	 1848 	-8.3 
 214.5 	 101.2 	 12.06 	 .17 	-6.62 	 229 	 300 	 221 	 201 	 1847 	-8.3 
 215 	 101.4 	 12.08 	 .17 	-6.611 	 229 	 300 	 222 	 201 	 1846 	-8.1 
 215.5 	 101.3 	 12.28 	 .17 	-6.601 	 229 	 300 	 221 	 202 	 1851 	-8.4 
 216 	 101.4 	 12.18 	 .17 	-6.62 	 229 	 300 	 221 	 201 	 1848 	-8 
 216.5 	 101.4 	 12.17 	 .17 	-6.61 	 229 	 301 	 221 	 202 	 1852 	-8.1 
 217 	 101.4 	 12.2 	 .17 	-6.6 	 229 	 301 	 221 	 201 	 1851 	-8.3 
 217.5 	 101.4 	 12.31 	 .17 	-6.601 	 229 	 300 	 221 	 202 	 1856 	-8 
 218 	 101.6 	 12.31 	 .17 	-6.611 	 229 	 301 	 221 	 201 	 1858 	-8.1 
 218.5 	 101.5 	 12.36 	 .17 	-6.603 	 229 	 300 	 222 	 201 	 1858 	-8.4 
 219 	 101.6 	 12.31 	 .17 	-6.609 	 229 	 300 	 222 	 202 	 1858 	-8 
 219.5 	 101.6 	 12.34 	 .19 	-6.613 	 230 	 300 	 221 	 201 	 1861 	-8.4 
 220 	 101.6 	 12.51 	 .17 	-6.621 	 229 	 300 	 221 	 201 	 1863 	-8.3 
 220.5 	 101.7 	 12.47 	 .18 	-6.599 	 230 	 300 	 221 	 201 	 1863 	-8 
 221 	 101.7 	 12.47 	 .18 	-6.589 	 229 	 300 	 221 	 201 	 1863 	-8.3 
 221.5 	 101.7 	 12.51 	 .18 	-6.616 	 229 	 300 	 221 	 202 	 1866 	-7.9 
 222 	 101.8 	 12.61 	 .18 	-6.595 	 229 	 300 	 221 	 202 	 1867 	-7.9 
 222.5 	 101.9 	 12.62 	 .18 	-6.6 	 230 	 300 	 221 	 201 	 1866 	-8.1 
 223 	 101.9 	 12.76 	 .18 	-6.607 	 229 	 300 	 222 	 201 	 1869 	-8 
 223.5 	 101.9 	 12.64 	 .18 	-6.6 	 229 	 301 	 221 	 201 	 1872 	-8.3 
 224 	 101.8 	 12.72 	 .18 	-6.618 	 229 	 300 	 221 	 202 	 1874 	-8.5 
 224.5 	 101.9 	 12.85 	 .18 	-6.628 	 229 	 300 	 221 	 201 	 1873 	-8.4 
 225 	 101.9 	 12.68 	 .18 	-6.614 	 230 	 301 	 221 	 201 	 1876 	-8.1 
 225.5 	 102 	 12.76 	 .18 	-6.61 	 230 	 300 	 221 	 202 	 1879 	-8.1 
 226 	 101.9 	 12.88 	 .17 	-6.614 	 229 	 300 	 221 	 202 	 1880 	-8 
 226.5 	 101.9 	 12.92 	 .19 	-6.628 	 230 	 300 	 221 	 202 	 1881 	-8 
 227 	 102 	 12.94 	 .18 	-6.625 	 230 	 300 	 222 	 202 	 1883 	-8.1 
 227.5 	 102.1 	 13 	 .19 	-6.621 	 229 	 300 	 221 	 202 	 1885 	-8.3 
 228 	 102.1 	 12.98 	 .19 	-6.615 	 229 	 300 	 221 	 202 	 1888 	-8.1 
 228.5 	 102.1 	 13.08 	 .18 	-6.625 	 230 	 300 	 222 	 201 	 1884 	-8 
 229 	 102.2 	 13.02 	 .19 	-6.617 	 230 	 300 	 221 	 202 	 1891 	-8 
 229.5 	 102.2 	 13.15 	 .19 	-6.608 	 230 	 300 	 221 	 202 	 1888 	-8.3 
 230 	 102.3 	 13.27 	 .19 	-6.617 	 230 	 300 	 221 	 202 	 1890 	-8.1 
 230.5 	 102.1 	 13.14 	 .19 	-6.607 	 230 	 300 	 221 	 202 	 1895 	-8.1 
 231 	 102.3 	 13.31 	 .19 	-6.618 	 230 	 300 	 221 	 202 	 1894 	-8.5 
 231.5 	 102.3 	 13.19 	 .19 	-6.612 	 230 	 300 	 221 	 201 	 1893 	-7.9 
 232 	 102.2 	 13.36 	 .19 	-6.614 	 230 	 301 	 222 	 201 	 1897 	-8 
 232.5 	 102.4 	 13.42 	 .19 	-6.62 	 230 	 300 	 221 	 202 	 1900 	-7.9 
 233 	 102.4 	 13.52 	 .19 	-6.619 	 229 	 300 	 222 	 202 	 1900 	-8.3 
 233.5 	 102.4 	 13.64 	 .19 	-6.616 	 230 	 300 	 221 	 202 	 1900 	-8.3 
 234 	 102.5 	 13.52 	 .19 	-6.626 	 230 	 300 	 222 	 202 	 1901 	-8.1 
 234.5 	 102.5 	 13.62 	 .19 	-6.618 	 230 	 300 	 222 	 201 	 1905 	-8 
 235 	 102.5 	 13.68 	 .19 	-6.615 	 230 	 300 	 222 	 202 	 1907 	-7.9 
 235.5 	 102.7 	 13.65 	 .2 	-6.617 	 230 	 300 	 221 	 201 	 1908 	-8.3 
 236 	 102.6 	 13.73 	 .19 	-6.613 	 230 	 300 	 221 	 202 	 1910 	-8.1 
 236.5 	 102.6 	 13.79 	 .2 	-6.607 	 230 	 301 	 222 	 201 	 1909 	-8 
 237 	 102.9 	 13.84 	 .2 	-6.604 	 230 	 300 	 222 	 202 	 1912 	-8.5 
 237.5 	 102.7 	 13.89 	 .2 	-6.597 	 230 	 301 	 221 	 202 	 1913 	-8.5 
 238 	 102.8 	 13.95 	 .2 	-6.597 	 230 	 300 	 222 	 201 	 1913 	-8.3 
 238.5 	 102.7 	 13.86 	 .2 	-6.612 	 230 	 300 	 221 	 201 	 1915 	-8.4 
 239 	 102.9 	 13.96 	 .2 	-6.598 	 230 	 300 	 222 	 202 	 1915 	-8.1 
 239.5 	 102.6 	 13.94 	 .2 	-6.617 	 230 	 300 	 221 	 201 	 1919 	-8.3 
 240 	 102.9 	 14.05 	 .2 	-6.602 	 231 	 301 	 221 	 202 	 1921 	-8.3 
 240.5 	 102.7 	 14.08 	 .2 	-6.63 	 230 	 300 	 222 	 201 	 1921 	-8.3 
 241 	 103 	 14.1 	 .2 	-6.591 	 231 	 300 	 222 	 201 	 1922 	-8 
 241.5 	 102.9 	 14.17 	 .2 	-6.629 	 231 	 300 	 221 	 201 	 1925 	-8 
 242 	 103 	 14.21 	 .2 	-6.6 	 231 	 300 	 221 	 202 	 1927 	-8.5 
 242.5 	 103 	 14.2 	 .2 	-6.605 	 231 	 300 	 221 	 202 	 1925 	-7.9 
 243 	 103 	 14.28 	 .2 	-6.592 	 231 	 300 	 222 	 201 	 1927 	-8 
 243.5 	 103.1 	 14.43 	 .21 	-6.595 	 230 	 300 	 221 	 201 	 1927 	-8.1 
 244 	 103.1 	 14.36 	 .2 	-6.626 	 231 	 300 	 222 	 201 	 1932 	-8.4 
 244.5 	 103 	 14.51 	 .2 	-6.609 	 231 	 300 	 221 	 202 	 1932 	-8.3 
 245 	 103 	 14.5 	 .21 	-6.611 	 231 	 300 	 221 	 202 	 1931 	-8.5 
 245.5 	 103.1 	 14.43 	 .21 	-6.61 	 231 	 300 	 221 	 202 	 1933 	-8 
 246 	 103.2 	 14.57 	 .21 	-6.622 	 230 	 300 	 221 	 202 	 1934 	-8.1 
 246.5 	 103.2 	 14.42 	 .21 	-6.611 	 231 	 300 	 221 	 202 	 1933 	-7.9 
 247 	 103.2 	 14.63 	 .21 	-6.616 	 231 	 300 	 221 	 202 	 1938 	-8.4 
 247.5 	 103.3 	 14.66 	 .21 	-6.602 	 231 	 300 	 221 	 202 	 1938 	-7.9 
 248 	 103.3 	 14.81 	 .2 	-6.607 	 231 	 300 	 222 	 202 	 1940 	-7.9 
 248.5 	 103.3 	 14.77 	 .21 	-6.608 	 231 	 300 	 222 	 201 	 1942 	-8.4 
 249 	 103.4 	 14.85 	 .21 	-6.604 	 231 	 300 	 222 	 201 	 1941 	-8.3 
 249.5 	 103.4 	 14.82 	 .21 	-6.601 	 231 	 300 	 221 	 202 	 1944 	-8.1 
 250 	 103.4 	 14.82 	 .21 	-6.608 	 231 	 301 	 221 	 202 	 1945 	-8.4 
 250.5 	 103.4 	 14.92 	 .21 	-6.618 	 231 	 300 	 221 	 202 	 1947 	-8.4 
 251 	 103.5 	 14.96 	 .21 	-6.611 	 231 	 300 	 221 	 201 	 1946 	-8.3 
 251.5 	 103.5 	 15.02 	 .21 	-6.613 	 231 	 300 	 221 	 201 	 1949 	-8.3 
 252 	 103.4 	 14.97 	 .21 	-6.6 	 231 	 300 	 222 	 201 	 1949 	-8.3 
 252.5 	 103.5 	 15.01 	 .21 	-6.612 	 231 	 300 	 221 	 201 	 1951 	-8.3 
 253 	 103.7 	 15.11 	 .22 	-6.626 	 231 	 300 	 221 	 201 	 1952 	-8 
 253.5 	 103.4 	 15.05 	 .21 	-6.617 	 231 	 300 	 221 	 202 	 1953 	-8 
 254 	 103.6 	 15.15 	 .22 	-6.61 	 231 	 300 	 221 	 201 	 1954 	-7.9 
 254.5 	 103.7 	 15.16 	 .21 	-6.604 	 231 	 300 	 222 	 201 	 1955 	-7.9 
 255 	 103.5 	 15.25 	 .22 	-6.629 	 231 	 300 	 221 	 201 	 1958 	-8.1 
 255.5 	 103.7 	 15.34 	 .22 	-6.607 	 231 	 300 	 221 	 202 	 1958 	-8.3 
 256 	 103.7 	 15.28 	 .22 	-6.611 	 231 	 300 	 221 	 202 	 1961 	-8.4 
 256.5 	 103.8 	 15.31 	 .22 	-6.622 	 231 	 300 	 222 	 201 	 1960 	-8.3 
 257 	 103.8 	 15.29 	 .21 	-6.594 	 231 	 300 	 222 	 202 	 1962 	-8.4 
 257.5 	 103.9 	 15.42 	 .22 	-6.603 	 231 	 300 	 222 	 201 	 1962 	-8 
 258 	 103.9 	 15.46 	 .22 	-6.604 	 231 	 300 	 221 	 201 	 1966 	-8.1 
 258.5 	 104 	 15.51 	 .22 	-6.605 	 231 	 300 	 221 	 201 	 1965 	-8.4 
 259 	 103.9 	 15.55 	 .22 	-6.592 	 232 	 301 	 221 	 202 	 1966 	-8.5 
 259.5 	 103.9 	 15.57 	 .22 	-6.594 	 232 	 300 	 221 	 201 	 1965 	-7.9 
 260 	 103.9 	 15.71 	 .22 	-6.622 	 231 	 300 	 222 	 202 	 1968 	-8.4 
 260.5 	 103.9 	 15.64 	 .22 	-6.627 	 232 	 300 	 221 	 202 	 1970 	-8.3 
 261 	 104 	 15.83 	 .22 	-6.607 	 231 	 300 	 221 	 202 	 1970 	-8.1 
 261.5 	 104 	 15.77 	 .22 	-6.618 	 231 	 300 	 221 	 201 	 1972 	-8.4 
 262 	 104 	 15.79 	 .23 	-6.614 	 232 	 300 	 221 	 201 	 1974 	-8 
 262.5 	 104 	 15.67 	 .23 	-6.614 	 232 	 300 	 222 	 202 	 1976 	-8.4 
 263 	 104.2 	 15.9 	 .22 	-6.623 	 232 	 300 	 221 	 201 	 1978 	-8.4 
 263.5 	 104.2 	 15.9 	 .22 	-6.612 	 232 	 300 	 221 	 202 	 1976 	-8.1 
 264 	 104.1 	 15.78 	 .22 	-6.608 	 231 	 300 	 221 	 201 	 1978 	-8.1 
 264.5 	 104.1 	 15.97 	 .23 	-6.611 	 231 	 300 	 221 	 202 	 1979 	-8.3 
 265 	 104.3 	 16.13 	 .23 	-6.609 	 232 	 300 	 221 	 202 	 1978 	-7.8 
 265.5 	 104.3 	 16.08 	 .23 	-6.596 	 232 	 300 	 222 	 201 	 1981 	-8.1 
 266 	 104.3 	 16.21 	 .23 	-6.603 	 232 	 300 	 221 	 202 	 1984 	-8.3 
 266.5 	 104.3 	 16.12 	 .22 	-6.603 	 232 	 300 	 221 	 202 	 1985 	-8.3 
 267 	 104.2 	 16.22 	 .23 	-6.618 	 232 	 300 	 221 	 201 	 1985 	-8.3 
 267.5 	 104.5 	 16.29 	 .23 	-6.6 	 232 	 300 	 221 	 201 	 1986 	-8 
 268 	 104.4 	 16.28 	 .23 	-6.602 	 232 	 300 	 221 	 201 	 1986 	-8.3 
 268.5 	 104.4 	 16.28 	 .23 	-6.599 	 232 	 300 	 221 	 201 	 1988 	-8.4 
 269 	 104.5 	 16.39 	 .23 	-6.606 	 232 	 300 	 221 	 201 	 1991 	-8 
 269.5 	 104.5 	 16.36 	 .23 	-6.605 	 232 	 300 	 221 	 201 	 1993 	-8.3 
 270 	 104.4 	 16.49 	 .24 	-6.588 	 232 	 300 	 221 	 202 	 1991 	-8 
 270.5 	 104.5 	 16.45 	 .24 	-6.611 	 232 	 300 	 221 	 202 	 1994 	-8 
 271 	 104.7 	 16.54 	 .23 	-6.603 	 232 	 300 	 221 	 201 	 1995 	-8.4 
 271.5 	 104.5 	 16.49 	 .23 	-6.62 	 232 	 300 	 221 	 201 	 1996 	-8.4 
 272 	 104.6 	 16.6 	 .24 	-6.57 	 232 	 300 	 221 	 201 	 1995 	-8.1 
 272.5 	 104.7 	 16.67 	 .24 	-6.602 	 232 	 300 	 221 	 201 	 1996 	-8.1 
 273 	 104.7 	 16.78 	 .23 	-6.592 	 232 	 300 	 222 	 201 	 1999 	-8.3 
 273.5 	 104.7 	 16.82 	 .24 	-6.607 	 232 	 300 	 221 	 201 	 1997 	-8 
 274 	 104.6 	 16.76 	 .24 	-6.624 	 232 	 301 	 221 	 201 	 1998 	-7.6 
 274.5 	 104.7 	 16.72 	 .24 	-6.621 	 233 	 300 	 221 	 201 	 2000 	-8.1 
 275 	 104.8 	 16.89 	 .24 	-6.547 	 232 	 300 	 221 	 201 	 2002 	-8 
 275.5 	 104.8 	 16.89 	 .23 	-6.597 	 232 	 300 	 222 	 201 	 2002 	-8 
 276 	 104.8 	 16.9 	 .24 	-6.609 	 232 	 300 	 221 	 201 	 2004 	-8 
 276.5 	 104.9 	 17.07 	 .24 	-6.596 	 232 	 300 	 221 	 201 	 2004 	-7.9 
 277 	 104.8 	 16.92 	 .24 	-6.617 	 232 	 300 	 221 	 201 	 2006 	-8.4 
 277.5 	 104.8 	 17.06 	 .24 	-6.626 	 232 	 300 	 221 	 201 	 2007 	-8 
 278 	 104.9 	 17.12 	 .24 	-6.619 	 233 	 300 	 221 	 201 	 2007 	-8.3 
 278.5 	 104.9 	 17.01 	 .24 	-6.612 	 233 	 300 	 221 	 201 	 2007 	-8.1 
 279 	 104.9 	 17.15 	 .25 	-6.623 	 233 	 300 	 221 	 202 	 2012 	-8.4 
 279.5 	 104.9 	 17.22 	 .25 	-6.632 	 232 	 300 	 221 	 201 	 2009 	-8.1 
 280 	 105 	 17.18 	 .24 	-6.635 	 232 	 300 	 221 	 201 	 2010 	-8.3 
 280.5 	 104.9 	 17.42 	 .25 	-6.63 	 232 	 300 	 221 	 201 	 2012 	-8.3 
 281 	 105 	 17.35 	 .24 	-6.626 	 232 	 300 	 221 	 201 	 2013 	-8.1 
 281.5 	 105.2 	 17.34 	 .24 	-6.632 	 233 	 300 	 221 	 201 	 2013 	-8.1 
 282 	 105.1 	 17.45 	 .24 	-6.636 	 233 	 300 	 221 	 201 	 2013 	-8 
 282.5 	 105 	 17.55 	 .25 	-6.632 	 233 	 300 	 221 	 201 	 2015 	-8 
 283 	 105.2 	 17.47 	 .25 	-6.616 	 232 	 300 	 221 	 201 	 2016 	-8.1 
 283.5 	 105.1 	 17.36 	 .25 	-6.621 	 232 	 300 	 220 	 201 	 2016 	-8.3 
 284 	 105.1 	 17.57 	 .25 	-6.642 	 232 	 300 	 221 	 201 	 2017 	-8.4 
 284.5 	 105.3 	 17.53 	 .25 	-6.56 	 232 	 300 	 221 	 201 	 2020 	-8.1 
 285 	 105.2 	 17.54 	 .25 	-6.64 	 232 	 300 	 221 	 201 	 2019 	-7.8 
 285.5 	 105.3 	 17.62 	 .25 	-6.626 	 233 	 300 	 221 	 200 	 2019 	-8.3 
 286 	 105.3 	 17.67 	 .25 	-6.624 	 233 	 301 	 221 	 201 	 2022 	-8 
 286.5 	 105.2 	 17.68 	 .26 	-6.628 	 233 	 300 	 221 	 201 	 2021 	-8.4 
 287 	 105.4 	 17.85 	 .25 	-6.614 	 233 	 301 	 221 	 201 	 2023 	-8.1 
 287.5 	 105.4 	 17.84 	 .25 	-6.627 	 233 	 301 	 221 	 201 	 2023 	-8 
 288 	 105.4 	 17.9 	 .25 	-6.614 	 233 	 300 	 221 	 200 	 2025 	-8.4 
 288.5 	 105.4 	 17.89 	 .25 	-6.599 	 233 	 300 	 221 	 201 	 2025 	-8 
 289 	 105.5 	 17.93 	 .25 	-6.614 	 233 	 300 	 221 	 201 	 2025 	-8 
 289.5 	 105.6 	 17.95 	 .25 	-6.606 	 233 	 300 	 221 	 201 	 2027 	-8 
 290 	 105.5 	 18.06 	 .25 	-6.626 	 233 	 300 	 221 	 201 	 2028 	-8.3 
 290.5 	 105.6 	 18.06 	 .26 	-6.607 	 233 	 300 	 221 	 201 	 2027 	-8.1 
 291 	 105.5 	 18.11 	 .26 	-6.624 	 233 	 300 	 221 	 201 	 2030 	-8 
 291.5 	 105.7 	 18.07 	 .26 	-6.591 	 233 	 300 	 221 	 201 	 2032 	-8.1 
 292 	 105.6 	 18.17 	 .26 	-6.607 	 233 	 300 	 221 	 201 	 2032 	-8.3 
 292.5 	 105.7 	 18.24 	 .26 	-6.578 	 233 	 300 	 221 	 200 	 2033 	-8.5 
 293 	 105.6 	 18.37 	 .26 	-6.643 	 232 	 300 	 222 	 200 	 2030 	-8.1 
 293.5 	 105.8 	 18.31 	 .26 	-6.601 	 233 	 300 	 221 	 201 	 2034 	-8.3 
 294 	 105.8 	 18.33 	 .26 	-6.606 	 233 	 300 	 221 	 200 	 2036 	-8.3 
 294.5 	 105.7 	 18.42 	 .26 	-6.613 	 233 	 300 	 221 	 201 	 2034 	-8.3 
 295 	 105.7 	 18.39 	 .26 	-6.646 	 233 	 300 	 221 	 200 	 2038 	-8.3 
 295.5 	 105.8 	 18.5 	 .26 	-6.609 	 233 	 300 	 221 	 200 	 2038 	-8.1 
 296 	 105.8 	 18.51 	 .26 	-6.625 	 233 	 301 	 221 	 201 	 2039 	-8 
 296.5 	 105.8 	 18.53 	 .26 	-6.618 	 233 	 300 	 221 	 201 	 2039 	-8.3 
 297 	 105.9 	 18.51 	 .26 	-6.594 	 233 	 300 	 221 	 201 	 2040 	-8 
 297.5 	 105.9 	 18.52 	 .26 	-6.625 	 233 	 300 	 221 	 201 	 2041 	-8 
 298 	 106 	 18.6 	 .26 	-6.611 	 233 	 300 	 221 	 201 	 2044 	-8.3 
 298.5 	 105.8 	 18.72 	 .27 	-6.624 	 233 	 300 	 221 	 201 	 2044 	-8.3 
 299 	 106.1 	 18.68 	 .27 	-6.603 	 233 	 300 	 221 	 201 	 2045 	-8 
 299.5 	 106 	 18.77 	 .26 	-6.629 	 233 	 300 	 221 	 201 	 2044 	-8 
 300 	 106 	 18.78 	 .27 	-6.629 	 233 	 300 	 221 	 201 	 2044 	-8.3 
 300.5 	 106 	 18.82 	 .27 	-6.629 	 233 	 300 	 220 	 201 	 2047 	-8.5 
 301 	 106 	 18.82 	 .27 	-6.61 	 233 	 300 	 221 	 201 	 2048 	-8.1 
 301.5 	 106.1 	 19.01 	 .26 	-6.608 	 233 	 300 	 221 	 201 	 2049 	-8.1 
 302 	 106 	 18.9 	 .27 	-6.613 	 233 	 300 	 221 	 200 	 2047 	-8.1 
 302.5 	 106.1 	 18.98 	 .27 	-6.598 	 233 	 300 	 221 	 201 	 2050 	-8.3 
 303 	 106.3 	 19.17 	 .27 	-6.605 	 233 	 300 	 221 	 201 	 2052 	-8.3 
 303.5 	 106.3 	 19.08 	 .27 	-6.593 	 234 	 300 	 221 	 200 	 2052 	-8 
 304 	 106.2 	 19.08 	 .27 	-6.609 	 233 	 301 	 221 	 200 	 2051 	-8.1 
 304.5 	 106.2 	 19.26 	 .27 	-6.618 	 233 	 300 	 221 	 201 	 2053 	-8.1 
 305 	 106.3 	 19.28 	 .27 	-6.601 	 233 	 300 	 221 	 201 	 2055 	-8.1 
 305.5 	 106.4 	 19.32 	 .27 	-6.586 	 233 	 300 	 220 	 201 	 2054 	-8.1 
 306 	 106.2 	 19.27 	 .28 	-6.611 	 233 	 300 	 221 	 201 	 2055 	-7.9 
 306.5 	 106.4 	 19.43 	 .27 	-6.591 	 233 	 300 	 221 	 201 	 2058 	-8.3 
 307 	 106.4 	 19.51 	 .27 	-6.644 	 233 	 300 	 221 	 201 	 2058 	-8.4 
 307.5 	 106.4 	 19.44 	 .27 	-6.638 	 233 	 300 	 221 	 200 	 2057 	-8.5 
 308 	 106.3 	 19.56 	 .27 	-6.668 	 233 	 300 	 221 	 201 	 2057 	-7.9 
 308.5 	 106.3 	 19.49 	 .27 	-6.67 	 234 	 300 	 221 	 200 	 2058 	-7.9 
 309 	 106.3 	 19.56 	 .28 	-6.657 	 234 	 300 	 221 	 201 	 2059 	-8.1 
 309.5 	 106.3 	 19.63 	 .28 	-6.65 	 234 	 300 	 221 	 200 	 2062 	-8.1 
 310 	 106.3 	 19.65 	 .28 	-6.657 	 234 	 300 	 221 	 201 	 2059 	-8 
 310.5 	 106.5 	 19.76 	 .28 	-6.648 	 234 	 300 	 221 	 200 	 2060 	-8.4 
 311 	 106.5 	 19.59 	 .28 	-6.61 	 233 	 300 	 221 	 200 	 2061 	-8.1 
 311.5 	 106.5 	 19.74 	 .28 	-6.665 	 233 	 300 	 221 	 201 	 2064 	-8.1 
 312 	 106.5 	 19.78 	 .28 	-6.64 	 233 	 300 	 221 	 200 	 2065 	-8.1 
 312.5 	 106.6 	 19.9 	 .28 	-6.632 	 233 	 300 	 221 	 200 	 2064 	-8 
 313 	 106.6 	 19.89 	 .28 	-6.641 	 233 	 300 	 221 	 200 	 2064 	-8.3 
 313.5 	 106.6 	 19.88 	 .28 	-6.651 	 234 	 300 	 221 	 200 	 2066 	-8.5 
 314 	 106.6 	 19.89 	 .28 	-6.64 	 234 	 300 	 220 	 201 	 2067 	-8 
 314.5 	 106.6 	 20.02 	 .28 	-6.649 	 234 	 300 	 221 	 200 	 2066 	-8.5 
 315 	 106.8 	 19.98 	 .28 	-6.65 	 234 	 300 	 220 	 201 	 2067 	-8.3 
 315.5 	 106.7 	 20.12 	 .29 	-6.627 	 234 	 300 	 221 	 200 	 2068 	-8.1 
 316 	 106.8 	 20.14 	 .28 	-6.622 	 233 	 300 	 221 	 200 	 2068 	-8 
 316.5 	 106.8 	 20.08 	 .28 	-6.645 	 233 	 300 	 220 	 201 	 2068 	-8.3 
 317 	 106.8 	 20.13 	 .28 	-6.619 	 233 	 300 	 220 	 201 	 2069 	-8 
 317.5 	 106.9 	 20.15 	 .28 	-6.617 	 233 	 300 	 220 	 200 	 2071 	-8.1 
 318 	 106.9 	 20.37 	 .29 	-6.613 	 234 	 300 	 221 	 201 	 2073 	-8.3 
 318.5 	 106.9 	 20.25 	 .29 	-6.642 	 234 	 301 	 221 	 200 	 2072 	-7.9 
 319 	 106.9 	 20.39 	 .29 	-6.651 	 234 	 300 	 220 	 200 	 2076 	-8.3 
 319.5 	 106.9 	 20.28 	 .29 	-6.619 	 234 	 300 	 221 	 200 	 2074 	-8 
 320 	 106.9 	 20.31 	 .29 	-6.608 	 234 	 300 	 221 	 200 	 2072 	-8.1 
 320.5 	 106.9 	 20.44 	 .29 	-6.641 	 234 	 300 	 221 	 201 	 2075 	-7.9 
 321 	 107 	 20.59 	 .29 	-6.622 	 234 	 300 	 221 	 200 	 2075 	-8 
 321.5 	 107 	 20.46 	 .29 	-6.63 	 233 	 301 	 220 	 200 	 2075 	-8.3 
 322 	 107.1 	 20.57 	 .29 	-6.622 	 234 	 300 	 221 	 200 	 2079 	-8.4 
 322.5 	 107.2 	 20.72 	 .29 	-6.648 	 234 	 300 	 221 	 200 	 2078 	-8.4 
 323 	 107 	 20.71 	 .29 	-6.63 	 234 	 300 	 220 	 201 	 2078 	-8.4 
 323.5 	 107.2 	 20.65 	 .29 	-6.595 	 234 	 300 	 220 	 200 	 2079 	-8 
 324 	 107.2 	 20.65 	 .29 	-6.624 	 234 	 300 	 221 	 200 	 2076 	-8 
 324.5 	 107.2 	 20.68 	 .29 	-6.646 	 234 	 300 	 220 	 200 	 2080 	-8 
 325 	 107.1 	 20.83 	 .3 	-6.645 	 234 	 300 	 221 	 200 	 2081 	-8.4 
 325.5 	 107.3 	 20.76 	 .29 	-6.621 	 234 	 300 	 220 	 201 	 2081 	-8 
 326 	 107.3 	 20.89 	 .29 	-6.633 	 234 	 300 	 221 	 200 	 2080 	-8.5 
 326.5 	 107.4 	 20.94 	 .3 	-6.62 	 233 	 300 	 220 	 200 	 2081 	-8.1 
 327 	 107.4 	 21.04 	 .3 	-6.613 	 234 	 300 	 221 	 200 	 2082 	-8 
 327.5 	 107.4 	 20.98 	 .3 	-6.618 	 234 	 300 	 220 	 200 	 2082 	-8.1 
 328 	 107.4 	 21.07 	 .3 	-6.621 	 234 	 300 	 221 	 201 	 2085 	-8.4 
 328.5 	 107.4 	 21.08 	 .31 	-6.625 	 234 	 300 	 221 	 201 	 2085 	-8.3 
 329 	 107.4 	 21.26 	 .29 	-6.651 	 234 	 300 	 220 	 200 	 2085 	-8.1 
 329.5 	 107.4 	 21.2 	 .3 	-6.64 	 234 	 300 	 221 	 200 	 2085 	-8.1 
 330 	 107.5 	 21.15 	 .3 	-6.622 	 234 	 300 	 220 	 200 	 2086 	-8.3 
 330.5 	 107.5 	 21.19 	 .3 	-6.624 	 234 	 300 	 220 	 200 	 2087 	-8 
 331 	 107.4 	 21.24 	 .3 	-6.635 	 234 	 300 	 220 	 200 	 2088 	-8 
 331.5 	 107.6 	 21.18 	 .31 	-6.612 	 234 	 300 	 221 	 200 	 2088 	-8.5 
 332 	 107.6 	 21.29 	 .3 	-6.606 	 234 	 300 	 220 	 200 	 2089 	-8.1 
 332.5 	 107.6 	 21.24 	 .3 	-6.628 	 234 	 300 	 221 	 201 	 2090 	-8.6 
 333 	 107.7 	 21.28 	 .3 	-6.606 	 234 	 301 	 220 	 200 	 2090 	-8.3 
 333.5 	 107.6 	 21.36 	 .31 	-6.638 	 234 	 300 	 220 	 200 	 2086 	-8.5 
 334 	 107.8 	 21.37 	 .3 	-6.645 	 234 	 300 	 220 	 200 	 2090 	-8.3 
 334.5 	 107.6 	 21.33 	 .3 	-6.636 	 234 	 300 	 220 	 200 	 2092 	-8.5 
 335 	 107.5 	 21.35 	 .31 	-6.644 	 234 	 300 	 220 	 200 	 2092 	-8 
 335.5 	 107.7 	 21.32 	 .3 	-6.629 	 234 	 300 	 220 	 200 	 2092 	-8 
 336 	 107.7 	 21.42 	 .3 	-6.641 	 234 	 300 	 220 	 200 	 2093 	-8.3 
 336.5 	 107.6 	 21.37 	 .3 	-6.665 	 234 	 300 	 220 	 200 	 2093 	-8.8 
 337 	 107.7 	 21.34 	 .3 	-6.649 	 234 	 300 	 220 	 200 	 2092 	-8.1 
 337.5 	 107.8 	 21.47 	 .31 	-6.639 	 234 	 300 	 221 	 200 	 2095 	-8 
 338 	 107.6 	 21.44 	 .31 	-6.691 	 234 	 301 	 220 	 200 	 2093 	-8.1 
 338.5 	 107.7 	 21.33 	 .3 	-6.661 	 234 	 300 	 220 	 200 	 2095 	-8 
 339 	 107.7 	 21.33 	 .31 	-6.694 	 234 	 300 	 220 	 201 	 2095 	-8.3 
 339.5 	 107.6 	 21.4 	 .3 	-6.684 	 234 	 301 	 220 	 200 	 2095 	-8.5 
 340 	 107.6 	 21.42 	 .3 	-6.691 	 235 	 301 	 220 	 200 	 2097 	-8 
 340.5 	 107.8 	 21.26 	 .3 	-6.686 	 234 	 300 	 220 	 200 	 2095 	-8.1 
 341 	 107.6 	 21.45 	 .31 	-6.699 	 234 	 300 	 220 	 200 	 2097 	-8 
 341.5 	 107.6 	 21.37 	 .3 	-6.69 	 234 	 300 	 220 	 200 	 2095 	-8.1 
 342 	 107.8 	 21.35 	 .3 	-6.704 	 234 	 300 	 220 	 200 	 2096 	-8.3 
 342.5 	 107.7 	 21.36 	 .3 	-6.685 	 234 	 300 	 220 	 200 	 2096 	-8.1 
 343 	 107.8 	 21.35 	 .3 	-6.655 	 234 	 300 	 220 	 200 	 2099 	-8.4 
 343.5 	 107.8 	 21.3 	 .31 	-6.676 	 234 	 300 	 220 	 200 	 2100 	-7.8 
 344 	 107.7 	 21.41 	 .3 	-6.664 	 234 	 300 	 220 	 200 	 2099 	-8.4 
 344.5 	 107.7 	 21.3 	 .3 	-6.685 	 234 	 300 	 220 	 200 	 2098 	-8 
 345 	 107.7 	 21.31 	 .3 	-6.681 	 235 	 300 	 220 	 200 	 2096 	-8 
 345.5 	 107.8 	 21.38 	 .3 	-6.674 	 235 	 300 	 220 	 200 	 2099 	-8.1 
 346 	 107.7 	 21.39 	 .3 	-6.694 	 234 	 300 	 220 	 199 	 2098 	-8.1 
 346.5 	 107.8 	 21.36 	 .3 	-6.666 	 234 	 300 	 220 	 200 	 2099 	-8 
 347 	 107.8 	 21.31 	 .3 	-6.675 	 234 	 300 	 220 	 200 	 2098 	-8.4 
 347.5 	 107.8 	 21.31 	 .3 	-6.7 	 234 	 300 	 220 	 199 	 2101 	-8.3 
 348 	 107.7 	 21.32 	 .3 	-6.671 	 234 	 301 	 220 	 199 	 2099 	-8.3 
 348.5 	 108 	 21.28 	 .3 	-6.672 	 234 	 300 	 220 	 200 	 2101 	-8 
 349 	 107.9 	 21.25 	 .3 	-6.679 	 234 	 301 	 220 	 200 	 2102 	-8.1 
 349.5 	 107.7 	 21.36 	 .3 	-6.683 	 234 	 300 	 220 	 199 	 2100 	-8.1 
 350 	 107.7 	 21.3 	 .3 	-6.704 	 235 	 300 	 220 	 200 	 2102 	-8.1 
 350.5 	 107.8 	 21.18 	 .3 	-6.686 	 234 	 300 	 220 	 200 	 2100 	-8.1 
 351 	 107.9 	 21.35 	 .3 	-6.683 	 234 	 300 	 220 	 200 	 2102 	-8.1 
 351.5 	 107.7 	 21.14 	 .3 	-6.663 	 234 	 300 	 220 	 200 	 2100 	-8 
 352 	 107.8 	 21.24 	 .3 	-6.688 	 234 	 300 	 220 	 200 	 2104 	-8.5 
 352.5 	 107.9 	 21.17 	 .3 	-6.668 	 234 	 301 	 220 	 199 	 2102 	-8.5 
 353 	 107.7 	 21.19 	 .3 	-6.696 	 234 	 300 	 220 	 199 	 2101 	-8.3 
 353.5 	 107.8 	 21.38 	 .31 	-6.681 	 234 	 301 	 219 	 199 	 2101 	-8.6 
 354 	 107.9 	 21.23 	 .3 	-6.676 	 234 	 301 	 219 	 200 	 2102 	-8 
 354.5 	 107.8 	 21.28 	 .3 	-6.668 	 234 	 300 	 219 	 198 	 2102 	-7.8 
 355 	 107.9 	 21.32 	 .3 	-6.657 	 235 	 300 	 220 	 198 	 2104 	-8.4 
 355.5 	 107.8 	 21.29 	 .31 	-6.674 	 234 	 300 	 220 	 200 	 2104 	-8.3 
 356 	 107.7 	 21.28 	 .3 	-6.68 	 234 	 300 	 219 	 199 	 2104 	-8.3 
 356.5 	 107.8 	 21.28 	 .3 	-6.683 	 234 	 300 	 220 	 199 	 2103 	-8.1 
 357 	 108 	 21.35 	 .3 	-6.672 	 234 	 300 	 219 	 199 	 2105 	-8.5 
 357.5 	 107.7 	 21.29 	 .3 	-6.672 	 234 	 300 	 219 	 199 	 2105 	-8.6 
 358 	 107.7 	 21.32 	 .3 	-6.685 	 234 	 300 	 220 	 199 	 2104 	-8.5 
 358.5 	 108 	 21.4 	 .3 	-6.658 	 234 	 300 	 219 	 199 	 2106 	-8.1 
 359 	 107.8 	 21.36 	 .31 	-6.687 	 235 	 300 	 219 	 199 	 2103 	-8.1 
 359.5 	 107.8 	 21.26 	 .3 	-6.672 	 234 	 300 	 220 	 199 	 2106 	-8 
 360 	 108 	 21.23 	 .3 	-6.683 	 234 	 300 	 219 	 200 	 2106 	-8.5 
 360.5 	 107.8 	 21.23 	 .3 	-6.66 	 234 	 301 	 219 	 199 	 2105 	-8.6 
 361 	 107.6 	 21.22 	 .3 	-6.66 	 234 	 300 	 220 	 199 	 2105 	-8.4 
 361.5 	 108 	 21.22 	 .3 	-6.666 	 234 	 300 	 220 	 199 	 2107 	-8.4 
 362 	 107.9 	 21.23 	 .3 	-6.671 	 234 	 300 	 219 	 199 	 2104 	-7.9 
 362.5 	 107.9 	 21.2 	 .3 	-6.675 	 234 	 300 	 219 	 200 	 2106 	-8.1 
 363 	 108 	 21.21 	 .3 	-6.66 	 234 	 300 	 219 	 199 	 2104 	-8.5 
 363.5 	 107.9 	 21.29 	 .3 	-6.672 	 235 	 300 	 220 	 199 	 2107 	-8.3 
 364 	 107.8 	 21.35 	 .3 	-6.68 	 234 	 300 	 220 	 199 	 2104 	-7.9 
 364.5 	 107.9 	 21.28 	 .3 	-6.661 	 234 	 300 	 219 	 199 	 2105 	-8.4 
 365 	 107.9 	 21.17 	 .3 	-6.671 	 234 	 300 	 219 	 199 	 2104 	-8.1 
 365.5 	 107.7 	 21.22 	 .3 	-6.648 	 234 	 301 	 219 	 199 	 2107 	-8.3 
 366 	 107.8 	 21.12 	 .3 	-6.668 	 234 	 300 	 219 	 199 	 2103 	-7.8 
 366.5 	 108 	 21.19 	 .3 	-6.641 	 234 	 301 	 220 	 200 	 2106 	-8 
 367 	 108 	 21.15 	 .29 	-6.667 	 235 	 300 	 219 	 199 	 2110 	-7.9 
 367.5 	 107.8 	 21.25 	 .3 	-6.669 	 235 	 300 	 219 	 199 	 2106 	-8.3 
 368 	 108 	 21.2 	 .3 	-6.676 	 234 	 300 	 220 	 199 	 2107 	-8.1 
 368.5 	 108 	 21.21 	 .3 	-6.682 	 235 	 300 	 219 	 199 	 2107 	-8.6 
 369 	 108 	 21.24 	 .3 	-6.641 	 234 	 301 	 219 	 199 	 2106 	-8.1 
 369.5 	 107.9 	 21.17 	 .3 	-6.673 	 234 	 300 	 219 	 199 	 2108 	-8.1 
 370 	 108 	 21.19 	 .3 	-6.641 	 234 	 300 	 219 	 199 	 2108 	-8.5 
 370.5 	 107.8 	 21.07 	 .3 	-6.665 	 234 	 300 	 219 	 199 	 2109 	-8.3 
 371 	 107.8 	 21.07 	 .3 	-6.662 	 234 	 300 	 219 	 199 	 2108 	-8.5 
 371.5 	 107.8 	 21.11 	 .3 	-6.66 	 234 	 300 	 220 	 199 	 2107 	-8.1 
 372 	 108 	 21.15 	 .3 	-6.661 	 234 	 300 	 220 	 199 	 2108 	-8.1 
 372.5 	 107.8 	 21.17 	 .3 	-6.66 	 234 	 300 	 219 	 199 	 2110 	-8 
 373 	 108 	 21.25 	 .3 	-6.683 	 234 	 300 	 219 	 199 	 2109 	-7.9 
 373.5 	 108 	 21.17 	 .3 	-6.642 	 234 	 300 	 219 	 199 	 2109 	-8.3 
 374 	 108 	 21.15 	 .3 	-6.663 	 234 	 300 	 219 	 199 	 2108 	-8.8 
 374.5 	 107.8 	 21.15 	 .3 	-6.666 	 235 	 300 	 219 	 199 	 2109 	-8 
 375 	 108 	 21.06 	 .3 	-6.655 	 234 	 300 	 219 	 199 	 2110 	-8.5 
 375.5 	 107.9 	 21.1 	 .29 	-6.662 	 234 	 300 	 220 	 198 	 2109 	-8.4 
 376 	 107.8 	 21.06 	 .29 	-6.68 	 234 	 301 	 219 	 198 	 2112 	-8 
 376.5 	 107.9 	 21.15 	 .3 	-6.634 	 234 	 300 	 220 	 199 	 2110 	-7.8 
 377 	 108 	 21.13 	 .3 	-6.651 	 234 	 300 	 219 	 199 	 2111 	-8.5 
 377.5 	 108 	 21.27 	 .3 	-6.675 	 234 	 300 	 220 	 199 	 2113 	-8.1 
 378 	 108 	 21.22 	 .3 	-6.662 	 234 	 300 	 219 	 199 	 2110 	-8 
 378.5 	 108 	 21.25 	 .3 	-6.657 	 234 	 300 	 219 	 199 	 2110 	-8.1 
 379 	 107.9 	 21.36 	 .3 	-6.67 	 234 	 300 	 219 	 199 	 2110 	-8 
 379.5 	 107.9 	 21.21 	 .3 	-6.682 	 235 	 301 	 219 	 199 	 2111 	-8.5 
 380 	 107.9 	 21.21 	 .3 	-6.664 	 235 	 300 	 219 	 199 	 2111 	-7.8 
 380.5 	 107.9 	 21.25 	 .3 	-6.664 	 235 	 300 	 219 	 198 	 2111 	-7.9 
 381 	 107.8 	 21.18 	 .3 	-6.686 	 234 	 300 	 219 	 199 	 2111 	-8.4 
 381.5 	 107.9 	 21.1 	 .3 	-6.66 	 234 	 301 	 219 	 199 	 2111 	-8.4 
 382 	 108 	 21.35 	 .3 	-6.686 	 234 	 300 	 220 	 199 	 2108 	-8.4 
 382.5 	 107.9 	 21.27 	 .3 	-6.677 	 234 	 300 	 220 	 199 	 2110 	-8.5 
 383 	 107.9 	 21.15 	 .3 	-6.669 	 234 	 300 	 219 	 199 	 2109 	-8.6 
 383.5 	 108 	 21.27 	 .29 	-6.675 	 234 	 300 	 219 	 199 	 2109 	-8.6 
 384 	 107.9 	 21.2 	 .3 	-6.694 	 234 	 300 	 219 	 199 	 2113 	-8.5 
 384.5 	 108 	 21.13 	 .3 	-6.679 	 235 	 300 	 219 	 198 	 2111 	-8.5 
 385 	 107.9 	 21.13 	 .3 	-6.678 	 235 	 300 	 219 	 198 	 2112 	-8.9 
 385.5 	 108 	 21.28 	 .31 	-6.677 	 235 	 300 	 219 	 199 	 2113 	-8.6 
 386 	 108 	 21.21 	 .3 	-6.687 	 234 	 300 	 219 	 199 	 2112 	-8.8 
 386.5 	 107.8 	 21.19 	 .3 	-6.671 	 235 	 300 	 219 	 199 	 2112 	-8.6 
 387 	 107.8 	 21.18 	 .3 	-6.684 	 234 	 300 	 219 	 199 	 2114 	-8.4 
 387.5 	 108 	 21.37 	 .3 	-6.667 	 234 	 300 	 219 	 199 	 2113 	-8.3 
 388 	 107.8 	 21.32 	 .3 	-6.693 	 234 	 300 	 219 	 199 	 2113 	-8.3 
 388.5 	 107.8 	 21.3 	 .3 	-6.682 	 234 	 301 	 219 	 198 	 2113 	-8.5 
 389 	 108 	 21.16 	 .3 	-6.687 	 235 	 300 	 219 	 199 	 2112 	-8.4 
 389.5 	 108 	 21.25 	 .3 	-6.679 	 235 	 300 	 219 	 198 	 2112 	-8.1 
 390 	 107.8 	 21.31 	 .3 	-6.684 	 234 	 300 	 219 	 199 	 2113 	-8.3 
 390.5 	 108 	 21.2 	 .29 	-6.686 	 235 	 299 	 219 	 199 	 2112 	-8.6 
 391 	 108 	 21.18 	 .3 	-6.672 	 235 	 300 	 219 	 198 	 2112 	-8.6 
 391.5 	 107.9 	 21.19 	 .3 	-6.676 	 235 	 300 	 218 	 199 	 2111 	-8.4 
 392 	 107.8 	 21.23 	 .3 	-6.675 	 234 	 300 	 219 	 199 	 2111 	-8.4 
 392.5 	 108 	 21.05 	 .3 	-6.671 	 234 	 300 	 219 	 199 	 2112 	-8.1 
 393 	 107.9 	 21.2 	 .29 	-6.682 	 234 	 300 	 219 	 198 	 2112 	-8.3 
 393.5 	 107.9 	 21.14 	 .3 	-6.659 	 234 	 300 	 218 	 199 	 2112 	-8.3 
 394 	 108 	 21.11 	 .3 	-6.666 	 234 	 301 	 219 	 199 	 2112 	-8.1 
 394.5 	 108.1 	 21.16 	 .3 	-6.669 	 235 	 300 	 219 	 199 	 2112 	-8.4 
 395 	 108 	 21.13 	 .3 	-6.601 	 234 	 300 	 219 	 199 	 2113 	-8.4 
 395.5 	 108 	 21.19 	 .3 	-6.658 	 234 	 300 	 219 	 198 	 2113 	-8 
 396 	 108 	 21.2 	 .3 	-6.674 	 235 	 300 	 219 	 199 	 2117 	-8.6 
 396.5 	 107.9 	 21.17 	 .3 	-6.671 	 235 	 300 	 219 	 198 	 2115 	-8.5 
 397 	 107.9 	 21.13 	 .3 	-6.64 	 235 	 301 	 219 	 199 	 2112 	-8.4 
 397.5 	 107.9 	 21.08 	 .3 	-6.643 	 234 	 300 	 219 	 199 	 2114 	-8.3 
 398 	 107.9 	 21.14 	 .3 	-6.674 	 235 	 300 	 219 	 198 	 2113 	-8.4 
 398.5 	 107.9 	 21.03 	 .3 	-6.65 	 234 	 300 	 219 	 199 	 2114 	-8.4 
 399 	 107.9 	 21.23 	 .3 	-6.664 	 234 	 300 	 219 	 198 	 2113 	-8.4 
 399.5 	 107.9 	 21.12 	 .3 	-6.662 	 234 	 300 	 219 	 199 	 2115 	-8.3 
 400 	 108 	 21.1 	 .3 	-6.67 	 234 	 300 	 219 	 199 	 2114 	-8.3 
 400.5 	 107.9 	 21.16 	 .3 	-6.662 	 234 	 300 	 219 	 199 	 2113 	-8.6 
 401 	 108 	 21.1 	 .3 	-6.645 	 234 	 300 	 219 	 198 	 2114 	-8.1 
 401.5 	 107.9 	 21.24 	 .3 	-6.664 	 234 	 300 	 219 	 199 	 2112 	-8 
 402 	 108.1 	 21.16 	 .3 	-6.649 	 235 	 301 	 219 	 199 	 2114 	-8.3 
 402.5 	 107.9 	 21.23 	 .3 	-6.668 	 235 	 300 	 219 	 199 	 2115 	-8.4 
 403 	 108 	 21.27 	 .3 	-6.67 	 235 	 300 	 220 	 198 	 2114 	-8.3 
 403.5 	 108.2 	 21.18 	 .29 	-6.6 	 235 	 300 	 219 	 199 	 2113 	-8.5 
 404 	 108 	 21.13 	 .3 	-6.68 	 234 	 300 	 219 	 198 	 2113 	-8.3 
 404.5 	 107.9 	 21.16 	 .3 	-6.664 	 234 	 300 	 220 	 199 	 2115 	-8.1 
 405 	 108.1 	 21.11 	 .3 	-6.657 	 234 	 300 	 219 	 199 	 2113 	-8.5 
 405.5 	 107.9 	 21.22 	 .3 	-6.636 	 234 	 300 	 219 	 199 	 2114 	-8.1 
 406 	 108 	 21.28 	 .3 	-6.665 	 234 	 300 	 220 	 198 	 2113 	-8.1 
 406.5 	 108 	 21.11 	 .3 	-6.666 	 234 	 300 	 219 	 199 	 2115 	-8.3 
 407 	 108 	 21.15 	 .3 	-6.656 	 234 	 300 	 220 	 199 	 2113 	-8 
 407.5 	 107.9 	 21.2 	 .3 	-6.661 	 234 	 300 	 220 	 199 	 2113 	-8.1 
 408 	 108.1 	 21.06 	 .3 	-6.662 	 234 	 300 	 219 	 199 	 2114 	-8.3 
 408.5 	 108 	 21.21 	 .3 	-6.649 	 234 	 300 	 219 	 199 	 2115 	-8.5 
 409 	 108 	 21.11 	 .3 	-6.634 	 235 	 300 	 219 	 199 	 2113 	-8.6 
 409.5 	 108 	 21.26 	 .3 	-6.638 	 234 	 300 	 219 	 199 	 2116 	-8.3 
 410 	 108.1 	 21.16 	 .31 	-6.63 	 234 	 300 	 220 	 198 	 2113 	-8.5 
 410.5 	 108.1 	 21.16 	 .3 	-6.625 	 234 	 300 	 219 	 199 	 2114 	-8.3 
 411 	 108 	 21.08 	 .3 	-6.639 	 234 	 300 	 220 	 199 	 2118 	-8.3 
 411.5 	 108 	 21.25 	 .29 	-6.626 	 234 	 300 	 220 	 199 	 2117 	-8.3 
 412 	 108.2 	 21.24 	 .3 	-6.632 	 234 	 300 	 219 	 199 	 2113 	-8.3 
 412.5 	 107.9 	 21.16 	 .3 	-6.635 	 234 	 300 	 220 	 199 	 2113 	-8.5 
 413 	 108.1 	 21.19 	 .3 	-6.618 	 234 	 301 	 219 	 199 	 2112 	-7.9 
 413.5 	 108.2 	 21.05 	 .3 	-6.623 	 235 	 300 	 219 	 199 	 2114 	-7.9 
 414 	 108 	 21.25 	 .3 	-6.631 	 235 	 300 	 220 	 199 	 2116 	-8.4 
 414.5 	 107.9 	 21.18 	 .3 	-6.612 	 234 	 300 	 219 	 199 	 2116 	-8.4 
 415 	 108 	 21.16 	 .3 	-6.628 	 234 	 300 	 219 	 199 	 2114 	-8.3 
 415.5 	 108 	 21.25 	 .3 	-6.619 	 234 	 300 	 220 	 199 	 2114 	-8.4 
 416 	 108 	 21.16 	 .3 	-6.629 	 234 	 300 	 219 	 199 	 2114 	-8.3 
 416.5 	 108.2 	 21.21 	 .3 	-6.614 	 234 	 301 	 219 	 199 	 2115 	-8.3 
 417 	 108.1 	 21.21 	 .3 	-6.63 	 234 	 300 	 220 	 199 	 2116 	-8.4 
 417.5 	 108 	 21.21 	 .3 	-6.629 	 234 	 300 	 219 	 199 	 2114 	-8.1 
 418 	 108.1 	 21.17 	 .3 	-6.636 	 235 	 300 	 220 	 199 	 2117 	-8.1 
 418.5 	 108.1 	 21.18 	 .3 	-6.62 	 235 	 300 	 219 	 199 	 2113 	-8.3 
 419 	 108 	 21.21 	 .3 	-6.63 	 235 	 300 	 220 	 199 	 2115 	-8.5 
 419.5 	 108 	 21.16 	 .3 	-6.616 	 235 	 300 	 219 	 199 	 2117 	-8.5 
 420 	 108.1 	 21.21 	 .3 	-6.628 	 234 	 300 	 220 	 199 	 2114 	-8.3 
 420.5 	 107.9 	 21.23 	 .3 	-6.611 	 234 	 300 	 219 	 199 	 2115 	-8.4 
 421 	 108 	 21.18 	 .3 	-6.619 	 234 	 300 	 220 	 199 	 2116 	-8.5 
 421.5 	 108 	 21.15 	 .3 	-6.605 	 234 	 300 	 220 	 199 	 2116 	-8.4 
 422 	 108.1 	 21.15 	 .3 	-6.651 	 234 	 300 	 220 	 198 	 2113 	-7.9 
 422.5 	 108.1 	 21.16 	 .3 	-6.611 	 234 	 300 	 220 	 199 	 2113 	-8 
 423 	 108.1 	 21.16 	 .3 	-6.616 	 234 	 300 	 220 	 199 	 2114 	-7.8 
 423.5 	 108.1 	 21.23 	 .3 	-6.643 	 234 	 300 	 220 	 200 	 2116 	-7.8 
 424 	 108.1 	 21.16 	 .3 	-6.624 	 235 	 300 	 219 	 200 	 2114 	-8.4 
 424.5 	 108.1 	 21.21 	 .3 	-6.615 	 234 	 300 	 220 	 199 	 2115 	-8.5 
 425 	 108.1 	 21.23 	 .3 	-6.63 	 235 	 300 	 220 	 199 	 2116 	-8.4 
 425.5 	 108 	 21.15 	 .3 	-6.623 	 235 	 300 	 220 	 199 	 2113 	-8.5 
 426 	 108 	 21.22 	 .3 	-6.623 	 234 	 300 	 220 	 200 	 2113 	-8 
 426.5 	 108 	 21.24 	 .3 	-6.618 	 234 	 300 	 220 	 199 	 2113 	-8.3 
 427 	 108.1 	 21.23 	 .3 	-6.634 	 234 	 300 	 220 	 200 	 2114 	-7.9 
 427.5 	 108.1 	 21.27 	 .3 	-6.606 	 234 	 300 	 220 	 199 	 2113 	-8.4 
 428 	 108 	 21.19 	 .3 	-6.64 	 234 	 300 	 220 	 199 	 2116 	-8 
 428.5 	 108.1 	 21.19 	 .3 	-6.644 	 234 	 300 	 220 	 199 	 2114 	-8.3 
 
