时间(S)	振次	轴位移(mm)	力(kN)	应力(kPa)	变形(mm)	侧位移(mm)	围压(kPa)	孔压(kPa)	反压(kPa)	体变(ml)	小体变(ml)
0.00	0.00	 121.5 	 21.78 	 308 	 15.979 	 132.8 	 301 	 207 	 191 	 4678 	-7.9 
 .2 	 .02 	 121.5 	 21.73 	 31 	 15.987 	 132.7 	 301 	 207 	 192 	 4679 	-8.4 
 .4 	 .04 	 121.5 	 21.77 	 31 	 15.981 	 132.5 	 300 	 207 	 192 	 4680 	-8.4 
 .61 	 .06 	 121.5 	 21.86 	 31 	 15.983 	 133.2 	 300 	 207 	 192 	 4681 	-8.6 
 .81 	 .08 	 121.4 	 21.92 	 32 	 15.988 	 132.8 	 301 	 207 	 191 	 4678 	-8.4 
 1.01 	 .1 	 121.4 	 21.87 	 32 	 15.992 	 133.1 	 300 	 207 	 192 	 4678 	-8.6 
 1.21 	 .12 	 121.6 	 22.5 	 32 	 15.996 	 133.1 	 301 	 207 	 192 	 4680 	-8.3 
 1.41 	 .14 	 121.5 	 22.85 	 33 	 15.987 	 132.5 	 301 	 207 	 192 	 4678 	-8.8 
 1.62 	 .16 	 121.5 	 23.32 	 33 	 16.013 	 133.1 	 301 	 207 	 192 	 4678 	-8.4 
 1.82 	 .18 	 121.5 	 23.48 	 33 	 16.02 	 132.6 	 301 	 207 	 192 	 4679 	-8.1 
 2.02 	 .2 	 121.5 	 24.03 	 35 	 16.035 	 132.6 	 301 	 207 	 192 	 4678 	-8.1 
 2.22 	 .22 	 121.5 	 24.32 	 34 	 16.041 	 133.3 	 301 	 207 	 192 	 4679 	-8.1 
 2.42 	 .24 	 121.5 	 24.41 	 35 	 16.058 	 132.3 	 300 	 207 	 192 	 4676 	-7.8 
 2.63 	 .26 	 121.6 	 24.76 	 35 	 16.067 	 133.2 	 301 	 207 	 191 	 4678 	-8.1 
 2.83 	 .28 	 121.5 	 24.77 	 35 	 16.083 	 132.3 	 301 	 207 	 192 	 4679 	-8.5 
 3.03 	 .3 	 121.5 	 24.85 	 36 	 16.079 	 132.6 	 301 	 206 	 191 	 4677 	-8.4 
 3.23 	 .32 	 121.6 	 24.94 	 36 	 16.081 	 133.4 	 300 	 207 	 192 	 4678 	-8.5 
 3.43 	 .34 	 121.5 	 24.92 	 35 	 16.1 	 132.6 	 301 	 206 	 191 	 4678 	-8.1 
 3.64 	 .36 	 121.6 	 24.81 	 35 	 16.118 	 133 	 301 	 206 	 192 	 4678 	-8.1 
 3.84 	 .38 	 121.5 	 24.85 	 35 	 16.127 	 133 	 301 	 207 	 191 	 4677 	-8.5 
 4.04 	 .4 	 121.6 	 24.67 	 34 	 16.116 	 132.7 	 301 	 207 	 192 	 4678 	-8.1 
 4.24 	 .42 	 121.6 	 24.47 	 35 	 16.13 	 133.4 	 301 	 206 	 192 	 4679 	-8.4 
 4.44 	 .44 	 121.6 	 24.55 	 35 	 16.131 	 132.5 	 301 	 207 	 191 	 4680 	-8.8 
 4.65 	 .46 	 121.5 	 24.37 	 35 	 16.131 	 133 	 300 	 207 	 191 	 4678 	-8 
 4.85 	 .48 	 121.7 	 24.41 	 34 	 16.117 	 133.4 	 301 	 207 	 192 	 4679 	-8.4 
 5.05 	 .5 	 121.6 	 24.38 	 34 	 16.123 	 132.4 	 301 	 207 	 192 	 4680 	-8.6 
 5.25 	 .52 	 121.5 	 24.32 	 34 	 16.118 	 133.3 	 301 	 206 	 192 	 4680 	-8.8 
 5.45 	 .54 	 121.6 	 23.5 	 33 	 16.126 	 132.7 	 301 	 206 	 192 	 4679 	-8.6 
 5.66 	 .56 	 121.6 	 23.02 	 33 	 16.107 	 132.3 	 301 	 207 	 192 	 4677 	-8.3 
 5.86 	 .58 	 121.6 	 22.87 	 32 	 16.106 	 133.3 	 301 	 207 	 192 	 4680 	-8.8 
 6.06 	 .6 	 121.5 	 21.99 	 31 	 16.097 	 132.1 	 300 	 207 	 192 	 4678 	-8.1 
 6.26 	 .62 	 121.5 	 21.65 	 29 	 16.075 	 133.3 	 301 	 206 	 191 	 4678 	-8 
 6.46 	 .64 	 121.5 	 21.11 	 29 	 16.069 	 133.1 	 300 	 207 	 191 	 4680 	-8.5 
 6.67 	 .66 	 121.6 	 20.73 	 29 	 16.057 	 132.3 	 301 	 207 	 191 	 4679 	-8.6 
 6.87 	 .68 	 121.6 	 19.91 	 28 	 16.049 	 133.1 	 300 	 207 	 191 	 4680 	-8.3 
 7.07 	 .7 	 121.6 	 19.56 	 27 	 16.015 	 132.5 	 301 	 206 	 191 	 4678 	-8.5 
 7.27 	 .72 	 121.5 	 19.38 	 27 	 16.022 	 133 	 300 	 206 	 192 	 4680 	-8.5 
 7.47 	 .74 	 121.6 	 19.02 	 27 	 15.994 	 133.1 	 301 	 206 	 191 	 4677 	-8 
 7.68 	 .76 	 121.5 	 18.83 	 26 	 16.004 	 132.4 	 300 	 206 	 191 	 4679 	-8.6 
 7.88 	 .78 	 121.4 	 18.68 	 26 	 15.992 	 133.4 	 301 	 207 	 192 	 4677 	-7.9 
 8.08 	 .8 	 121.5 	 18.6 	 26 	 15.991 	 132.7 	 301 	 206 	 191 	 4677 	-8.5 
 8.28 	 .82 	 121.4 	 18.53 	 26 	 15.99 	 132.7 	 301 	 206 	 192 	 4681 	-8.5 
 8.48 	 .84 	 121.4 	 18.59 	 26 	 15.981 	 133.1 	 300 	 207 	 191 	 4677 	-8.3 
 8.69 	 .86 	 121.5 	 18.63 	 26 	 15.982 	 132.3 	 300 	 206 	 192 	 4680 	-8.3 
 8.89 	 .88 	 121.4 	 18.45 	 26 	 15.984 	 133.2 	 301 	 207 	 191 	 4679 	-8.5 
 9.09 	 .9 	 121.5 	 18.48 	 26 	 15.977 	 133 	 301 	 207 	 191 	 4678 	-8.5 
 9.29 	 .92 	 121.5 	 18.59 	 26 	 15.986 	 132.6 	 301 	 206 	 192 	 4678 	-8.6 
 9.49 	 .94 	 121.4 	 18.58 	 26 	 15.979 	 133.5 	 300 	 206 	 192 	 4679 	-8.8 
 9.7 	 .96 	 121.5 	 18.67 	 27 	 15.983 	 132.3 	 300 	 207 	 191 	 4676 	-8.1 
 9.9 	 .98 	 121.5 	 18.86 	 27 	 15.979 	 133 	 300 	 207 	 191 	 4678 	-8.3 
 10.1 	 1.01 	 121.5 	 19.32 	 28 	 15.974 	 132.8 	 300 	 207 	 191 	 4678 	-8.3 
 10.3 	 1.03 	 121.5 	 19.79 	 28 	 15.991 	 132.6 	 301 	 207 	 191 	 4678 	-8.3 
 10.5 	 1.05 	 121.6 	 20.38 	 29 	 15.998 	 133.4 	 301 	 207 	 191 	 4677 	-8.3 
 10.71 	 1.07 	 121.5 	 20.73 	 30 	 16.022 	 132.5 	 301 	 206 	 192 	 4678 	-8.5 
 10.91 	 1.09 	 121.5 	 21.61 	 31 	 16.04 	 132.7 	 301 	 207 	 192 	 4678 	-8.1 
 11.11 	 1.11 	 121.5 	 22.04 	 31 	 16.047 	 133.2 	 301 	 206 	 192 	 4678 	-8.6 
 11.31 	 1.13 	 121.6 	 22.48 	 32 	 16.064 	 132.4 	 300 	 207 	 191 	 4678 	-8.3 
 11.51 	 1.15 	 121.5 	 22.73 	 33 	 16.079 	 133.3 	 301 	 207 	 191 	 4677 	-8.5 
 11.72 	 1.17 	 121.5 	 23.5 	 34 	 16.083 	 132.7 	 300 	 207 	 192 	 4680 	-8.3 
 11.92 	 1.19 	 121.7 	 23.91 	 34 	 16.096 	 132.4 	 301 	 207 	 192 	 4678 	-8.5 
 12.12 	 1.21 	 121.5 	 24.11 	 35 	 16.122 	 133.1 	 301 	 206 	 192 	 4679 	-8.4 
 12.32 	 1.23 	 121.6 	 24.62 	 35 	 16.132 	 132.3 	 300 	 207 	 192 	 4680 	-8.4 
 12.52 	 1.25 	 121.6 	 24.77 	 35 	 16.135 	 133.1 	 301 	 207 	 192 	 4679 	-8.5 
 12.73 	 1.27 	 121.7 	 24.82 	 35 	 16.155 	 132.8 	 300 	 207 	 192 	 4678 	-8.5 
 12.93 	 1.29 	 121.6 	 24.81 	 35 	 16.182 	 132.2 	 301 	 206 	 192 	 4680 	-8.4 
 13.13 	 1.31 	 121.6 	 25 	 35 	 16.157 	 133.4 	 301 	 206 	 192 	 4681 	-8.1 
 13.33 	 1.33 	 121.7 	 24.95 	 35 	 16.184 	 131.6 	 301 	 206 	 192 	 4678 	-8.5 
 13.53 	 1.35 	 121.5 	 24.89 	 35 	 16.18 	 133.1 	 301 	 207 	 192 	 4679 	-8.4 
 13.74 	 1.37 	 121.7 	 24.84 	 35 	 16.196 	 133.5 	 300 	 207 	 191 	 4678 	-8.4 
 13.94 	 1.39 	 121.6 	 24.8 	 35 	 16.192 	 132.5 	 301 	 207 	 192 	 4677 	-8.5 
 14.14 	 1.41 	 121.8 	 24.74 	 35 	 16.203 	 133.4 	 301 	 206 	 192 	 4679 	-8.3 
 14.34 	 1.43 	 121.8 	 24.65 	 35 	 16.219 	 132.3 	 300 	 207 	 191 	 4680 	-8.5 
 14.54 	 1.45 	 121.6 	 24.45 	 35 	 16.21 	 132.5 	 300 	 207 	 191 	 4677 	-8.4 
 14.75 	 1.47 	 121.6 	 24.56 	 34 	 16.196 	 133 	 301 	 206 	 192 	 4680 	-8.8 
 14.95 	 1.49 	 121.7 	 24.46 	 35 	 16.193 	 132.1 	 300 	 207 	 192 	 4679 	-8.4 
 15.15 	 1.51 	 121.6 	 24.24 	 35 	 16.216 	 133.4 	 301 	 206 	 192 	 4677 	-8.4 
 15.35 	 1.53 	 121.6 	 24.03 	 32 	 16.196 	 132.8 	 300 	 207 	 191 	 4679 	-8.8 
 15.55 	 1.55 	 121.6 	 23.45 	 32 	 16.192 	 132.5 	 300 	 207 	 192 	 4678 	-8.4 
 15.76 	 1.57 	 121.6 	 22.82 	 32 	 16.199 	 133.2 	 301 	 207 	 192 	 4681 	-8.5 
 15.96 	 1.59 	 121.7 	 22.43 	 31 	 16.162 	 132.1 	 300 	 207 	 191 	 4678 	-8.6 
 16.16 	 1.61 	 121.6 	 22.12 	 31 	 16.166 	 133 	 301 	 206 	 192 	 4678 	-8.6 
 16.36 	 1.63 	 121.7 	 21.19 	 30 	 16.146 	 133 	 300 	 207 	 191 	 4680 	-8.5 
 16.56 	 1.65 	 121.5 	 20.83 	 29 	 16.138 	 132.2 	 299 	 206 	 192 	 4682 	-8.6 
 16.77 	 1.67 	 121.6 	 20.29 	 28 	 16.138 	 133.6 	 301 	 207 	 191 	 4678 	-8.6 
 16.97 	 1.69 	 121.6 	 20.08 	 28 	 16.106 	 132.5 	 300 	 207 	 191 	 4678 	-8.1 
 17.17 	 1.71 	 121.4 	 19.39 	 27 	 16.09 	 132.9 	 301 	 206 	 191 	 4679 	-8.8 
 17.37 	 1.73 	 121.6 	 19.26 	 27 	 16.094 	 133.1 	 300 	 207 	 191 	 4679 	-8.5 
 17.57 	 1.75 	 121.5 	 19.07 	 27 	 16.075 	 132.2 	 300 	 206 	 191 	 4678 	-8.4 
 17.78 	 1.77 	 121.4 	 18.66 	 27 	 16.084 	 133.6 	 300 	 207 	 191 	 4679 	-8.9 
 17.98 	 1.79 	 121.6 	 18.69 	 26 	 16.063 	 132.6 	 300 	 206 	 192 	 4680 	-8.6 
 18.18 	 1.81 	 121.6 	 18.58 	 26 	 16.069 	 132.5 	 301 	 206 	 191 	 4677 	-8.4 
 18.38 	 1.83 	 121.4 	 18.47 	 27 	 16.069 	 133.3 	 300 	 207 	 191 	 4678 	-8.5 
 18.58 	 1.85 	 121.6 	 18.49 	 26 	 16.065 	 132.1 	 300 	 207 	 191 	 4678 	-7.9 
 18.79 	 1.87 	 121.6 	 18.57 	 25 	 16.058 	 132.9 	 300 	 206 	 192 	 4680 	-8.3 
 18.99 	 1.89 	 121.6 	 18.58 	 27 	 16.052 	 132.8 	 301 	 206 	 192 	 4679 	-8.3 
 19.19 	 1.91 	 121.6 	 18.55 	 26 	 16.063 	 132.3 	 301 	 207 	 191 	 4678 	-8.3 
 19.39 	 1.93 	 121.5 	 18.51 	 26 	 16.056 	 133.4 	 301 	 207 	 191 	 4680 	-8.5 
 19.59 	 1.95 	 121.5 	 18.56 	 27 	 16.051 	 132.4 	 301 	 206 	 191 	 4677 	-8.6 
 19.8 	 1.97 	 121.6 	 18.5 	 26 	 16.048 	 132.7 	 300 	 207 	 191 	 4680 	-8.4 
 20 	 1.99 	 121.5 	 19.12 	 28 	 16.058 	 133 	 301 	 206 	 192 	 4679 	-8.3 
 20.2 	 2.02 	 121.6 	 19.6 	 28 	 16.072 	 132.4 	 301 	 207 	 191 	 4678 	-8.5 
 20.4 	 2.04 	 121.6 	 19.95 	 29 	 16.074 	 133.5 	 301 	 207 	 191 	 4679 	-8.6 
 20.6 	 2.06 	 121.7 	 20.69 	 30 	 16.1 	 132.5 	 301 	 207 	 192 	 4680 	-8.3 
 20.81 	 2.08 	 121.5 	 21.11 	 30 	 16.11 	 132.8 	 301 	 206 	 191 	 4679 	-8.4 
 21.01 	 2.1 	 121.5 	 21.63 	 31 	 16.111 	 133.5 	 301 	 207 	 192 	 4679 	-8.8 
 21.21 	 2.12 	 121.6 	 22.43 	 32 	 16.148 	 132.4 	 301 	 206 	 192 	 4679 	-8.4 
 21.41 	 2.14 	 121.6 	 22.77 	 33 	 16.146 	 133.3 	 301 	 207 	 192 	 4678 	-8.5 
 21.61 	 2.16 	 121.6 	 23.22 	 33 	 16.166 	 132.9 	 301 	 207 	 192 	 4681 	-8.3 
 21.82 	 2.18 	 121.6 	 23.48 	 34 	 16.168 	 132.3 	 300 	 206 	 192 	 4677 	-8.1 
 22.02 	 2.2 	 121.6 	 24.17 	 35 	 16.205 	 133.3 	 300 	 206 	 192 	 4679 	-8.4 
 22.22 	 2.22 	 121.6 	 24.35 	 35 	 16.219 	 132.2 	 301 	 206 	 192 	 4678 	-8.6 
 22.42 	 2.24 	 121.7 	 24.6 	 34 	 16.223 	 132.8 	 301 	 207 	 192 	 4679 	-8.5 
 22.62 	 2.26 	 121.7 	 24.83 	 35 	 16.219 	 133.4 	 300 	 207 	 193 	 4678 	-8.6 
 22.83 	 2.28 	 121.8 	 24.89 	 36 	 16.238 	 132.4 	 301 	 207 	 192 	 4678 	-8.4 
 23.03 	 2.3 	 121.7 	 24.84 	 35 	 16.257 	 133.2 	 300 	 207 	 192 	 4677 	-8.4 
 23.23 	 2.32 	 121.7 	 24.96 	 35 	 16.249 	 132.6 	 301 	 207 	 191 	 4676 	-8.5 
 23.43 	 2.34 	 121.7 	 25 	 35 	 16.256 	 132.7 	 300 	 207 	 192 	 4680 	-8.8 
 23.63 	 2.36 	 121.7 	 24.83 	 35 	 16.277 	 132.7 	 301 	 207 	 193 	 4679 	-8.5 
 23.84 	 2.38 	 121.7 	 24.88 	 35 	 16.264 	 132.1 	 300 	 207 	 192 	 4681 	-8.3 
 24.04 	 2.4 	 121.8 	 24.82 	 35 	 16.268 	 133.1 	 301 	 207 	 192 	 4678 	-8.4 
 24.24 	 2.42 	 121.7 	 24.64 	 35 	 16.278 	 132.7 	 300 	 207 	 192 	 4679 	-8.1 
 24.44 	 2.44 	 121.7 	 24.61 	 35 	 16.265 	 132.5 	 300 	 207 	 192 	 4678 	-8.4 
 24.64 	 2.46 	 121.8 	 24.56 	 34 	 16.281 	 133.4 	 300 	 207 	 192 	 4682 	-8.4 
 24.85 	 2.48 	 121.8 	 24.42 	 35 	 16.278 	 132.1 	 301 	 207 	 191 	 4679 	-8.5 
 25.05 	 2.5 	 121.8 	 24.51 	 35 	 16.277 	 133.4 	 301 	 207 	 192 	 4679 	-8.4 
 25.25 	 2.52 	 121.7 	 24.26 	 34 	 16.282 	 133.2 	 300 	 207 	 191 	 4678 	-8.5 
 25.45 	 2.54 	 121.8 	 23.49 	 34 	 16.277 	 132.4 	 301 	 207 	 191 	 4678 	-8.1 
 25.65 	 2.56 	 121.7 	 23.06 	 31 	 16.272 	 133.2 	 300 	 207 	 192 	 4682 	-8.5 
 25.86 	 2.58 	 121.9 	 22.76 	 31 	 16.262 	 133 	 301 	 207 	 191 	 4678 	-8.4 
 26.06 	 2.6 	 121.7 	 21.95 	 30 	 16.244 	 133 	 301 	 207 	 191 	 4678 	-8.8 
 26.26 	 2.62 	 121.7 	 21.4 	 30 	 16.231 	 133.7 	 301 	 206 	 192 	 4680 	-8.8 
 26.46 	 2.64 	 121.7 	 21.02 	 29 	 16.224 	 132.3 	 301 	 206 	 192 	 4680 	-8.5 
 26.66 	 2.66 	 121.7 	 20.67 	 29 	 16.205 	 133.3 	 300 	 206 	 191 	 4680 	-8.6 
 26.87 	 2.68 	 121.7 	 19.87 	 28 	 16.201 	 133.4 	 300 	 207 	 192 	 4679 	-8.6 
 27.07 	 2.7 	 121.7 	 19.53 	 28 	 16.175 	 132.2 	 301 	 206 	 192 	 4680 	-8.1 
 27.27 	 2.72 	 121.6 	 19.33 	 27 	 16.168 	 133.5 	 300 	 207 	 191 	 4679 	-8.1 
 27.47 	 2.74 	 121.6 	 19 	 27 	 16.152 	 132.5 	 300 	 207 	 192 	 4679 	-8.3 
 27.67 	 2.76 	 121.7 	 18.77 	 26 	 16.153 	 132.6 	 301 	 206 	 192 	 4678 	-8.3 
 27.88 	 2.78 	 121.7 	 18.82 	 26 	 16.145 	 133.4 	 301 	 207 	 192 	 4679 	-8.5 
 28.08 	 2.8 	 121.7 	 18.67 	 27 	 16.133 	 132.4 	 300 	 207 	 191 	 4678 	-8.3 
 28.28 	 2.82 	 121.6 	 18.49 	 26 	 16.137 	 133.1 	 301 	 206 	 191 	 4679 	-8.6 
 28.48 	 2.84 	 121.6 	 18.55 	 26 	 16.151 	 133 	 300 	 207 	 191 	 4680 	-8 
 28.68 	 2.86 	 121.6 	 18.48 	 26 	 16.141 	 132.4 	 301 	 207 	 191 	 4678 	-8.3 
 28.89 	 2.88 	 121.5 	 18.49 	 26 	 16.144 	 133.6 	 301 	 206 	 192 	 4679 	-8.1 
 29.09 	 2.9 	 121.7 	 18.52 	 26 	 16.136 	 133 	 300 	 206 	 191 	 4679 	-8.3 
 29.29 	 2.92 	 121.6 	 18.45 	 26 	 16.138 	 132.8 	 301 	 207 	 191 	 4677 	-8.4 
 29.49 	 2.94 	 121.6 	 18.5 	 26 	 16.129 	 133.3 	 301 	 206 	 192 	 4679 	-8.5 
 29.69 	 2.96 	 121.6 	 18.61 	 27 	 16.125 	 131.8 	 301 	 206 	 192 	 4677 	-8.4 
 29.9 	 2.98 	 121.6 	 18.82 	 27 	 16.144 	 133.5 	 300 	 206 	 192 	 4681 	-8.1 
 30.1 	 3.01 	 121.7 	 19.21 	 27 	 16.118 	 133 	 300 	 207 	 191 	 4680 	-8.5 
 30.3 	 3.03 	 121.7 	 19.78 	 29 	 16.149 	 132.6 	 301 	 207 	 192 	 4679 	-8.4 
 30.5 	 3.05 	 121.7 	 20.38 	 29 	 16.153 	 133.2 	 301 	 207 	 192 	 4678 	-8.4 
 30.7 	 3.07 	 121.7 	 20.83 	 30 	 16.172 	 132.7 	 301 	 206 	 193 	 4680 	-8 
 30.91 	 3.09 	 121.7 	 21.7 	 31 	 16.187 	 133.1 	 300 	 207 	 192 	 4678 	-8.5 
 31.11 	 3.11 	 121.6 	 22.05 	 32 	 16.192 	 133.2 	 301 	 207 	 192 	 4678 	-8.8 
 31.31 	 3.13 	 121.7 	 22.26 	 33 	 16.223 	 132.3 	 300 	 207 	 192 	 4678 	-8.3 
 31.51 	 3.15 	 121.7 	 22.85 	 34 	 16.228 	 133.6 	 301 	 207 	 192 	 4676 	-8.5 
 31.71 	 3.17 	 121.6 	 23.47 	 33 	 16.259 	 132.4 	 301 	 207 	 193 	 4680 	-8.1 
 31.92 	 3.19 	 121.6 	 23.9 	 34 	 16.255 	 132.4 	 300 	 207 	 192 	 4678 	-8.3 
 32.12 	 3.21 	 121.7 	 24.18 	 35 	 16.254 	 133.2 	 301 	 207 	 192 	 4679 	-8.1 
 32.32 	 3.23 	 121.8 	 24.49 	 35 	 16.285 	 132.5 	 300 	 207 	 192 	 4679 	-8.6 
 32.52 	 3.25 	 121.8 	 24.68 	 35 	 16.3 	 133.4 	 300 	 207 	 192 	 4678 	-8.1 
 32.72 	 3.27 	 121.8 	 24.85 	 36 	 16.308 	 132.6 	 301 	 207 	 192 	 4678 	-8.3 
 32.93 	 3.29 	 121.8 	 24.81 	 35 	 16.306 	 132.6 	 300 	 207 	 192 	 4678 	-8.5 
 33.13 	 3.31 	 121.7 	 25.09 	 35 	 16.324 	 133.3 	 301 	 207 	 192 	 4679 	-8 
 33.33 	 3.33 	 121.8 	 24.95 	 35 	 16.325 	 132.2 	 300 	 207 	 192 	 4681 	-8.8 
 33.53 	 3.35 	 121.8 	 24.96 	 35 	 16.323 	 133.5 	 301 	 207 	 192 	 4680 	-8.3 
 33.73 	 3.37 	 121.7 	 24.93 	 35 	 16.33 	 133.1 	 301 	 207 	 192 	 4677 	-8.5 
 33.94 	 3.39 	 121.8 	 25 	 35 	 16.329 	 132.3 	 301 	 207 	 192 	 4677 	-8.5 
 34.14 	 3.41 	 121.9 	 24.78 	 35 	 16.341 	 133.3 	 301 	 207 	 192 	 4680 	-8.9 
 34.34 	 3.43 	 121.7 	 24.59 	 35 	 16.334 	 132.4 	 301 	 206 	 192 	 4680 	-8.5 
 34.54 	 3.45 	 121.8 	 24.53 	 35 	 16.344 	 132.7 	 301 	 206 	 192 	 4677 	-8 
 34.74 	 3.47 	 121.9 	 24.55 	 35 	 16.332 	 133 	 301 	 206 	 192 	 4679 	-8.1 
 34.95 	 3.49 	 121.7 	 24.54 	 34 	 16.351 	 132.6 	 300 	 207 	 192 	 4679 	-8.5 
 35.15 	 3.51 	 121.8 	 24.54 	 34 	 16.348 	 133.4 	 300 	 207 	 192 	 4677 	-8.3 
 35.35 	 3.53 	 121.9 	 24.2 	 33 	 16.345 	 132.2 	 301 	 207 	 192 	 4679 	-9.1 
 35.55 	 3.55 	 121.8 	 23.48 	 34 	 16.342 	 132.5 	 300 	 207 	 192 	 4679 	-8.3 
 35.75 	 3.57 	 121.8 	 22.77 	 32 	 16.321 	 133.3 	 301 	 207 	 192 	 4679 	-8.6 
 35.96 	 3.59 	 121.8 	 22.32 	 31 	 16.322 	 132.4 	 301 	 207 	 193 	 4679 	-8.5 
 36.16 	 3.61 	 121.8 	 21.86 	 31 	 16.31 	 133.1 	 300 	 207 	 192 	 4680 	-8.4 
 36.36 	 3.63 	 121.8 	 21.04 	 30 	 16.275 	 133 	 301 	 207 	 192 	 4676 	-8.1 
 36.56 	 3.65 	 121.7 	 20.52 	 28 	 16.277 	 132.5 	 301 	 207 	 192 	 4679 	-8.4 
 36.76 	 3.67 	 121.7 	 20.29 	 29 	 16.257 	 133.8 	 301 	 207 	 192 	 4679 	-8.5 
 36.97 	 3.69 	 121.7 	 19.86 	 28 	 16.239 	 132.4 	 300 	 207 	 192 	 4680 	-8.4 
 37.17 	 3.71 	 121.7 	 19.4 	 27 	 16.224 	 133.1 	 300 	 207 	 191 	 4677 	-8.3 
 37.37 	 3.73 	 121.7 	 19.24 	 26 	 16.225 	 132.4 	 300 	 207 	 191 	 4679 	-8.9 
 37.57 	 3.75 	 121.7 	 18.93 	 27 	 16.217 	 132.5 	 301 	 207 	 192 	 4679 	-8.1 
 37.77 	 3.77 	 121.7 	 18.64 	 27 	 16.213 	 133.2 	 300 	 207 	 192 	 4678 	-8.6 
 37.98 	 3.79 	 121.7 	 18.67 	 27 	 16.213 	 132.4 	 300 	 207 	 191 	 4677 	-8.3 
 38.18 	 3.81 	 121.7 	 18.6 	 26 	 16.203 	 133.1 	 301 	 207 	 192 	 4679 	-8.6 
 38.38 	 3.83 	 121.7 	 18.5 	 26 	 16.191 	 133.4 	 301 	 207 	 192 	 4678 	-8.3 
 38.58 	 3.85 	 121.6 	 18.61 	 26 	 16.194 	 132.4 	 300 	 207 	 192 	 4679 	-8.4 
 38.78 	 3.87 	 121.6 	 18.53 	 26 	 16.203 	 133.4 	 300 	 207 	 192 	 4679 	-8.5 
 38.99 	 3.89 	 121.7 	 18.56 	 26 	 16.199 	 132.7 	 301 	 206 	 191 	 4677 	-8.1 
 39.19 	 3.91 	 121.7 	 18.57 	 25 	 16.193 	 132.3 	 301 	 207 	 191 	 4679 	-8.3 
 39.39 	 3.93 	 121.8 	 18.63 	 26 	 16.197 	 133.4 	 300 	 207 	 192 	 4678 	-8.3 
 39.59 	 3.95 	 121.7 	 18.63 	 26 	 16.185 	 132.1 	 301 	 207 	 192 	 4679 	-8.3 
 39.79 	 3.97 	 121.7 	 18.51 	 27 	 16.199 	 133.1 	 300 	 207 	 192 	 4680 	-8.3 
 40 	 4 	 121.6 	 19.18 	 28 	 16.195 	 133.1 	 300 	 206 	 192 	 4679 	-8.5 
 40.2 	 4.02 	 121.8 	 19.54 	 28 	 16.2 	 132.2 	 300 	 207 	 192 	 4678 	-8.9 
 40.4 	 4.04 	 121.7 	 19.86 	 29 	 16.206 	 133.4 	 301 	 207 	 192 	 4678 	-8.8 
 40.6 	 4.06 	 121.6 	 20.66 	 29 	 16.238 	 132.5 	 301 	 206 	 192 	 4681 	-8.6 
 40.8 	 4.08 	 121.7 	 21.02 	 30 	 16.249 	 132.8 	 300 	 207 	 192 	 4681 	-8.3 
 41.01 	 4.1 	 121.7 	 21.55 	 31 	 16.266 	 133.4 	 301 	 207 	 192 	 4677 	-8.4 
 41.21 	 4.12 	 121.7 	 22.46 	 32 	 16.28 	 132.5 	 300 	 207 	 193 	 4679 	-8.8 
 41.41 	 4.14 	 121.8 	 22.74 	 33 	 16.29 	 133.1 	 300 	 207 	 192 	 4679 	-8.6 
 41.61 	 4.16 	 121.8 	 23.21 	 34 	 16.312 	 132.9 	 301 	 207 	 192 	 4677 	-8.5 
 41.81 	 4.18 	 121.8 	 23.49 	 34 	 16.324 	 132.4 	 300 	 207 	 192 	 4679 	-8.3 
 42.02 	 4.2 	 121.7 	 23.99 	 35 	 16.329 	 133.2 	 301 	 207 	 192 	 4679 	-8.3 
 42.22 	 4.22 	 121.8 	 24.42 	 35 	 16.332 	 132.2 	 301 	 207 	 193 	 4681 	-8.9 
 42.42 	 4.24 	 121.8 	 24.61 	 35 	 16.343 	 132.8 	 301 	 207 	 192 	 4679 	-8.6 
 42.62 	 4.26 	 121.8 	 24.79 	 35 	 16.364 	 133.3 	 301 	 207 	 192 	 4678 	-7.9 
 42.82 	 4.28 	 121.7 	 24.97 	 35 	 16.378 	 132.4 	 300 	 207 	 192 	 4677 	-8.1 
 43.03 	 4.3 	 121.8 	 25 	 35 	 16.377 	 133.5 	 300 	 207 	 192 	 4681 	-8.1 
 43.23 	 4.32 	 121.8 	 24.95 	 36 	 16.396 	 133 	 301 	 207 	 192 	 4680 	-8.5 
 43.43 	 4.34 	 121.9 	 24.86 	 36 	 16.406 	 132.9 	 300 	 207 	 193 	 4678 	-8.6 
 43.63 	 4.36 	 121.9 	 25.02 	 35 	 16.398 	 133.4 	 300 	 207 	 192 	 4681 	-8.8 
 43.83 	 4.38 	 121.8 	 24.88 	 35 	 16.398 	 132.2 	 300 	 207 	 192 	 4679 	-8.9 
 44.04 	 4.4 	 121.8 	 24.89 	 35 	 16.407 	 132.8 	 301 	 207 	 193 	 4679 	-8.6 
 44.24 	 4.42 	 121.7 	 24.79 	 35 	 16.382 	 133 	 301 	 208 	 192 	 4679 	-8.5 
 44.44 	 4.44 	 121.8 	 24.76 	 35 	 16.397 	 132.2 	 301 	 206 	 192 	 4679 	-8.6 
 44.64 	 4.46 	 121.8 	 24.6 	 35 	 16.407 	 133.3 	 301 	 207 	 192 	 4678 	-8.6 
 44.84 	 4.48 	 121.9 	 24.72 	 36 	 16.399 	 132.8 	 301 	 207 	 192 	 4680 	-8 
 45.05 	 4.5 	 121.9 	 24.58 	 35 	 16.398 	 132.7 	 301 	 207 	 192 	 4679 	-8.6 
 45.25 	 4.52 	 121.8 	 24.42 	 34 	 16.395 	 133.4 	 301 	 207 	 192 	 4679 	-8 
 45.45 	 4.54 	 121.8 	 23.36 	 33 	 16.409 	 132.4 	 300 	 207 	 193 	 4679 	-8.5 
 45.65 	 4.56 	 121.8 	 23.03 	 32 	 16.402 	 133.4 	 301 	 207 	 192 	 4679 	-8.4 
 45.85 	 4.58 	 121.9 	 22.77 	 32 	 16.395 	 133.2 	 300 	 207 	 192 	 4681 	-8.8 
 46.06 	 4.6 	 121.8 	 21.9 	 31 	 16.368 	 132.3 	 301 	 207 	 192 	 4676 	-7.9 
 46.26 	 4.62 	 121.8 	 21.38 	 30 	 16.358 	 133.8 	 300 	 207 	 192 	 4677 	-8 
 46.46 	 4.64 	 121.8 	 20.95 	 29 	 16.348 	 133 	 300 	 207 	 192 	 4682 	-8.5 
 46.66 	 4.66 	 121.8 	 20.61 	 28 	 16.337 	 132.5 	 301 	 207 	 192 	 4679 	-8 
 46.86 	 4.68 	 121.8 	 19.77 	 27 	 16.321 	 133 	 300 	 206 	 191 	 4676 	-7.9 
 47.07 	 4.7 	 121.8 	 19.65 	 28 	 16.302 	 132.3 	 301 	 206 	 192 	 4678 	-8.3 
 47.27 	 4.72 	 121.7 	 19.45 	 27 	 16.296 	 133.2 	 300 	 207 	 192 	 4677 	-8.6 
 47.47 	 4.74 	 121.7 	 18.93 	 27 	 16.285 	 133.2 	 300 	 207 	 192 	 4678 	-8.3 
 47.67 	 4.76 	 121.7 	 18.84 	 26 	 16.279 	 132.3 	 301 	 206 	 192 	 4679 	-8.1 
 47.87 	 4.78 	 121.7 	 18.77 	 26 	 16.267 	 133.5 	 301 	 206 	 192 	 4679 	-8.3 
 48.08 	 4.8 	 121.7 	 18.51 	 26 	 16.263 	 132.5 	 300 	 207 	 192 	 4678 	-8.4 
 48.28 	 4.82 	 121.7 	 18.64 	 26 	 16.26 	 133 	 300 	 208 	 191 	 4677 	-8.4 
 48.48 	 4.84 	 121.8 	 18.57 	 26 	 16.262 	 133.5 	 301 	 207 	 192 	 4677 	-8.5 
 48.68 	 4.86 	 121.8 	 18.56 	 26 	 16.261 	 132.6 	 301 	 207 	 192 	 4681 	-8.4 
 48.88 	 4.88 	 121.7 	 18.43 	 26 	 16.25 	 133.1 	 301 	 206 	 192 	 4678 	-8.5 
 49.09 	 4.9 	 121.8 	 18.56 	 26 	 16.254 	 133.2 	 301 	 207 	 191 	 4677 	-8.1 
 49.29 	 4.92 	 121.8 	 18.46 	 26 	 16.265 	 132.2 	 300 	 207 	 192 	 4678 	-8.6 
 49.49 	 4.94 	 121.7 	 18.68 	 27 	 16.25 	 133.6 	 301 	 207 	 192 	 4678 	-8.5 
 49.69 	 4.96 	 121.7 	 18.51 	 26 	 16.27 	 132.9 	 300 	 207 	 192 	 4680 	-8.8 
 49.89 	 4.99 	 121.8 	 18.62 	 27 	 16.262 	 133.1 	 301 	 207 	 192 	 4679 	-8.1 
 50.1 	 5.01 	 121.8 	 19.17 	 28 	 16.263 	 133.2 	 301 	 207 	 192 	 4679 	-8.6 
 50.3 	 5.03 	 121.8 	 19.98 	 29 	 16.269 	 132.5 	 301 	 207 	 192 	 4679 	-8.5 
 50.5 	 5.05 	 121.8 	 20.34 	 29 	 16.283 	 133.1 	 300 	 207 	 192 	 4676 	-7.9 
 50.7 	 5.07 	 121.8 	 20.87 	 30 	 16.282 	 132.6 	 301 	 207 	 192 	 4679 	-8.8 
 50.9 	 5.09 	 121.8 	 21.6 	 31 	 16.319 	 132.5 	 300 	 208 	 193 	 4680 	-8.6 
 51.11 	 5.11 	 121.9 	 22.06 	 32 	 16.325 	 133.4 	 300 	 207 	 192 	 4679 	-8 
 51.31 	 5.13 	 121.9 	 22.42 	 32 	 16.345 	 132.7 	 301 	 207 	 192 	 4678 	-8.4 
 51.51 	 5.15 	 121.8 	 22.82 	 33 	 16.353 	 132.8 	 301 	 207 	 192 	 4678 	-8.1 
 51.71 	 5.17 	 121.9 	 23.64 	 34 	 16.351 	 133.3 	 301 	 207 	 192 	 4679 	-8.3 
 51.91 	 5.19 	 121.8 	 23.84 	 33 	 16.392 	 132.3 	 301 	 207 	 192 	 4679 	-8.3 
 52.12 	 5.21 	 121.9 	 24.13 	 34 	 16.395 	 133 	 301 	 207 	 193 	 4679 	-8.5 
 52.32 	 5.23 	 121.8 	 24.49 	 35 	 16.41 	 133.3 	 301 	 207 	 192 	 4677 	-8 
 52.52 	 5.25 	 121.9 	 24.61 	 36 	 16.433 	 132.6 	 301 	 206 	 193 	 4678 	-8.4 
 52.72 	 5.27 	 121.9 	 24.89 	 35 	 16.424 	 133.6 	 301 	 207 	 192 	 4681 	-8.9 
 52.92 	 5.29 	 121.9 	 24.94 	 35 	 16.453 	 133.1 	 301 	 207 	 192 	 4678 	-8.4 
 53.13 	 5.31 	 121.9 	 24.89 	 36 	 16.444 	 132.6 	 301 	 207 	 193 	 4682 	-8.4 
 53.33 	 5.33 	 121.9 	 25.2 	 35 	 16.449 	 133.4 	 300 	 208 	 192 	 4678 	-8.8 
 53.53 	 5.35 	 121.9 	 24.89 	 35 	 16.447 	 132.2 	 300 	 208 	 193 	 4681 	-8.6 
 53.73 	 5.37 	 121.8 	 24.9 	 36 	 16.455 	 133.2 	 300 	 207 	 193 	 4678 	-8.4 
 53.93 	 5.39 	 121.9 	 24.94 	 35 	 16.456 	 133.3 	 301 	 207 	 192 	 4680 	-8.6 
 54.14 	 5.41 	 121.9 	 24.96 	 35 	 16.454 	 132.3 	 300 	 207 	 193 	 4678 	-8.1 
 54.34 	 5.43 	 122 	 24.83 	 35 	 16.454 	 133.3 	 300 	 208 	 192 	 4680 	-8.5 
 54.54 	 5.45 	 121.9 	 24.7 	 36 	 16.467 	 133 	 301 	 207 	 192 	 4676 	-8.4 
 54.74 	 5.47 	 121.8 	 24.56 	 35 	 16.466 	 132.3 	 300 	 208 	 192 	 4681 	-8.5 
 54.94 	 5.49 	 121.9 	 24.67 	 35 	 16.46 	 133.6 	 301 	 207 	 192 	 4678 	-8.1 
 55.15 	 5.51 	 121.9 	 24.32 	 34 	 16.461 	 132.5 	 301 	 207 	 193 	 4677 	-8.6 
 55.35 	 5.53 	 121.9 	 23.89 	 33 	 16.463 	 133.3 	 301 	 207 	 192 	 4681 	-8.3 
 55.55 	 5.55 	 121.9 	 23.38 	 33 	 16.451 	 133.2 	 301 	 207 	 192 	 4678 	-8.5 
 55.75 	 5.57 	 122 	 22.82 	 32 	 16.443 	 132.2 	 301 	 207 	 192 	 4679 	-8.6 
 55.95 	 5.59 	 121.9 	 22.29 	 31 	 16.43 	 133.2 	 300 	 207 	 192 	 4680 	-8.3 
 56.16 	 5.61 	 121.8 	 21.65 	 30 	 16.418 	 132.8 	 301 	 207 	 192 	 4678 	-8.3 
 56.36 	 5.63 	 121.9 	 20.99 	 29 	 16.392 	 132.5 	 300 	 207 	 192 	 4678 	-8.5 
 56.56 	 5.65 	 121.9 	 20.46 	 29 	 16.377 	 133.5 	 301 	 207 	 192 	 4677 	-8.5 
 56.76 	 5.67 	 121.8 	 20.19 	 28 	 16.365 	 132.5 	 301 	 207 	 193 	 4677 	-8.1 
 56.96 	 5.69 	 121.8 	 19.82 	 28 	 16.371 	 132.9 	 300 	 207 	 192 	 4677 	-7.9 
 57.17 	 5.71 	 121.8 	 19.25 	 27 	 16.339 	 133.3 	 301 	 207 	 192 	 4681 	-8.6 
 57.37 	 5.73 	 121.8 	 19.19 	 27 	 16.328 	 132.3 	 301 	 207 	 192 	 4679 	-8.4 
 57.57 	 5.75 	 121.9 	 19.04 	 27 	 16.335 	 133.5 	 300 	 207 	 192 	 4679 	-8.6 
 57.77 	 5.77 	 121.7 	 18.6 	 26 	 16.335 	 132.8 	 300 	 207 	 192 	 4678 	-8.4 
 57.97 	 5.79 	 121.8 	 18.7 	 26 	 16.323 	 132.5 	 301 	 207 	 192 	 4680 	-8.4 
 58.18 	 5.81 	 121.8 	 18.5 	 27 	 16.335 	 133.8 	 301 	 208 	 191 	 4677 	-8 
 58.38 	 5.83 	 121.8 	 18.45 	 26 	 16.317 	 132.4 	 300 	 207 	 192 	 4680 	-8.3 
 58.58 	 5.85 	 121.8 	 18.4 	 26 	 16.321 	 133.3 	 301 	 206 	 193 	 4679 	-8.3 
 58.78 	 5.87 	 121.8 	 18.41 	 26 	 16.315 	 133.2 	 300 	 206 	 192 	 4680 	-8.6 
 58.98 	 5.89 	 121.9 	 18.44 	 27 	 16.315 	 132.3 	 300 	 207 	 192 	 4678 	-8.3 
 59.19 	 5.91 	 121.8 	 18.44 	 26 	 16.306 	 133.5 	 301 	 207 	 192 	 4677 	-8.3 
 59.39 	 5.93 	 121.8 	 18.55 	 26 	 16.303 	 132.6 	 300 	 208 	 192 	 4679 	-8.4 
 59.59 	 5.95 	 121.8 	 18.62 	 26 	 16.317 	 132.6 	 301 	 207 	 192 	 4681 	-8.6 
 59.79 	 5.98 	 121.6 	 18.83 	 27 	 16.303 	 133.6 	 301 	 207 	 192 	 4676 	-8.1 
 59.99 	 6 	 121.8 	 19.29 	 28 	 16.3 	 132 	 301 	 207 	 192 	 4680 	-8 
 60.2 	 6.02 	 121.8 	 19.61 	 28 	 16.305 	 132.8 	 301 	 207 	 192 	 4677 	-8.8 
 60.4 	 6.04 	 121.7 	 19.77 	 29 	 16.323 	 133.2 	 301 	 207 	 193 	 4679 	-8.5 
 60.6 	 6.06 	 121.8 	 20.81 	 30 	 16.333 	 132.4 	 300 	 207 	 192 	 4678 	-7.9 
 60.8 	 6.08 	 121.7 	 21.17 	 31 	 16.357 	 133.2 	 300 	 208 	 192 	 4680 	-8.5 
 61 	 6.1 	 121.8 	 21.63 	 32 	 16.368 	 133 	 301 	 208 	 191 	 4676 	-8.4 
 61.21 	 6.12 	 121.8 	 22.46 	 32 	 16.386 	 132.4 	 301 	 207 	 192 	 4681 	-8.8 
 61.41 	 6.14 	 121.8 	 22.88 	 33 	 16.399 	 133.2 	 301 	 207 	 192 	 4678 	-8.5 
 61.61 	 6.16 	 121.9 	 23.13 	 33 	 16.417 	 132.6 	 301 	 208 	 193 	 4680 	-8.4 
 61.81 	 6.18 	 121.9 	 23.51 	 34 	 16.447 	 132.7 	 301 	 207 	 193 	 4679 	-8.3 
 62.01 	 6.2 	 121.9 	 24.11 	 34 	 16.452 	 133.6 	 301 	 208 	 192 	 4680 	-8.4 
 62.22 	 6.22 	 122 	 24.3 	 35 	 16.448 	 132.4 	 300 	 208 	 192 	 4678 	-7.8 
 62.42 	 6.24 	 121.9 	 24.58 	 35 	 16.457 	 133 	 301 	 207 	 192 	 4681 	-8.4 
 62.62 	 6.26 	 121.9 	 24.93 	 35 	 16.47 	 133.1 	 301 	 207 	 193 	 4681 	-8.6 
 62.82 	 6.28 	 121.9 	 25.02 	 35 	 16.482 	 132.5 	 301 	 207 	 193 	 4680 	-8.5 
 63.02 	 6.3 	 122 	 25.06 	 36 	 16.494 	 133.1 	 301 	 207 	 192 	 4680 	-8.6 
 63.23 	 6.32 	 122 	 25.14 	 36 	 16.492 	 132.9 	 300 	 207 	 193 	 4680 	-8.8 
 63.43 	 6.34 	 122 	 25.03 	 36 	 16.507 	 132.7 	 301 	 207 	 193 	 4680 	-8.5 
 63.63 	 6.36 	 121.9 	 25.03 	 35 	 16.503 	 133.3 	 300 	 208 	 192 	 4678 	-8.3 
 63.83 	 6.38 	 121.9 	 24.94 	 35 	 16.516 	 132.4 	 300 	 207 	 192 	 4678 	-7.9 
 64.03 	 6.4 	 122 	 24.96 	 35 	 16.509 	 133.3 	 301 	 207 	 193 	 4681 	-8.3 
 64.24 	 6.42 	 122 	 24.82 	 35 	 16.524 	 133.1 	 301 	 207 	 193 	 4681 	-8.6 
 64.44 	 6.44 	 122 	 24.91 	 35 	 16.512 	 132.2 	 301 	 208 	 192 	 4677 	-8.8 
 64.64 	 6.46 	 122 	 24.75 	 35 	 16.501 	 133.2 	 301 	 207 	 192 	 4678 	-8.3 
 64.84 	 6.48 	 122 	 24.57 	 35 	 16.523 	 132.3 	 301 	 207 	 192 	 4679 	-8.5 
 65.04 	 6.5 	 122 	 24.63 	 35 	 16.503 	 132.5 	 300 	 208 	 191 	 4677 	-8.3 
 65.25 	 6.52 	 122 	 24.33 	 33 	 16.515 	 134 	 300 	 208 	 193 	 4677 	-8.1 
 65.45 	 6.54 	 121.9 	 23.63 	 33 	 16.498 	 132.3 	 301 	 207 	 193 	 4679 	-8.1 
 65.65 	 6.56 	 122.1 	 23.14 	 32 	 16.494 	 133.1 	 301 	 207 	 192 	 4678 	-8.6 
 65.85 	 6.58 	 121.9 	 22.68 	 30 	 16.488 	 132.7 	 300 	 208 	 192 	 4678 	-8.8 
 66.05 	 6.6 	 121.9 	 21.7 	 31 	 16.478 	 132.2 	 301 	 208 	 192 	 4680 	-8.4 
 66.26 	 6.62 	 122 	 21.23 	 29 	 16.45 	 133.4 	 300 	 207 	 192 	 4679 	-8.1 
 66.46 	 6.64 	 121.9 	 21.04 	 29 	 16.451 	 132.8 	 300 	 208 	 192 	 4682 	-8.5 
 66.66 	 6.66 	 122 	 20.5 	 29 	 16.447 	 132.7 	 300 	 207 	 193 	 4679 	-8.6 
 66.86 	 6.68 	 121.8 	 19.88 	 28 	 16.408 	 133.5 	 301 	 207 	 192 	 4677 	-8.3 
 67.06 	 6.7 	 121.9 	 19.76 	 28 	 16.402 	 132.5 	 300 	 207 	 193 	 4677 	-8.3 
 67.27 	 6.72 	 121.9 	 19.32 	 26 	 16.391 	 133.1 	 301 	 207 	 193 	 4680 	-8.4 
 67.47 	 6.74 	 121.9 	 18.95 	 27 	 16.387 	 133.3 	 301 	 207 	 192 	 4679 	-8.5 
 67.67 	 6.76 	 121.8 	 18.72 	 26 	 16.384 	 132.2 	 300 	 207 	 193 	 4680 	-8.6 
 67.87 	 6.78 	 121.9 	 18.57 	 27 	 16.374 	 133.2 	 301 	 208 	 192 	 4677 	-8 
 68.07 	 6.8 	 121.8 	 18.56 	 27 	 16.366 	 133 	 301 	 208 	 192 	 4678 	-8.6 
 68.28 	 6.82 	 121.8 	 18.52 	 26 	 16.358 	 132.4 	 301 	 208 	 192 	 4680 	-8.8 
 68.48 	 6.84 	 121.9 	 18.59 	 26 	 16.354 	 133.4 	 301 	 207 	 192 	 4679 	-8.3 
 68.68 	 6.86 	 121.9 	 18.45 	 26 	 16.366 	 132.5 	 301 	 207 	 192 	 4677 	-8.4 
 68.88 	 6.88 	 121.9 	 18.5 	 27 	 16.363 	 133 	 300 	 208 	 192 	 4678 	-8.4 
 69.08 	 6.9 	 122 	 18.57 	 26 	 16.356 	 133.2 	 301 	 206 	 192 	 4679 	-8.6 
 69.29 	 6.92 	 121.8 	 18.5 	 26 	 16.354 	 132.4 	 300 	 208 	 192 	 4680 	-9 
 69.49 	 6.94 	 121.8 	 18.6 	 26 	 16.366 	 133.5 	 300 	 207 	 192 	 4678 	-8.3 
 69.69 	 6.96 	 122 	 18.59 	 26 	 16.353 	 132.9 	 300 	 207 	 192 	 4678 	-8.1 
 69.89 	 6.99 	 121.9 	 18.8 	 27 	 16.364 	 132.5 	 301 	 207 	 193 	 4678 	-7.8 
 70.09 	 7.01 	 121.8 	 19.12 	 27 	 16.365 	 133.5 	 300 	 208 	 192 	 4677 	-8.8 
 70.3 	 7.03 	 121.9 	 19.79 	 28 	 16.373 	 132.5 	 301 	 207 	 193 	 4678 	-8.4 
 70.5 	 7.05 	 121.8 	 20.31 	 29 	 16.385 	 133 	 300 	 208 	 193 	 4679 	-8.6 
 70.7 	 7.07 	 121.9 	 20.64 	 31 	 16.4 	 133.6 	 300 	 208 	 192 	 4675 	-8.1 
 70.9 	 7.09 	 121.8 	 21.7 	 31 	 16.405 	 132.6 	 301 	 207 	 193 	 4680 	-8.5 
 71.1 	 7.11 	 122 	 22.02 	 32 	 16.441 	 133.3 	 301 	 208 	 193 	 4682 	-8.5 
 71.31 	 7.13 	 121.9 	 22.42 	 31 	 16.443 	 133.2 	 301 	 207 	 193 	 4679 	-8.4 
 71.51 	 7.15 	 121.9 	 23.02 	 33 	 16.464 	 132.4 	 300 	 208 	 193 	 4681 	-8.8 
 71.71 	 7.17 	 121.8 	 23.5 	 34 	 16.502 	 133.3 	 301 	 207 	 193 	 4677 	-8.4 
 71.91 	 7.19 	 121.9 	 23.88 	 33 	 16.495 	 133 	 301 	 207 	 193 	 4677 	-8.5 
 72.11 	 7.21 	 122 	 24.18 	 34 	 16.504 	 132.9 	 301 	 208 	 193 	 4677 	-8.3 
 72.32 	 7.23 	 121.9 	 24.5 	 35 	 16.512 	 133.3 	 301 	 208 	 192 	 4677 	-8.4 
 72.52 	 7.25 	 122 	 24.74 	 35 	 16.519 	 132.1 	 300 	 208 	 193 	 4677 	-8.4 
 72.72 	 7.27 	 121.9 	 24.94 	 34 	 16.523 	 133.2 	 301 	 208 	 192 	 4678 	-8.5 
 72.92 	 7.29 	 121.9 	 24.94 	 35 	 16.55 	 133.2 	 300 	 208 	 192 	 4678 	-8.8 
 73.12 	 7.31 	 122.1 	 25.03 	 35 	 16.554 	 132.2 	 301 	 207 	 193 	 4678 	-8.9 
 73.33 	 7.33 	 122 	 25.07 	 35 	 16.546 	 133.4 	 301 	 208 	 193 	 4678 	-8.8 
 73.53 	 7.35 	 121.9 	 25.03 	 36 	 16.55 	 132.6 	 300 	 208 	 192 	 4679 	-8.3 
 73.73 	 7.37 	 122.1 	 25.08 	 35 	 16.554 	 132.5 	 301 	 207 	 193 	 4680 	-8.4 
 73.93 	 7.39 	 122 	 25.05 	 35 	 16.556 	 133.8 	 300 	 208 	 193 	 4680 	-8.4 
 74.13 	 7.41 	 122 	 24.88 	 35 	 16.544 	 132.2 	 301 	 207 	 193 	 4678 	-8.8 
 74.34 	 7.43 	 122.1 	 24.79 	 35 	 16.547 	 133.4 	 300 	 208 	 193 	 4678 	-8.3 
 74.54 	 7.45 	 122 	 24.77 	 35 	 16.56 	 133.6 	 301 	 207 	 192 	 4677 	-8.4 
 74.74 	 7.47 	 122 	 24.76 	 35 	 16.547 	 132.7 	 300 	 208 	 193 	 4680 	-8.6 
 74.94 	 7.49 	 122 	 24.61 	 35 	 16.561 	 133.4 	 300 	 208 	 193 	 4677 	-8.5 
 75.14 	 7.51 	 121.9 	 24.27 	 33 	 16.563 	 133.1 	 300 	 208 	 193 	 4678 	-8.3 
 75.35 	 7.53 	 122.1 	 23.76 	 33 	 16.56 	 132.8 	 300 	 207 	 193 	 4679 	-8.9 
 75.55 	 7.55 	 122 	 23.5 	 31 	 16.549 	 133.7 	 301 	 208 	 193 	 4678 	-8.3 
 75.75 	 7.57 	 122 	 22.7 	 32 	 16.533 	 132.5 	 300 	 208 	 192 	 4678 	-8.5 
 75.95 	 7.59 	 121.9 	 22.22 	 31 	 16.535 	 132.7 	 300 	 207 	 193 	 4678 	-8 
 76.15 	 7.61 	 122 	 21.73 	 30 	 16.515 	 133.3 	 301 	 207 	 192 	 4679 	-8.4 
 76.36 	 7.63 	 121.9 	 20.93 	 29 	 16.489 	 132.5 	 301 	 207 	 193 	 4678 	-8.4 
 76.56 	 7.65 	 122 	 20.73 	 29 	 16.481 	 133.3 	 300 	 208 	 193 	 4679 	-8.4 
 76.76 	 7.67 	 122 	 20.19 	 28 	 16.469 	 133 	 301 	 207 	 193 	 4679 	-8.6 
 76.96 	 7.69 	 121.9 	 19.87 	 28 	 16.463 	 132.8 	 301 	 207 	 192 	 4680 	-8.5 
 77.16 	 7.71 	 122 	 19.35 	 27 	 16.446 	 133.3 	 300 	 208 	 192 	 4678 	-8 
 77.37 	 7.73 	 121.9 	 19.11 	 27 	 16.431 	 132.8 	 301 	 207 	 192 	 4679 	-8.3 
 77.57 	 7.75 	 121.8 	 18.95 	 27 	 16.426 	 132.8 	 301 	 207 	 192 	 4679 	-8.3 
 77.77 	 7.77 	 122 	 18.74 	 26 	 16.418 	 133.2 	 301 	 207 	 193 	 4680 	-8.5 
 77.97 	 7.79 	 121.9 	 18.77 	 26 	 16.412 	 132.1 	 301 	 207 	 192 	 4680 	-8.4 
 78.17 	 7.81 	 121.9 	 18.67 	 27 	 16.419 	 133.6 	 301 	 207 	 193 	 4679 	-8.4 
 78.38 	 7.83 	 121.9 	 18.54 	 26 	 16.41 	 132.8 	 300 	 208 	 192 	 4680 	-8.1 
 78.58 	 7.85 	 121.8 	 18.42 	 26 	 16.393 	 132.4 	 300 	 207 	 192 	 4676 	-7.8 
 78.78 	 7.87 	 121.9 	 18.6 	 26 	 16.408 	 133.4 	 301 	 207 	 193 	 4679 	-8.5 
 78.98 	 7.89 	 122 	 18.46 	 26 	 16.409 	 132.8 	 301 	 207 	 193 	 4678 	-8.4 
 79.18 	 7.91 	 121.8 	 18.6 	 26 	 16.41 	 133 	 301 	 208 	 192 	 4680 	-8.4 
 79.39 	 7.93 	 121.8 	 18.52 	 27 	 16.403 	 133.5 	 300 	 207 	 192 	 4678 	-8.5 
 79.59 	 7.95 	 121.9 	 18.35 	 26 	 16.399 	 132.5 	 300 	 207 	 192 	 4680 	-8.6 
 79.79 	 7.98 	 121.9 	 18.85 	 27 	 16.398 	 133.1 	 301 	 207 	 192 	 4677 	-8.6 
 79.99 	 8 	 121.8 	 19.19 	 28 	 16.394 	 133.1 	 301 	 208 	 193 	 4680 	-8.6 
 80.19 	 8.02 	 121.9 	 19.58 	 28 	 16.409 	 132.5 	 301 	 207 	 192 	 4678 	-8.5 
 80.4 	 8.04 	 121.9 	 19.8 	 30 	 16.427 	 133.4 	 300 	 208 	 192 	 4680 	-8.1 
 80.6 	 8.06 	 121.9 	 20.75 	 30 	 16.443 	 132.8 	 301 	 208 	 192 	 4678 	-8 
 80.8 	 8.08 	 121.9 	 21.22 	 31 	 16.452 	 132.8 	 301 	 208 	 193 	 4678 	-8.1 
 81 	 8.1 	 121.9 	 21.66 	 31 	 16.465 	 133.5 	 301 	 208 	 192 	 4679 	-8.6 
 81.2 	 8.12 	 121.9 	 22.3 	 32 	 16.495 	 132.5 	 300 	 208 	 192 	 4678 	-8.8 
 81.41 	 8.14 	 121.9 	 22.63 	 33 	 16.507 	 132.9 	 301 	 208 	 193 	 4677 	-8 
 81.61 	 8.16 	 121.9 	 23.14 	 33 	 16.522 	 133.4 	 300 	 208 	 193 	 4680 	-8.3 
 81.81 	 8.18 	 122 	 23.66 	 34 	 16.525 	 132.4 	 301 	 208 	 193 	 4679 	-8.8 
 82.01 	 8.2 	 122 	 24.2 	 35 	 16.536 	 133.2 	 301 	 208 	 193 	 4679 	-8.5 
 82.21 	 8.22 	 122 	 24.42 	 35 	 16.547 	 132.8 	 301 	 208 	 193 	 4677 	-8.3 
 82.42 	 8.24 	 121.9 	 24.67 	 35 	 16.542 	 132.5 	 301 	 208 	 193 	 4676 	-8.3 
 82.62 	 8.26 	 121.9 	 24.87 	 36 	 16.565 	 133.1 	 300 	 208 	 193 	 4681 	-8.5 
 82.82 	 8.28 	 122.1 	 25.05 	 35 	 16.573 	 132.3 	 300 	 208 	 193 	 4680 	-9 
 83.02 	 8.3 	 122 	 24.97 	 35 	 16.565 	 133.2 	 300 	 208 	 193 	 4679 	-8.3 
 83.22 	 8.32 	 122 	 25.15 	 36 	 16.596 	 133.2 	 301 	 208 	 193 	 4677 	-8.5 
 83.43 	 8.34 	 122.1 	 25.09 	 36 	 16.6 	 132.4 	 301 	 208 	 192 	 4678 	-8.6 
 83.63 	 8.36 	 122 	 25.12 	 35 	 16.59 	 133.2 	 301 	 208 	 192 	 4681 	-8.4 
 83.83 	 8.38 	 122 	 25.05 	 36 	 16.604 	 132.7 	 301 	 208 	 193 	 4676 	-8.5 
 84.03 	 8.4 	 122.1 	 25.05 	 36 	 16.604 	 132.6 	 300 	 208 	 193 	 4679 	-8.3 
 84.23 	 8.42 	 122 	 24.98 	 35 	 16.593 	 133.2 	 301 	 208 	 193 	 4679 	-8.3 
 84.44 	 8.44 	 122 	 24.78 	 35 	 16.595 	 132 	 300 	 208 	 193 	 4677 	-8.4 
 84.64 	 8.46 	 122.1 	 24.88 	 36 	 16.593 	 133 	 301 	 208 	 193 	 4680 	-8.4 
 84.84 	 8.48 	 122.1 	 24.75 	 35 	 16.615 	 133.5 	 300 	 208 	 193 	 4680 	-8.1 
 85.04 	 8.5 	 122 	 24.62 	 34 	 16.607 	 132.2 	 300 	 208 	 193 	 4680 	-8.6 
 85.24 	 8.52 	 122 	 24.32 	 33 	 16.595 	 133.2 	 301 	 208 	 193 	 4679 	-8 
 85.45 	 8.54 	 122 	 23.56 	 33 	 16.588 	 133 	 301 	 207 	 193 	 4680 	-8.3 
 85.65 	 8.56 	 122 	 23.16 	 32 	 16.596 	 132.7 	 301 	 208 	 193 	 4680 	-9 
 85.85 	 8.58 	 122 	 22.57 	 31 	 16.598 	 133.5 	 302 	 207 	 193 	 4680 	-8.4 
 86.05 	 8.6 	 122 	 21.77 	 30 	 16.55 	 132.3 	 300 	 208 	 192 	 4679 	-8.4 
 86.25 	 8.62 	 122.1 	 21.34 	 30 	 16.55 	 132.9 	 301 	 208 	 193 	 4680 	-8.5 
 86.46 	 8.64 	 122 	 20.89 	 29 	 16.538 	 133.3 	 301 	 208 	 192 	 4678 	-8.6 
 86.66 	 8.66 	 121.9 	 20.37 	 28 	 16.534 	 132.4 	 300 	 208 	 193 	 4679 	-8.3 
 86.86 	 8.68 	 122 	 19.92 	 29 	 16.5 	 133.4 	 300 	 208 	 193 	 4679 	-8.6 
 87.06 	 8.7 	 121.9 	 19.61 	 27 	 16.488 	 132.8 	 300 	 207 	 193 	 4676 	-8 
 87.26 	 8.72 	 121.9 	 19.47 	 26 	 16.492 	 132.4 	 300 	 208 	 192 	 4681 	-9 
 87.47 	 8.74 	 121.9 	 19.01 	 27 	 16.48 	 133.6 	 300 	 207 	 193 	 4679 	-8.1 
 87.67 	 8.76 	 122 	 18.91 	 26 	 16.459 	 132.6 	 301 	 208 	 192 	 4680 	-8.9 
 87.87 	 8.78 	 121.9 	 18.7 	 26 	 16.465 	 132.5 	 301 	 207 	 193 	 4677 	-8 
 88.07 	 8.8 	 121.9 	 18.55 	 26 	 16.454 	 133.5 	 300 	 208 	 192 	 4679 	-8.5 
 88.27 	 8.82 	 121.8 	 18.37 	 25 	 16.457 	 132.3 	 301 	 207 	 192 	 4676 	-8.4 
 88.48 	 8.84 	 122 	 18.5 	 26 	 16.445 	 133.1 	 300 	 207 	 193 	 4679 	-8.5 
 88.68 	 8.86 	 121.9 	 18.58 	 26 	 16.443 	 133 	 301 	 207 	 192 	 4681 	-8.6 
 88.88 	 8.88 	 122 	 18.41 	 27 	 16.463 	 132.3 	 300 	 208 	 193 	 4678 	-8.3 
 89.08 	 8.9 	 121.8 	 18.46 	 26 	 16.457 	 133.9 	 301 	 208 	 193 	 4679 	-8.4 
 89.28 	 8.92 	 122 	 18.58 	 26 	 16.445 	 132.6 	 301 	 207 	 193 	 4678 	-8.3 
 89.49 	 8.94 	 121.8 	 18.52 	 26 	 16.446 	 133.1 	 301 	 207 	 193 	 4679 	-8.4 
 89.69 	 8.97 	 122 	 18.65 	 27 	 16.446 	 133.4 	 301 	 208 	 192 	 4681 	-8.9 
 89.89 	 8.99 	 121.9 	 18.7 	 27 	 16.448 	 132.5 	 300 	 208 	 192 	 4679 	-8.6 
 90.09 	 9.01 	 121.9 	 19.08 	 28 	 16.442 	 133.2 	 301 	 207 	 193 	 4678 	-8.6 
 90.29 	 9.03 	 122 	 19.99 	 29 	 16.466 	 132.7 	 300 	 207 	 193 	 4678 	-8.5 
 90.5 	 9.05 	 122.1 	 20.36 	 30 	 16.47 	 132.3 	 300 	 208 	 192 	 4678 	-8.4 
 90.7 	 9.07 	 121.9 	 20.56 	 30 	 16.487 	 133.6 	 301 	 208 	 193 	 4676 	-8.3 
 90.9 	 9.09 	 122 	 21.63 	 31 	 16.511 	 132.6 	 300 	 208 	 192 	 4678 	-8.5 
 91.1 	 9.11 	 122 	 21.87 	 31 	 16.524 	 133.1 	 301 	 208 	 193 	 4679 	-8.5 
 91.3 	 9.13 	 121.9 	 22.29 	 32 	 16.543 	 133.4 	 301 	 207 	 193 	 4678 	-8 
 91.51 	 9.15 	 122 	 23.19 	 33 	 16.552 	 132.5 	 301 	 207 	 193 	 4679 	-8.5 
 91.71 	 9.17 	 122 	 23.66 	 33 	 16.579 	 133.1 	 301 	 208 	 193 	 4678 	-8.5 
 91.91 	 9.19 	 122 	 23.89 	 35 	 16.573 	 132.8 	 300 	 208 	 193 	 4682 	-8.6 
 92.11 	 9.21 	 122 	 24.08 	 34 	 16.585 	 132.6 	 300 	 208 	 193 	 4678 	-8.5 
 92.31 	 9.23 	 122 	 24.43 	 34 	 16.592 	 133.1 	 301 	 207 	 193 	 4678 	-8.5 
 92.52 	 9.25 	 122 	 24.74 	 36 	 16.6 	 132.6 	 300 	 208 	 193 	 4681 	-8.6 
 92.72 	 9.27 	 122.1 	 24.98 	 35 	 16.621 	 132.9 	 301 	 208 	 193 	 4678 	-8.1 
 92.92 	 9.29 	 121.9 	 25.08 	 36 	 16.618 	 133.3 	 301 	 208 	 193 	 4678 	-8.5 
 93.12 	 9.31 	 122 	 25.12 	 35 	 16.634 	 132.2 	 301 	 208 	 193 	 4678 	-8.3 
 93.32 	 9.33 	 122.1 	 25 	 36 	 16.636 	 133.5 	 301 	 208 	 192 	 4677 	-7.9 
 93.53 	 9.35 	 122 	 25.1 	 35 	 16.629 	 132.7 	 300 	 207 	 193 	 4677 	-8.4 
 93.73 	 9.37 	 122.1 	 25.08 	 35 	 16.622 	 132.5 	 301 	 208 	 192 	 4677 	-8.3 
 93.93 	 9.39 	 122.1 	 25.08 	 36 	 16.652 	 133.9 	 301 	 208 	 193 	 4680 	-8.5 
 94.13 	 9.41 	 121.9 	 24.87 	 35 	 16.649 	 132.7 	 301 	 208 	 193 	 4681 	-8.8 
 94.33 	 9.43 	 122.1 	 24.91 	 35 	 16.64 	 133.2 	 300 	 208 	 193 	 4677 	-8 
 94.54 	 9.45 	 122.1 	 24.88 	 35 	 16.647 	 133 	 300 	 208 	 193 	 4676 	-7.9 
 94.74 	 9.47 	 122.1 	 24.76 	 35 	 16.651 	 132.3 	 300 	 208 	 193 	 4680 	-8.4 
 94.94 	 9.49 	 121.9 	 24.6 	 35 	 16.638 	 133.4 	 301 	 207 	 192 	 4679 	-8.8 
 95.14 	 9.51 	 122 	 24.26 	 34 	 16.64 	 132.4 	 301 	 209 	 192 	 4676 	-8.4 
 95.34 	 9.53 	 122.1 	 23.83 	 33 	 16.644 	 132.5 	 300 	 208 	 193 	 4679 	-8.3 
 95.55 	 9.55 	 122 	 23.35 	 32 	 16.642 	 133.3 	 301 	 207 	 193 	 4677 	-7.6 
 95.75 	 9.57 	 122 	 22.62 	 32 	 16.619 	 132.2 	 300 	 208 	 193 	 4679 	-7.9 
 95.95 	 9.59 	 122.1 	 22.04 	 31 	 16.6 	 133.3 	 301 	 207 	 193 	 4678 	-7.9 
 96.15 	 9.61 	 122.1 	 21.7 	 30 	 16.591 	 132.8 	 300 	 208 	 192 	 4676 	-8.6 
 96.35 	 9.63 	 122 	 20.81 	 29 	 16.574 	 132.4 	 301 	 208 	 193 	 4676 	-8.1 
 96.56 	 9.65 	 122 	 20.37 	 28 	 16.579 	 133.5 	 301 	 208 	 192 	 4678 	-8.4 
 96.76 	 9.67 	 122 	 20.11 	 28 	 16.562 	 132.2 	 300 	 209 	 193 	 4678 	-7.9 
 96.96 	 9.69 	 122 	 19.89 	 28 	 16.541 	 133.1 	 301 	 207 	 193 	 4678 	-7.9 
 97.16 	 9.71 	 121.9 	 19.39 	 27 	 16.53 	 133.2 	 301 	 208 	 192 	 4678 	-8.5 
 97.36 	 9.73 	 121.9 	 19.19 	 27 	 16.518 	 132.4 	 300 	 208 	 192 	 4679 	-8.6 
 97.57 	 9.75 	 121.9 	 18.88 	 27 	 16.505 	 133.5 	 301 	 208 	 192 	 4677 	-8.1 
 97.77 	 9.77 	 122 	 18.7 	 26 	 16.51 	 133 	 300 	 208 	 193 	 4679 	-8.4 
 97.97 	 9.79 	 121.9 	 18.45 	 26 	 16.497 	 132.6 	 301 	 208 	 192 	 4678 	-8.8 
 98.17 	 9.81 	 122 	 18.52 	 27 	 16.495 	 133.4 	 301 	 208 	 192 	 4679 	-8.4 
 98.37 	 9.83 	 122 	 18.62 	 26 	 16.495 	 132.3 	 301 	 208 	 193 	 4679 	-8.6 
 98.58 	 9.85 	 121.9 	 18.48 	 26 	 16.481 	 132.7 	 300 	 208 	 192 	 4679 	-8.3 
 98.78 	 9.87 	 122 	 18.61 	 26 	 16.488 	 133.3 	 301 	 207 	 192 	 4679 	-8.4 
 98.98 	 9.89 	 121.9 	 18.52 	 26 	 16.483 	 132 	 301 	 207 	 193 	 4680 	-8.3 
 99.18 	 9.91 	 122 	 18.55 	 26 	 16.47 	 133.4 	 301 	 208 	 192 	 4677 	-7.9 
 99.38 	 9.93 	 122 	 18.42 	 26 	 16.486 	 132.5 	 301 	 208 	 193 	 4680 	-8.5 
 99.59 	 9.96 	 121.9 	 18.58 	 26 	 16.497 	 132.9 	 300 	 208 	 193 	 4677 	-8.5 
 99.79 	 9.98 	 121.9 	 18.65 	 27 	 16.484 	 132.9 	 300 	 208 	 193 	 4679 	-8.6 
 99.99 	 10 	 121.9 	 19.2 	 28 	 16.493 	 132.3 	 301 	 209 	 193 	 4679 	-8.3 
3 
