时间(S)	振次	轴位移(mm)	力(kN)	应力(kPa)	变形(mm)	侧位移(mm)	围压(kPa)	孔压(kPa)	反压(kPa)	体变(ml)	小体变(ml)
0.00	0.00	 122.6 	 21.89 	 310 	 17.209 	 133 	 300 	 209 	 194 	 4680 	-8.8 
 .2 	 .02 	 122.6 	 22.11 	 31 	 17.203 	 132.7 	 301 	 209 	 194 	 4681 	-8.8 
 .4 	 .04 	 122.6 	 21.84 	 31 	 17.216 	 133.1 	 300 	 210 	 193 	 4679 	-8.1 
 .61 	 .06 	 122.6 	 21.97 	 32 	 17.21 	 133.6 	 300 	 210 	 194 	 4676 	-8.3 
 .81 	 .08 	 122.5 	 22.17 	 31 	 17.205 	 132.3 	 300 	 209 	 194 	 4679 	-8.4 
 1.01 	 .1 	 122.6 	 22.38 	 32 	 17.214 	 133.2 	 301 	 209 	 194 	 4680 	-8.4 
 1.21 	 .12 	 122.7 	 23.14 	 33 	 17.247 	 132.9 	 301 	 209 	 194 	 4678 	-8.4 
 1.41 	 .14 	 122.5 	 23.61 	 34 	 17.256 	 132.6 	 300 	 209 	 194 	 4678 	-8.3 
 1.62 	 .16 	 122.6 	 23.94 	 34 	 17.273 	 133.6 	 301 	 210 	 194 	 4679 	-8.6 
 1.82 	 .18 	 122.7 	 24.55 	 36 	 17.278 	 132.7 	 301 	 209 	 195 	 4677 	-8.1 
 2.02 	 .2 	 122.6 	 25.16 	 36 	 17.311 	 133 	 300 	 210 	 194 	 4679 	-8.6 
 2.22 	 .22 	 122.8 	 25.46 	 36 	 17.326 	 133.5 	 301 	 210 	 194 	 4679 	-8.5 
 2.42 	 .24 	 122.7 	 25.74 	 37 	 17.33 	 132.6 	 301 	 209 	 194 	 4680 	-8.1 
 2.63 	 .26 	 122.7 	 25.98 	 37 	 17.348 	 133.5 	 301 	 209 	 195 	 4678 	-8.4 
 2.83 	 .28 	 122.8 	 26.2 	 36 	 17.37 	 133.3 	 301 	 209 	 194 	 4680 	-8.5 
 3.03 	 .3 	 122.7 	 26.27 	 37 	 17.357 	 133.1 	 301 	 210 	 194 	 4681 	-8.1 
 3.23 	 .32 	 122.8 	 26.19 	 37 	 17.373 	 133.5 	 301 	 209 	 195 	 4679 	-8.1 
 3.43 	 .34 	 122.7 	 26.06 	 37 	 17.402 	 132.9 	 300 	 209 	 194 	 4679 	-8.8 
 3.64 	 .36 	 122.6 	 26.25 	 37 	 17.392 	 132.9 	 301 	 209 	 194 	 4679 	-8.3 
 3.84 	 .38 	 122.8 	 26.19 	 36 	 17.393 	 133.7 	 301 	 209 	 194 	 4679 	-8.4 
 4.04 	 .4 	 122.7 	 25.99 	 36 	 17.405 	 132.7 	 301 	 209 	 193 	 4677 	-8.3 
 4.24 	 .42 	 122.8 	 25.91 	 37 	 17.402 	 133 	 301 	 210 	 194 	 4680 	-8.5 
 4.44 	 .44 	 122.8 	 25.84 	 36 	 17.408 	 133.3 	 301 	 208 	 194 	 4677 	-8.5 
 4.65 	 .46 	 122.8 	 25.64 	 36 	 17.411 	 132.6 	 301 	 209 	 194 	 4679 	-8.4 
 4.85 	 .48 	 122.9 	 25.43 	 36 	 17.408 	 133.8 	 301 	 209 	 194 	 4676 	-8.4 
 5.05 	 .5 	 122.7 	 25.02 	 34 	 17.408 	 133.5 	 300 	 210 	 193 	 4678 	-8.4 
 5.25 	 .52 	 122.8 	 24.52 	 33 	 17.403 	 132.9 	 300 	 209 	 193 	 4681 	-8.1 
 5.45 	 .54 	 122.7 	 23.41 	 33 	 17.371 	 133.5 	 300 	 209 	 194 	 4679 	-8.5 
 5.66 	 .56 	 122.8 	 22.69 	 31 	 17.369 	 132.6 	 301 	 209 	 194 	 4678 	-8.3 
 5.86 	 .58 	 122.8 	 22.21 	 31 	 17.352 	 133.4 	 301 	 208 	 194 	 4677 	-8.4 
 6.06 	 .6 	 122.7 	 21.06 	 30 	 17.301 	 133.6 	 301 	 208 	 193 	 4676 	-8.5 
 6.26 	 .62 	 122.6 	 20.6 	 28 	 17.287 	 132.3 	 300 	 209 	 194 	 4678 	-8.5 
 6.46 	 .64 	 122.7 	 20.1 	 27 	 17.278 	 133.2 	 300 	 209 	 194 	 4681 	-8.8 
 6.67 	 .66 	 122.7 	 19.64 	 27 	 17.258 	 133.1 	 300 	 209 	 193 	 4679 	-8.3 
 6.87 	 .68 	 122.6 	 18.86 	 26 	 17.234 	 132.5 	 301 	 209 	 195 	 4682 	-8.6 
 7.07 	 .7 	 122.6 	 18.5 	 26 	 17.212 	 133.2 	 301 	 209 	 193 	 4680 	-8.4 
 7.27 	 .72 	 122.6 	 18.26 	 25 	 17.207 	 133 	 300 	 209 	 194 	 4677 	-8.4 
 7.47 	 .74 	 122.7 	 17.68 	 25 	 17.189 	 133 	 300 	 208 	 194 	 4678 	-8.6 
 7.68 	 .76 	 122.6 	 17.53 	 25 	 17.184 	 133.7 	 301 	 209 	 194 	 4677 	-8.1 
 7.88 	 .78 	 122.6 	 17.55 	 24 	 17.172 	 132.5 	 300 	 209 	 194 	 4682 	-8.9 
 8.08 	 .8 	 122.6 	 17.17 	 25 	 17.187 	 133.5 	 300 	 209 	 194 	 4679 	-8.6 
 8.28 	 .82 	 122.5 	 17.06 	 23 	 17.163 	 133.3 	 301 	 209 	 194 	 4678 	-8.6 
 8.48 	 .84 	 122.6 	 16.98 	 23 	 17.165 	 132.5 	 300 	 209 	 194 	 4678 	-8.6 
 8.69 	 .86 	 122.6 	 17.09 	 24 	 17.154 	 133.6 	 300 	 209 	 194 	 4679 	-8.1 
 8.89 	 .88 	 122.7 	 17.25 	 25 	 17.15 	 132.9 	 301 	 209 	 194 	 4680 	-8.8 
 9.09 	 .9 	 122.6 	 17.08 	 25 	 17.154 	 132.8 	 300 	 209 	 194 	 4679 	-8.1 
 9.29 	 .92 	 122.5 	 17.07 	 24 	 17.166 	 133.8 	 300 	 209 	 194 	 4681 	-8.4 
 9.49 	 .94 	 122.6 	 17.32 	 25 	 17.152 	 132.6 	 301 	 209 	 194 	 4679 	-8.4 
 9.7 	 .96 	 122.6 	 17.78 	 26 	 17.15 	 133 	 300 	 210 	 193 	 4676 	-8.3 
 9.9 	 .99 	 122.6 	 18.04 	 27 	 17.174 	 133.3 	 300 	 209 	 194 	 4678 	-8 
 10.1 	 1.01 	 122.6 	 18.54 	 27 	 17.169 	 132.2 	 301 	 209 	 194 	 4677 	-8.5 
 10.3 	 1.03 	 122.5 	 19.62 	 29 	 17.211 	 133.4 	 301 	 209 	 194 	 4678 	-8.4 
 10.5 	 1.05 	 122.7 	 20.15 	 30 	 17.224 	 133.2 	 301 	 210 	 194 	 4680 	-8.5 
 10.71 	 1.07 	 122.7 	 20.72 	 31 	 17.239 	 132.4 	 301 	 209 	 195 	 4678 	-8.1 
 10.91 	 1.09 	 122.7 	 21.9 	 31 	 17.278 	 133.8 	 300 	 210 	 194 	 4681 	-8.6 
 11.11 	 1.11 	 122.7 	 22.56 	 33 	 17.287 	 133.5 	 301 	 210 	 195 	 4680 	-8.9 
 11.31 	 1.13 	 122.7 	 23.13 	 34 	 17.312 	 132.6 	 300 	 209 	 194 	 4680 	-8.4 
 11.51 	 1.15 	 122.8 	 23.57 	 34 	 17.352 	 133.8 	 300 	 210 	 194 	 4676 	-8.5 
 11.72 	 1.17 	 122.7 	 24.57 	 35 	 17.375 	 132.5 	 300 	 210 	 194 	 4677 	-8.3 
 11.92 	 1.19 	 122.8 	 25 	 36 	 17.389 	 133.1 	 301 	 209 	 195 	 4679 	-8.5 
 12.12 	 1.21 	 122.7 	 25.46 	 37 	 17.392 	 133.2 	 301 	 210 	 194 	 4678 	-8.4 
 12.32 	 1.23 	 122.8 	 25.93 	 37 	 17.427 	 132.6 	 300 	 209 	 194 	 4679 	-8.8 
 12.52 	 1.25 	 122.9 	 26.05 	 37 	 17.441 	 133.1 	 300 	 209 	 194 	 4682 	-8.5 
 12.73 	 1.27 	 122.9 	 26.02 	 37 	 17.44 	 133.2 	 300 	 210 	 194 	 4677 	-8.1 
 12.93 	 1.29 	 122.9 	 26.38 	 37 	 17.454 	 132.4 	 301 	 209 	 194 	 4679 	-8.5 
 13.13 	 1.31 	 122.9 	 26.33 	 37 	 17.461 	 133.3 	 300 	 209 	 194 	 4677 	-8.5 
 13.33 	 1.33 	 122.8 	 26.31 	 37 	 17.481 	 132.8 	 301 	 210 	 194 	 4678 	-8 
 13.53 	 1.35 	 122.9 	 26.28 	 37 	 17.484 	 132.7 	 301 	 209 	 193 	 4679 	-8.4 
 13.74 	 1.37 	 122.8 	 26.13 	 37 	 17.481 	 133.9 	 301 	 209 	 194 	 4677 	-8.3 
 13.94 	 1.39 	 122.9 	 26.22 	 37 	 17.485 	 132.3 	 300 	 209 	 194 	 4680 	-8.4 
 14.14 	 1.41 	 122.9 	 26.04 	 37 	 17.508 	 132.8 	 300 	 210 	 193 	 4677 	-8.3 
 14.34 	 1.43 	 122.9 	 25.8 	 37 	 17.49 	 133.6 	 301 	 209 	 193 	 4677 	-8.4 
 14.54 	 1.45 	 122.9 	 25.88 	 36 	 17.485 	 132.4 	 301 	 209 	 194 	 4679 	-8.6 
 14.75 	 1.47 	 122.9 	 25.8 	 36 	 17.501 	 133.4 	 300 	 209 	 194 	 4681 	-8.5 
 14.95 	 1.49 	 122.8 	 25.6 	 35 	 17.488 	 133.1 	 301 	 209 	 194 	 4679 	-8.4 
 15.15 	 1.51 	 123 	 24.41 	 34 	 17.478 	 132.3 	 300 	 209 	 194 	 4678 	-8.6 
 15.35 	 1.53 	 122.9 	 24 	 33 	 17.485 	 133.8 	 301 	 209 	 194 	 4679 	-8.6 
 15.55 	 1.55 	 122.8 	 23.54 	 32 	 17.464 	 133 	 301 	 209 	 194 	 4679 	-8.5 
 15.76 	 1.57 	 122.9 	 22.27 	 31 	 17.425 	 132.7 	 300 	 209 	 194 	 4678 	-8.5 
 15.96 	 1.59 	 122.7 	 21.62 	 30 	 17.421 	 133.4 	 300 	 209 	 194 	 4676 	-8 
 16.16 	 1.61 	 122.8 	 21.03 	 29 	 17.399 	 132.5 	 301 	 209 	 194 	 4679 	-8.5 
 16.36 	 1.63 	 122.8 	 20.52 	 28 	 17.39 	 133.2 	 301 	 209 	 194 	 4678 	-8.1 
 16.56 	 1.65 	 122.7 	 19.66 	 27 	 17.345 	 133.4 	 301 	 208 	 193 	 4679 	-8.3 
 16.77 	 1.67 	 122.7 	 19.21 	 27 	 17.333 	 132.5 	 301 	 209 	 194 	 4680 	-8.9 
 16.97 	 1.69 	 122.7 	 18.91 	 26 	 17.317 	 133.8 	 300 	 209 	 194 	 4679 	-8.4 
 17.17 	 1.71 	 122.7 	 18.08 	 26 	 17.29 	 132.5 	 300 	 209 	 194 	 4678 	-8.1 
 17.37 	 1.73 	 122.7 	 17.91 	 25 	 17.278 	 132.6 	 300 	 209 	 194 	 4681 	-8.8 
 17.57 	 1.75 	 122.5 	 17.64 	 24 	 17.257 	 133.6 	 301 	 209 	 194 	 4677 	-8.4 
 17.78 	 1.77 	 122.7 	 17.27 	 24 	 17.259 	 132.6 	 301 	 209 	 194 	 4682 	-8.8 
 17.98 	 1.79 	 122.6 	 17.21 	 25 	 17.259 	 133.1 	 301 	 209 	 194 	 4678 	-8.6 
 18.18 	 1.81 	 122.6 	 17.18 	 24 	 17.238 	 133.6 	 300 	 208 	 194 	 4680 	-8.5 
 18.38 	 1.83 	 122.6 	 17.18 	 25 	 17.245 	 132.7 	 300 	 209 	 193 	 4678 	-8.8 
 18.58 	 1.85 	 122.6 	 17.02 	 24 	 17.24 	 133.3 	 300 	 209 	 194 	 4677 	-8 
 18.79 	 1.87 	 122.7 	 17.14 	 24 	 17.241 	 133 	 300 	 209 	 193 	 4679 	-8.3 
 18.99 	 1.89 	 122.6 	 17.08 	 24 	 17.238 	 132.4 	 300 	 209 	 194 	 4680 	-8.8 
 19.19 	 1.91 	 122.7 	 17.05 	 24 	 17.24 	 133.5 	 301 	 209 	 194 	 4677 	-8.3 
 19.39 	 1.93 	 122.7 	 17.25 	 25 	 17.23 	 132.9 	 301 	 209 	 194 	 4677 	-8.6 
 19.59 	 1.95 	 122.6 	 17.48 	 26 	 17.231 	 133 	 301 	 209 	 194 	 4680 	-8.3 
 19.8 	 1.97 	 122.7 	 18.24 	 26 	 17.236 	 133.5 	 300 	 209 	 194 	 4679 	-8.8 
 20 	 2 	 122.6 	 18.5 	 27 	 17.261 	 132.5 	 301 	 208 	 195 	 4679 	-8.1 
 20.2 	 2.02 	 122.7 	 19.35 	 28 	 17.26 	 133.3 	 300 	 210 	 194 	 4681 	-8.4 
 20.4 	 2.04 	 122.7 	 19.78 	 29 	 17.284 	 133.3 	 301 	 210 	 194 	 4681 	-8.5 
 20.6 	 2.06 	 122.7 	 20.86 	 30 	 17.333 	 132.3 	 300 	 209 	 194 	 4678 	-7.8 
 20.81 	 2.08 	 122.8 	 21.44 	 31 	 17.341 	 133.3 	 301 	 210 	 194 	 4678 	-8.5 
 21.01 	 2.1 	 122.8 	 22.02 	 32 	 17.358 	 133.2 	 301 	 210 	 194 	 4679 	-8.6 
 21.21 	 2.12 	 122.8 	 23.13 	 33 	 17.387 	 132.9 	 301 	 210 	 194 	 4678 	-8.3 
 21.41 	 2.14 	 122.8 	 23.83 	 34 	 17.415 	 133.5 	 300 	 210 	 194 	 4679 	-8.5 
 21.61 	 2.16 	 122.7 	 24.25 	 35 	 17.423 	 132.9 	 300 	 210 	 194 	 4677 	-8.5 
 21.82 	 2.18 	 122.9 	 24.62 	 35 	 17.447 	 132.9 	 300 	 209 	 195 	 4683 	-8.6 
 22.02 	 2.2 	 122.8 	 25.27 	 36 	 17.492 	 133.6 	 301 	 209 	 195 	 4678 	-8.1 
 22.22 	 2.22 	 122.9 	 25.66 	 37 	 17.494 	 132.5 	 301 	 210 	 194 	 4679 	-8.8 
 22.42 	 2.24 	 122.9 	 25.76 	 37 	 17.512 	 133.2 	 300 	 209 	 194 	 4679 	-8.5 
 22.62 	 2.26 	 122.8 	 26.33 	 37 	 17.527 	 133.1 	 301 	 209 	 194 	 4679 	-8.8 
 22.83 	 2.28 	 122.9 	 26.28 	 37 	 17.536 	 132.6 	 300 	 209 	 194 	 4678 	-8.4 
 23.03 	 2.3 	 122.8 	 26.31 	 37 	 17.553 	 133.4 	 300 	 209 	 194 	 4678 	-8.5 
 23.23 	 2.32 	 122.8 	 26.29 	 37 	 17.558 	 133 	 301 	 209 	 194 	 4680 	-8.4 
 23.43 	 2.34 	 123 	 26.21 	 37 	 17.568 	 132.4 	 301 	 209 	 194 	 4680 	-8.3 
 23.63 	 2.36 	 122.9 	 26.24 	 37 	 17.566 	 133.6 	 301 	 210 	 194 	 4679 	-8.6 
 23.84 	 2.38 	 122.8 	 26.29 	 37 	 17.572 	 132.6 	 300 	 209 	 194 	 4679 	-8.5 
 24.04 	 2.4 	 122.9 	 26.1 	 37 	 17.567 	 133 	 301 	 210 	 193 	 4676 	-8 
 24.24 	 2.42 	 122.9 	 26.02 	 36 	 17.582 	 133.4 	 300 	 209 	 194 	 4679 	-8 
 24.44 	 2.44 	 123 	 25.93 	 37 	 17.581 	 132.7 	 301 	 210 	 193 	 4677 	-8.3 
 24.64 	 2.46 	 122.9 	 25.88 	 37 	 17.58 	 133.4 	 300 	 209 	 194 	 4678 	-8.6 
 24.85 	 2.48 	 123 	 25.58 	 36 	 17.565 	 133.1 	 300 	 209 	 194 	 4680 	-8.6 
 25.05 	 2.5 	 123.1 	 25.22 	 34 	 17.57 	 132.6 	 301 	 209 	 194 	 4681 	-8.1 
 25.25 	 2.52 	 123 	 24.68 	 35 	 17.574 	 133.8 	 301 	 209 	 194 	 4678 	-8.3 
 25.45 	 2.54 	 123 	 23.52 	 32 	 17.547 	 132.8 	 301 	 209 	 194 	 4677 	-8.5 
 25.65 	 2.56 	 122.9 	 22.75 	 32 	 17.518 	 132.6 	 301 	 209 	 193 	 4678 	-8.1 
 25.86 	 2.58 	 122.9 	 22.17 	 31 	 17.516 	 133.6 	 300 	 209 	 194 	 4681 	-8.6 
 26.06 	 2.6 	 122.9 	 21.07 	 30 	 17.475 	 132.5 	 301 	 209 	 194 	 4680 	-8.8 
 26.26 	 2.62 	 122.8 	 20.55 	 29 	 17.48 	 132.9 	 300 	 209 	 194 	 4679 	-8.5 
 26.46 	 2.64 	 122.9 	 20.08 	 28 	 17.448 	 133.7 	 301 	 209 	 194 	 4680 	-8.3 
 26.66 	 2.66 	 122.9 	 19.68 	 27 	 17.429 	 132.5 	 300 	 209 	 193 	 4678 	-8 
 26.87 	 2.68 	 122.8 	 18.67 	 26 	 17.401 	 133.3 	 300 	 209 	 194 	 4676 	-8.1 
 27.07 	 2.7 	 122.8 	 18.52 	 26 	 17.397 	 133.2 	 301 	 209 	 194 	 4678 	-8.4 
 27.27 	 2.72 	 122.7 	 18.09 	 25 	 17.371 	 132.3 	 300 	 209 	 194 	 4678 	-8.4 
 27.47 	 2.74 	 122.7 	 17.71 	 26 	 17.345 	 133.8 	 301 	 209 	 194 	 4680 	-8.4 
 27.67 	 2.76 	 122.7 	 17.54 	 25 	 17.34 	 133.1 	 300 	 209 	 194 	 4682 	-8.8 
 27.88 	 2.78 	 122.6 	 17.42 	 24 	 17.335 	 132.3 	 300 	 209 	 194 	 4678 	-8.6 
 28.08 	 2.8 	 122.8 	 17.15 	 24 	 17.329 	 133.5 	 301 	 209 	 194 	 4676 	-7.9 
 28.28 	 2.82 	 122.7 	 17.21 	 24 	 17.315 	 133.2 	 301 	 209 	 194 	 4678 	-8.3 
 28.48 	 2.84 	 122.8 	 17.11 	 25 	 17.315 	 132.8 	 300 	 209 	 194 	 4677 	-8.3 
 28.68 	 2.86 	 122.8 	 17.18 	 24 	 17.328 	 133.3 	 300 	 209 	 194 	 4677 	-8.1 
 28.89 	 2.88 	 122.7 	 17.13 	 24 	 17.323 	 132.8 	 300 	 209 	 194 	 4678 	-8.5 
 29.09 	 2.9 	 122.7 	 17.14 	 24 	 17.322 	 132.8 	 301 	 209 	 194 	 4679 	-8.5 
 29.29 	 2.92 	 122.7 	 17.24 	 24 	 17.327 	 133.6 	 300 	 209 	 193 	 4678 	-8.3 
 29.49 	 2.94 	 122.7 	 17.36 	 25 	 17.317 	 133 	 301 	 208 	 194 	 4681 	-8.6 
 29.69 	 2.96 	 122.7 	 17.68 	 25 	 17.334 	 133.4 	 300 	 209 	 194 	 4678 	-8.6 
 29.9 	 2.99 	 122.7 	 18.09 	 26 	 17.336 	 133.4 	 300 	 209 	 194 	 4677 	-8.1 
 30.1 	 3.01 	 122.8 	 18.56 	 28 	 17.333 	 132.5 	 300 	 209 	 193 	 4678 	-8.5 
 30.3 	 3.03 	 122.8 	 19.74 	 29 	 17.363 	 133.2 	 300 	 210 	 194 	 4678 	-8.1 
 30.5 	 3.05 	 122.8 	 20.35 	 30 	 17.385 	 133.6 	 301 	 209 	 195 	 4680 	-8.5 
 30.7 	 3.07 	 122.8 	 20.82 	 30 	 17.402 	 132.9 	 300 	 210 	 195 	 4680 	-8.6 
 30.91 	 3.09 	 122.8 	 21.96 	 32 	 17.446 	 133.4 	 301 	 209 	 194 	 4681 	-8.8 
 31.11 	 3.11 	 122.9 	 22.65 	 33 	 17.467 	 133.2 	 301 	 210 	 194 	 4678 	-8.9 
 31.31 	 3.13 	 122.8 	 23.19 	 34 	 17.477 	 132.8 	 301 	 209 	 194 	 4678 	-8.5 
 31.51 	 3.15 	 122.9 	 24.2 	 35 	 17.508 	 134.1 	 301 	 209 	 194 	 4678 	-8.3 
 31.71 	 3.17 	 123 	 24.78 	 35 	 17.542 	 132.9 	 301 	 210 	 195 	 4679 	-8.8 
 31.92 	 3.19 	 122.9 	 24.97 	 37 	 17.552 	 132.8 	 301 	 209 	 194 	 4678 	-8.6 
 32.12 	 3.21 	 122.9 	 25.36 	 37 	 17.558 	 133.8 	 301 	 209 	 195 	 4679 	-8.3 
 32.32 	 3.23 	 122.9 	 25.69 	 37 	 17.578 	 132.9 	 301 	 209 	 194 	 4678 	-8.5 
 32.52 	 3.25 	 123.1 	 26 	 37 	 17.603 	 132.4 	 301 	 210 	 194 	 4679 	-8.4 
 32.72 	 3.27 	 122.9 	 26.05 	 37 	 17.619 	 133.4 	 301 	 209 	 195 	 4680 	-8.5 
 32.93 	 3.29 	 123.1 	 26.44 	 37 	 17.614 	 132.9 	 300 	 210 	 194 	 4680 	-8.3 
 33.13 	 3.31 	 123 	 26.28 	 37 	 17.644 	 132.9 	 301 	 209 	 194 	 4681 	-8.6 
 33.33 	 3.33 	 123 	 26.36 	 37 	 17.645 	 133.8 	 301 	 209 	 194 	 4681 	-8.3 
 33.53 	 3.35 	 123.1 	 26.18 	 37 	 17.651 	 132.8 	 300 	 209 	 194 	 4679 	-8 
 33.73 	 3.37 	 122.9 	 26.23 	 37 	 17.65 	 133.2 	 301 	 209 	 194 	 4679 	-8.3 
 33.94 	 3.39 	 123 	 26.17 	 37 	 17.651 	 133.5 	 301 	 209 	 193 	 4678 	-8.5 
 34.14 	 3.41 	 123 	 26.13 	 37 	 17.652 	 132.5 	 301 	 210 	 194 	 4678 	-8.4 
 34.34 	 3.43 	 123.1 	 26.03 	 37 	 17.662 	 133 	 301 	 209 	 194 	 4678 	-8.4 
 34.54 	 3.45 	 123.1 	 25.99 	 37 	 17.64 	 133.5 	 301 	 209 	 194 	 4676 	-8.3 
 34.74 	 3.47 	 123.1 	 25.81 	 36 	 17.663 	 132.5 	 300 	 210 	 194 	 4679 	-8.3 
 34.95 	 3.49 	 123.1 	 25.54 	 35 	 17.669 	 133.3 	 300 	 210 	 194 	 4680 	-8.4 
 35.15 	 3.51 	 122.9 	 24.49 	 34 	 17.655 	 133.3 	 301 	 209 	 194 	 4676 	-8.1 
 35.35 	 3.53 	 123 	 24.06 	 33 	 17.647 	 132.7 	 301 	 210 	 194 	 4678 	-8.4 
 35.55 	 3.55 	 123 	 23.34 	 32 	 17.626 	 133.4 	 300 	 209 	 194 	 4678 	-8.4 
 35.75 	 3.57 	 123 	 22.15 	 31 	 17.601 	 132.9 	 300 	 209 	 194 	 4678 	-8.8 
 35.96 	 3.59 	 123 	 21.73 	 30 	 17.571 	 132.7 	 300 	 209 	 194 	 4680 	-8 
 36.16 	 3.61 	 122.9 	 21.19 	 29 	 17.556 	 133.5 	 301 	 209 	 193 	 4679 	-8.5 
 36.36 	 3.63 	 123 	 20.01 	 28 	 17.542 	 133.1 	 300 	 209 	 193 	 4680 	-8.3 
 36.56 	 3.65 	 122.9 	 19.5 	 27 	 17.518 	 132.9 	 301 	 208 	 194 	 4680 	-8.8 
 36.76 	 3.67 	 122.9 	 19.2 	 26 	 17.5 	 133.8 	 300 	 209 	 193 	 4678 	-8.4 
 36.97 	 3.69 	 122.9 	 18.77 	 26 	 17.472 	 132.9 	 301 	 209 	 194 	 4680 	-8.5 
 37.17 	 3.71 	 122.7 	 18.16 	 25 	 17.46 	 133 	 301 	 209 	 194 	 4676 	-8.3 
 37.37 	 3.73 	 122.8 	 17.89 	 25 	 17.446 	 133.7 	 301 	 209 	 194 	 4679 	-8.4 
 37.57 	 3.75 	 122.8 	 17.49 	 25 	 17.435 	 132.6 	 300 	 209 	 195 	 4685 	-8.5 
 37.77 	 3.77 	 122.9 	 17.24 	 23 	 17.41 	 132.7 	 301 	 209 	 194 	 4679 	-8.8 
 37.98 	 3.79 	 122.8 	 17.26 	 25 	 17.416 	 133.4 	 301 	 209 	 195 	 4679 	-8 
 38.18 	 3.81 	 122.7 	 17.16 	 24 	 17.414 	 132.4 	 301 	 210 	 194 	 4681 	-8.6 
 38.38 	 3.83 	 122.8 	 17.12 	 24 	 17.396 	 133.3 	 301 	 209 	 194 	 4677 	-8.6 
 38.58 	 3.85 	 122.8 	 17.27 	 24 	 17.408 	 133 	 300 	 210 	 194 	 4679 	-8.3 
 38.78 	 3.87 	 122.8 	 17.17 	 25 	 17.397 	 132.2 	 301 	 210 	 194 	 4681 	-8.5 
 38.99 	 3.89 	 122.9 	 17.03 	 25 	 17.396 	 133.5 	 300 	 209 	 194 	 4678 	-8.5 
 39.19 	 3.91 	 122.8 	 17.18 	 25 	 17.401 	 133 	 301 	 209 	 194 	 4680 	-8.6 
 39.39 	 3.93 	 123 	 17.2 	 24 	 17.394 	 132.6 	 300 	 209 	 194 	 4675 	-7.9 
 39.59 	 3.95 	 122.8 	 17.45 	 25 	 17.406 	 133.6 	 299 	 210 	 194 	 4679 	-8.3 
 39.79 	 3.98 	 122.9 	 18.15 	 26 	 17.412 	 132.2 	 301 	 210 	 195 	 4677 	-7.9 
 40 	 4 	 122.9 	 18.74 	 27 	 17.42 	 132.7 	 300 	 209 	 195 	 4682 	-8.4 
 40.2 	 4.02 	 122.8 	 19.11 	 28 	 17.43 	 133.8 	 301 	 209 	 195 	 4679 	-8.3 
 40.4 	 4.04 	 122.9 	 19.74 	 29 	 17.45 	 132.8 	 301 	 209 	 194 	 4678 	-8.4 
 40.6 	 4.06 	 122.8 	 20.76 	 30 	 17.482 	 132.9 	 300 	 210 	 194 	 4681 	-8.8 
 40.8 	 4.08 	 122.9 	 21.38 	 31 	 17.508 	 133.4 	 301 	 209 	 194 	 4679 	-8.3 
 41.01 	 4.1 	 123 	 22.07 	 32 	 17.528 	 132.8 	 300 	 210 	 194 	 4682 	-8.6 
 41.21 	 4.12 	 122.8 	 23.05 	 33 	 17.563 	 132.9 	 300 	 209 	 195 	 4681 	-8.4 
 41.41 	 4.14 	 123 	 23.61 	 34 	 17.593 	 133.3 	 300 	 210 	 194 	 4678 	-7.8 
 41.61 	 4.16 	 123 	 24.11 	 34 	 17.588 	 132.6 	 301 	 210 	 195 	 4680 	-8.4 
 41.81 	 4.18 	 122.9 	 24.53 	 37 	 17.617 	 133.2 	 301 	 210 	 194 	 4678 	-8.3 
 42.02 	 4.2 	 123.1 	 25.34 	 36 	 17.643 	 133.4 	 301 	 210 	 194 	 4676 	-8.3 
 42.22 	 4.22 	 123 	 25.6 	 37 	 17.655 	 132.6 	 301 	 209 	 195 	 4677 	-8.6 
 42.42 	 4.24 	 122.9 	 25.81 	 37 	 17.663 	 133.9 	 300 	 210 	 194 	 4680 	-8.5 
 42.62 	 4.26 	 123.1 	 26.31 	 37 	 17.684 	 133.2 	 301 	 210 	 194 	 4680 	-8.5 
 42.82 	 4.28 	 123 	 26.28 	 37 	 17.702 	 132.9 	 301 	 210 	 195 	 4677 	-8.4 
 43.03 	 4.3 	 123 	 26.42 	 38 	 17.703 	 133.3 	 300 	 209 	 195 	 4681 	-8.4 
 43.23 	 4.32 	 123 	 26.42 	 37 	 17.716 	 133.1 	 301 	 209 	 194 	 4678 	-8.4 
 43.43 	 4.34 	 123 	 26.28 	 36 	 17.727 	 132.6 	 301 	 209 	 195 	 4682 	-8.6 
 43.63 	 4.36 	 123 	 26.29 	 37 	 17.723 	 133.8 	 301 	 209 	 194 	 4677 	-8.1 
 43.83 	 4.38 	 123.1 	 26.35 	 36 	 17.732 	 132.9 	 301 	 209 	 194 	 4679 	-8.5 
 44.04 	 4.4 	 122.9 	 26.15 	 36 	 17.729 	 133.1 	 300 	 210 	 194 	 4679 	-8.3 
 44.24 	 4.42 	 123 	 26.01 	 37 	 17.728 	 133.6 	 301 	 209 	 194 	 4678 	-8.3 
 44.44 	 4.44 	 123.2 	 26.04 	 37 	 17.717 	 132.7 	 301 	 209 	 194 	 4679 	-8.5 
 44.64 	 4.46 	 123 	 25.93 	 37 	 17.73 	 133 	 301 	 210 	 194 	 4679 	-8.5 
 44.84 	 4.48 	 123.1 	 25.5 	 36 	 17.733 	 134 	 300 	 210 	 194 	 4680 	-8.4 
 45.05 	 4.5 	 123.1 	 25.17 	 35 	 17.739 	 132.9 	 301 	 209 	 194 	 4679 	-8.8 
 45.25 	 4.52 	 123.1 	 24.57 	 34 	 17.712 	 133.3 	 301 	 209 	 194 	 4679 	-8.4 
 45.45 	 4.54 	 123.1 	 23.46 	 33 	 17.7 	 133.4 	 300 	 209 	 194 	 4677 	-8.4 
 45.65 	 4.56 	 123 	 22.87 	 32 	 17.684 	 132.5 	 300 	 210 	 195 	 4680 	-8.3 
 45.85 	 4.58 	 123.1 	 22.22 	 30 	 17.669 	 133.1 	 301 	 209 	 194 	 4676 	-8.1 
 46.06 	 4.6 	 122.9 	 21.13 	 29 	 17.628 	 133 	 301 	 209 	 194 	 4679 	-8.4 
 46.26 	 4.62 	 123.1 	 20.52 	 29 	 17.611 	 132.7 	 301 	 210 	 194 	 4681 	-8.3 
 46.46 	 4.64 	 123 	 20.09 	 28 	 17.601 	 133.6 	 301 	 209 	 194 	 4679 	-8.4 
 46.66 	 4.66 	 122.9 	 19.73 	 27 	 17.591 	 132.5 	 301 	 210 	 194 	 4677 	-8.4 
 46.86 	 4.68 	 123.1 	 18.73 	 26 	 17.565 	 132.7 	 300 	 209 	 194 	 4679 	-8.5 
 47.07 	 4.7 	 122.9 	 18.36 	 27 	 17.547 	 133.7 	 301 	 209 	 195 	 4680 	-8.6 
 47.27 	 4.72 	 122.9 	 18.07 	 25 	 17.537 	 132.7 	 300 	 210 	 194 	 4679 	-8.5 
 47.47 	 4.74 	 122.9 	 17.78 	 25 	 17.505 	 133.2 	 301 	 209 	 194 	 4679 	-8.1 
 47.67 	 4.76 	 122.9 	 17.5 	 24 	 17.494 	 133.4 	 300 	 210 	 194 	 4681 	-8.4 
 47.87 	 4.78 	 122.9 	 17.36 	 25 	 17.49 	 132.6 	 300 	 210 	 194 	 4677 	-8.5 
 48.08 	 4.8 	 122.8 	 17.17 	 25 	 17.478 	 133.6 	 301 	 210 	 194 	 4677 	-8.5 
 48.28 	 4.82 	 122.9 	 17.16 	 24 	 17.491 	 133.2 	 301 	 210 	 194 	 4678 	-8.1 
 48.48 	 4.84 	 122.9 	 17.06 	 24 	 17.478 	 132.6 	 301 	 210 	 195 	 4680 	-8.5 
 48.68 	 4.86 	 122.8 	 17.22 	 25 	 17.468 	 133.8 	 300 	 209 	 194 	 4679 	-8.6 
 48.88 	 4.88 	 122.9 	 17.17 	 25 	 17.471 	 132.9 	 300 	 210 	 194 	 4680 	-8.4 
 49.09 	 4.9 	 122.8 	 17.11 	 24 	 17.468 	 132.7 	 301 	 209 	 194 	 4677 	-8.4 
 49.29 	 4.92 	 122.9 	 17.27 	 25 	 17.463 	 133.7 	 301 	 210 	 194 	 4677 	-7.9 
 49.49 	 4.94 	 122.8 	 17.36 	 25 	 17.49 	 132.7 	 301 	 209 	 194 	 4679 	-8 
 49.69 	 4.97 	 122.7 	 17.76 	 26 	 17.473 	 132.7 	 301 	 209 	 194 	 4681 	-8.3 
 49.89 	 4.99 	 122.9 	 18.19 	 27 	 17.476 	 134 	 301 	 209 	 194 	 4679 	-8.3 
 50.1 	 5.01 	 123 	 18.59 	 28 	 17.491 	 132.6 	 300 	 209 	 194 	 4678 	-7.9 
 50.3 	 5.03 	 122.9 	 19.67 	 28 	 17.512 	 133 	 301 	 210 	 195 	 4679 	-8.8 
 50.5 	 5.05 	 123 	 20.17 	 29 	 17.553 	 133.6 	 301 	 210 	 194 	 4679 	-8.1 
 50.7 	 5.07 	 122.9 	 20.92 	 31 	 17.548 	 132.3 	 301 	 210 	 195 	 4681 	-8.4 
 50.9 	 5.09 	 123.1 	 22.05 	 32 	 17.602 	 133.1 	 301 	 210 	 194 	 4681 	-8.4 
 51.11 	 5.11 	 122.9 	 22.52 	 32 	 17.616 	 133.4 	 301 	 210 	 194 	 4678 	-8.6 
 51.31 	 5.13 	 123 	 22.99 	 34 	 17.627 	 132.8 	 301 	 210 	 194 	 4677 	-8.6 
 51.51 	 5.15 	 123 	 24.26 	 35 	 17.67 	 133.7 	 301 	 210 	 194 	 4679 	-8.1 
 51.71 	 5.17 	 123 	 24.59 	 35 	 17.707 	 133.3 	 300 	 211 	 194 	 4679 	-8.6 
 51.91 	 5.19 	 123.1 	 25.09 	 36 	 17.696 	 132.9 	 300 	 210 	 194 	 4678 	-8.4 
 52.12 	 5.21 	 123.1 	 25.28 	 36 	 17.714 	 133.7 	 301 	 210 	 194 	 4679 	-8.5 
 52.32 	 5.23 	 123.1 	 25.84 	 37 	 17.75 	 133.3 	 301 	 210 	 195 	 4678 	-8.3 
 52.52 	 5.25 	 123.1 	 26.1 	 36 	 17.742 	 132.6 	 301 	 210 	 194 	 4678 	-8.4 
 52.72 	 5.27 	 123.1 	 26.3 	 37 	 17.752 	 133.6 	 301 	 210 	 194 	 4678 	-8.1 
 52.92 	 5.29 	 123.1 	 26.32 	 38 	 17.779 	 133.1 	 301 	 209 	 195 	 4680 	-8.6 
 53.13 	 5.31 	 123 	 26.29 	 37 	 17.788 	 132.7 	 301 	 210 	 194 	 4677 	-8.4 
 53.33 	 5.33 	 123.2 	 26.3 	 37 	 17.789 	 133.5 	 301 	 209 	 194 	 4681 	-8.9 
 53.53 	 5.35 	 123.2 	 26.33 	 37 	 17.799 	 132.8 	 301 	 209 	 195 	 4678 	-8.1 
 53.73 	 5.37 	 123.1 	 26.32 	 37 	 17.793 	 132.9 	 301 	 210 	 194 	 4677 	-7.9 
 53.93 	 5.39 	 123.2 	 26.28 	 37 	 17.793 	 133.6 	 301 	 210 	 194 	 4676 	-8.4 
 54.14 	 5.41 	 123.1 	 26.08 	 37 	 17.801 	 132.8 	 301 	 210 	 194 	 4678 	-8.5 
 54.34 	 5.43 	 123.2 	 26.05 	 37 	 17.795 	 133.4 	 301 	 210 	 194 	 4677 	-8.6 
 54.54 	 5.45 	 123.1 	 25.85 	 37 	 17.811 	 133.5 	 301 	 210 	 195 	 4679 	-8 
 54.74 	 5.47 	 123.1 	 25.94 	 36 	 17.806 	 132.1 	 302 	 209 	 195 	 4681 	-8.6 
 54.94 	 5.49 	 122.9 	 25.34 	 35 	 17.787 	 133.3 	 301 	 209 	 194 	 4677 	-8.3 
 55.15 	 5.51 	 123.1 	 24.56 	 35 	 17.796 	 133 	 300 	 209 	 194 	 4677 	-8.4 
 55.35 	 5.53 	 123.2 	 23.99 	 33 	 17.783 	 132.6 	 300 	 209 	 195 	 4681 	-8.5 
 55.55 	 5.55 	 123.1 	 23.3 	 32 	 17.761 	 133.4 	 300 	 210 	 194 	 4678 	-8.6 
 55.75 	 5.57 	 123.1 	 22.15 	 31 	 17.72 	 133.2 	 300 	 209 	 195 	 4679 	-8.4 
 55.95 	 5.59 	 123.1 	 21.58 	 29 	 17.716 	 132.8 	 301 	 209 	 194 	 4678 	-8.6 
 56.16 	 5.61 	 123 	 21.12 	 29 	 17.7 	 133.6 	 301 	 209 	 194 	 4679 	-7.9 
 56.36 	 5.63 	 123.1 	 19.9 	 28 	 17.68 	 133.2 	 300 	 209 	 194 	 4677 	-7.9 
 56.56 	 5.65 	 122.9 	 19.59 	 28 	 17.636 	 132.6 	 301 	 210 	 195 	 4680 	-8.8 
 56.76 	 5.67 	 123 	 19.27 	 26 	 17.639 	 133.6 	 300 	 209 	 194 	 4678 	-7.8 
 56.96 	 5.69 	 123.1 	 18.64 	 26 	 17.623 	 133 	 300 	 210 	 194 	 4678 	-8.3 
 57.17 	 5.71 	 123 	 18.24 	 25 	 17.592 	 132.6 	 301 	 210 	 194 	 4678 	-8.3 
 57.37 	 5.73 	 123.1 	 17.93 	 25 	 17.584 	 134 	 300 	 210 	 194 	 4679 	-8.6 
 57.57 	 5.75 	 123 	 17.61 	 25 	 17.561 	 132.8 	 301 	 210 	 194 	 4679 	-8.5 
 57.77 	 5.77 	 122.9 	 17.45 	 25 	 17.539 	 132.9 	 301 	 210 	 194 	 4679 	-8.5 
 57.97 	 5.79 	 122.9 	 17.05 	 25 	 17.541 	 133.6 	 301 	 209 	 195 	 4679 	-8.6 
 58.18 	 5.81 	 122.9 	 17.33 	 24 	 17.54 	 133 	 301 	 210 	 194 	 4679 	-8.5 
 58.38 	 5.83 	 123 	 17.06 	 24 	 17.558 	 133.1 	 301 	 210 	 194 	 4677 	-8.9 
 58.58 	 5.85 	 122.9 	 17.07 	 24 	 17.538 	 133.9 	 301 	 209 	 194 	 4679 	-8.4 
 58.78 	 5.87 	 123 	 17.2 	 24 	 17.522 	 132.5 	 301 	 209 	 194 	 4678 	-8.5 
 58.98 	 5.89 	 122.9 	 17.12 	 24 	 17.534 	 133 	 300 	 210 	 194 	 4677 	-8.9 
 59.19 	 5.91 	 123 	 17.32 	 24 	 17.542 	 133.6 	 301 	 210 	 194 	 4678 	-8.4 
 59.39 	 5.93 	 122.8 	 17.11 	 25 	 17.525 	 133.1 	 301 	 209 	 194 	 4678 	-8.5 
 59.59 	 5.96 	 122.8 	 17.39 	 25 	 17.539 	 133.2 	 300 	 210 	 194 	 4677 	-7.9 
 59.79 	 5.98 	 122.9 	 18.17 	 25 	 17.547 	 133.5 	 301 	 210 	 195 	 4678 	-8.1 
 59.99 	 6 	 122.7 	 18.58 	 26 	 17.567 	 132.7 	 301 	 210 	 194 	 4679 	-8.4 
 60.2 	 6.02 	 123 	 19.22 	 28 	 17.562 	 133.3 	 300 	 210 	 195 	 4680 	-8.6 
 60.4 	 6.04 	 123 	 19.64 	 29 	 17.587 	 133.6 	 301 	 210 	 194 	 4677 	-8.4 
 60.6 	 6.06 	 122.9 	 20.82 	 30 	 17.633 	 132.7 	 301 	 210 	 194 	 4677 	-8.5 
 60.8 	 6.08 	 123.1 	 21.38 	 31 	 17.653 	 133.2 	 300 	 210 	 194 	 4679 	-8.8 
 61 	 6.1 	 122.9 	 21.78 	 32 	 17.667 	 133.9 	 301 	 209 	 195 	 4677 	-8.1 
 61.21 	 6.12 	 123.1 	 23.17 	 33 	 17.707 	 132.4 	 300 	 210 	 194 	 4682 	-8.8 
 61.41 	 6.14 	 123 	 23.74 	 34 	 17.704 	 132.7 	 301 	 210 	 195 	 4676 	-7.5 
 61.61 	 6.16 	 123.2 	 24.21 	 35 	 17.729 	 133.3 	 301 	 209 	 195 	 4677 	-8.4 
 61.81 	 6.18 	 123.2 	 24.6 	 36 	 17.753 	 132.7 	 301 	 209 	 195 	 4678 	-8.1 
 62.01 	 6.2 	 123.2 	 25.23 	 36 	 17.778 	 133.3 	 301 	 210 	 195 	 4681 	-8.4 
 62.22 	 6.22 	 123.1 	 25.54 	 36 	 17.796 	 133.7 	 301 	 209 	 195 	 4678 	-8.1 
 62.42 	 6.24 	 123.1 	 25.86 	 37 	 17.795 	 132.7 	 301 	 210 	 194 	 4677 	-8.3 
 62.62 	 6.26 	 123.2 	 26.34 	 37 	 17.818 	 132.9 	 301 	 209 	 195 	 4678 	-7.9 
 62.82 	 6.28 	 123.2 	 26.28 	 37 	 17.829 	 133.7 	 300 	 210 	 194 	 4679 	-8.5 
 63.02 	 6.3 	 123.1 	 26.45 	 38 	 17.823 	 132.6 	 300 	 210 	 195 	 4680 	-8 
 63.23 	 6.32 	 123.2 	 26.36 	 37 	 17.863 	 132.8 	 300 	 210 	 194 	 4679 	-8 
 63.43 	 6.34 	 123.1 	 26.41 	 37 	 17.857 	 133.6 	 300 	 210 	 194 	 4679 	-8.8 
 63.63 	 6.36 	 123.3 	 26.2 	 37 	 17.856 	 132.4 	 301 	 209 	 194 	 4677 	-8.5 
 63.83 	 6.38 	 123.2 	 26.26 	 37 	 17.858 	 132.9 	 301 	 210 	 195 	 4679 	-8.3 
 64.03 	 6.4 	 123.3 	 26.11 	 37 	 17.875 	 133.5 	 301 	 210 	 194 	 4676 	-8.4 
 64.24 	 6.42 	 123.2 	 26.08 	 37 	 17.876 	 132.4 	 300 	 210 	 194 	 4679 	-8.4 
 64.44 	 6.44 	 123.1 	 26.12 	 37 	 17.856 	 132.9 	 301 	 210 	 194 	 4679 	-8.5 
 64.64 	 6.46 	 123.1 	 25.89 	 36 	 17.856 	 133.3 	 301 	 209 	 195 	 4677 	-8.1 
 64.84 	 6.48 	 123.1 	 25.61 	 36 	 17.871 	 132.4 	 300 	 210 	 195 	 4678 	-8.3 
 65.04 	 6.5 	 123.3 	 25.02 	 35 	 17.869 	 133.4 	 300 	 210 	 194 	 4679 	-8.1 
 65.25 	 6.52 	 123.3 	 24.47 	 34 	 17.852 	 133.4 	 301 	 210 	 194 	 4677 	-8.1 
 65.45 	 6.54 	 123.2 	 23.38 	 32 	 17.838 	 132.4 	 300 	 210 	 195 	 4680 	-8.4 
 65.65 	 6.56 	 123.2 	 22.76 	 31 	 17.824 	 133.6 	 300 	 210 	 194 	 4676 	-7.9 
 65.85 	 6.58 	 123.1 	 21.94 	 30 	 17.801 	 133.5 	 300 	 209 	 194 	 4678 	-8.3 
 66.05 	 6.6 	 123.2 	 20.87 	 29 	 17.759 	 132.8 	 301 	 209 	 194 	 4676 	-8.3 
 66.26 	 6.62 	 123 	 20.36 	 28 	 17.758 	 133.3 	 300 	 209 	 194 	 4677 	-8.3 
 66.46 	 6.64 	 123.1 	 19.98 	 27 	 17.731 	 133.6 	 300 	 209 	 194 	 4678 	-8.3 
 66.66 	 6.66 	 123.1 	 19.5 	 27 	 17.72 	 132.6 	 300 	 210 	 195 	 4678 	-8 
 66.86 	 6.68 	 123.1 	 18.81 	 26 	 17.687 	 133.5 	 300 	 209 	 193 	 4677 	-8.4 
 67.06 	 6.7 	 123.1 	 18.4 	 26 	 17.676 	 133.5 	 300 	 210 	 194 	 4679 	-8.5 
 67.27 	 6.72 	 123.1 	 18.17 	 25 	 17.661 	 132.3 	 301 	 209 	 194 	 4678 	-8.1 
 67.47 	 6.74 	 123.1 	 17.75 	 25 	 17.639 	 133.7 	 300 	 209 	 194 	 4676 	-7.9 
 67.67 	 6.76 	 123 	 17.62 	 24 	 17.627 	 133.2 	 301 	 209 	 194 	 4678 	-8.6 
 67.87 	 6.78 	 123 	 17.37 	 25 	 17.612 	 132.5 	 301 	 209 	 194 	 4678 	-8.5 
 68.07 	 6.8 	 123.1 	 17.38 	 23 	 17.603 	 134 	 300 	 209 	 194 	 4680 	-8.6 
 68.28 	 6.82 	 123 	 17.29 	 25 	 17.604 	 133.2 	 301 	 210 	 195 	 4680 	-8.3 
 68.48 	 6.84 	 123.1 	 17.14 	 24 	 17.601 	 132.5 	 300 	 209 	 194 	 4680 	-8.4 
 68.68 	 6.86 	 123 	 17.08 	 24 	 17.598 	 133.5 	 301 	 209 	 195 	 4679 	-8.6 
 68.88 	 6.88 	 122.9 	 17.06 	 23 	 17.602 	 133.1 	 301 	 210 	 195 	 4678 	-8.8 
 69.08 	 6.9 	 122.9 	 17.18 	 24 	 17.589 	 132.7 	 301 	 209 	 194 	 4677 	-7.9 
 69.29 	 6.92 	 123 	 17.33 	 24 	 17.607 	 133.7 	 301 	 210 	 195 	 4678 	-8.1 
 69.49 	 6.95 	 123.1 	 17.27 	 25 	 17.607 	 132.9 	 301 	 210 	 194 	 4680 	-8.5 
 69.69 	 6.97 	 123.1 	 17.93 	 25 	 17.609 	 132.3 	 300 	 209 	 193 	 4678 	-8.5 
 69.89 	 6.99 	 123 	 18.15 	 26 	 17.618 	 133.4 	 300 	 210 	 195 	 4678 	-8 
 70.09 	 7.01 	 122.9 	 18.47 	 27 	 17.623 	 133.7 	 301 	 209 	 194 	 4678 	-8.3 
 70.3 	 7.03 	 123.1 	 19.64 	 28 	 17.666 	 132.3 	 300 	 210 	 194 	 4677 	-8.3 
 70.5 	 7.05 	 122.9 	 20.32 	 30 	 17.672 	 133.3 	 300 	 210 	 195 	 4678 	-8.3 
 70.7 	 7.07 	 123 	 20.81 	 31 	 17.697 	 133.4 	 300 	 209 	 195 	 4678 	-8.4 
 70.9 	 7.09 	 123.1 	 22.06 	 32 	 17.734 	 132.3 	 301 	 210 	 194 	 4677 	-8.5 
 71.1 	 7.11 	 123.2 	 22.59 	 33 	 17.755 	 133.2 	 300 	 210 	 194 	 4677 	-8 
 71.31 	 7.13 	 123.1 	 23.15 	 34 	 17.766 	 133.2 	 301 	 210 	 195 	 4678 	-8.6 
 71.51 	 7.15 	 123 	 24.01 	 35 	 17.804 	 132.7 	 300 	 211 	 194 	 4679 	-7.6 
 71.71 	 7.17 	 123.1 	 24.57 	 36 	 17.826 	 133.2 	 301 	 210 	 194 	 4677 	-8.3 
 71.91 	 7.19 	 123.2 	 24.98 	 36 	 17.838 	 133.3 	 300 	 210 	 194 	 4680 	-8.5 
 72.11 	 7.21 	 123.2 	 25.43 	 37 	 17.84 	 132.5 	 300 	 210 	 195 	 4680 	-8.4 
 72.32 	 7.23 	 123.2 	 25.94 	 37 	 17.858 	 133.2 	 301 	 210 	 194 	 4679 	-8.5 
 72.52 	 7.25 	 123.2 	 26.11 	 37 	 17.883 	 133 	 301 	 210 	 194 	 4678 	-8.3 
 72.72 	 7.27 	 123.2 	 26.27 	 38 	 17.873 	 132.6 	 301 	 209 	 195 	 4679 	-8.3 
 72.92 	 7.29 	 123.2 	 26.37 	 38 	 17.894 	 132.9 	 301 	 209 	 195 	 4676 	-8.3 
 73.12 	 7.31 	 123.2 	 26.45 	 38 	 17.887 	 133.4 	 300 	 210 	 194 	 4677 	-8 
 73.33 	 7.33 	 123.2 	 26.52 	 37 	 17.895 	 132.1 	 301 	 209 	 194 	 4677 	-8.1 
 73.53 	 7.35 	 123.1 	 26.51 	 37 	 17.907 	 132.5 	 300 	 209 	 195 	 4679 	-8.8 
 73.73 	 7.37 	 123.1 	 26.22 	 37 	 17.905 	 133.5 	 300 	 210 	 195 	 4678 	-8.3 
 73.93 	 7.39 	 123.3 	 26.36 	 37 	 17.921 	 133 	 300 	 209 	 195 	 4681 	-8.8 
 74.13 	 7.41 	 123.2 	 26.21 	 37 	 17.928 	 132.8 	 300 	 210 	 195 	 4679 	-8.5 
 74.34 	 7.43 	 123.4 	 26.1 	 36 	 17.924 	 133.6 	 300 	 210 	 194 	 4680 	-8.6 
 74.54 	 7.45 	 123.3 	 26.1 	 36 	 17.923 	 133 	 301 	 210 	 194 	 4680 	-8.4 
 74.74 	 7.47 	 123.2 	 25.89 	 36 	 17.924 	 132.7 	 301 	 209 	 195 	 4677 	-8.5 
 74.94 	 7.49 	 123.2 	 25.53 	 36 	 17.916 	 133.7 	 300 	 210 	 194 	 4681 	-8.4 
 75.14 	 7.51 	 123.1 	 24.53 	 34 	 17.909 	 132.6 	 300 	 210 	 194 	 4677 	-8.3 
 75.35 	 7.53 	 123.3 	 23.99 	 34 	 17.899 	 132.7 	 301 	 210 	 194 	 4679 	-8.5 
 75.55 	 7.55 	 123.3 	 23.41 	 32 	 17.896 	 133.3 	 300 	 210 	 195 	 4681 	-8.6 
 75.75 	 7.57 	 123.2 	 22.23 	 31 	 17.865 	 132.7 	 300 	 210 	 194 	 4679 	-8.5 
 75.95 	 7.59 	 123.1 	 21.55 	 30 	 17.854 	 132.9 	 300 	 210 	 195 	 4677 	-8 
 76.15 	 7.61 	 123.2 	 20.92 	 29 	 17.843 	 133.1 	 300 	 209 	 194 	 4678 	-8.1 
 76.36 	 7.63 	 123.2 	 20.08 	 28 	 17.813 	 132.7 	 300 	 210 	 194 	 4679 	-8.8 
 76.56 	 7.65 	 123 	 19.54 	 27 	 17.768 	 133 	 300 	 209 	 194 	 4679 	-7.8 
 76.76 	 7.67 	 123.1 	 19.25 	 26 	 17.76 	 133.6 	 300 	 210 	 194 	 4679 	-8.5 
 76.96 	 7.69 	 123.1 	 18.73 	 26 	 17.735 	 132.4 	 300 	 210 	 194 	 4680 	-8.1 
 77.16 	 7.71 	 123 	 18.02 	 25 	 17.726 	 133.4 	 300 	 210 	 194 	 4678 	-8.1 
 77.37 	 7.73 	 123.1 	 17.79 	 25 	 17.721 	 133.2 	 300 	 210 	 194 	 4677 	-8 
 77.57 	 7.75 	 123 	 17.6 	 24 	 17.705 	 132.3 	 300 	 210 	 194 	 4678 	-8.6 
 77.77 	 7.77 	 123.1 	 17.41 	 24 	 17.688 	 133.2 	 301 	 210 	 194 	 4677 	-8.4 
 77.97 	 7.79 	 123 	 17.38 	 24 	 17.675 	 133.7 	 300 	 209 	 194 	 4677 	-8.6 
 78.17 	 7.81 	 123 	 17.14 	 24 	 17.673 	 132.3 	 301 	 210 	 195 	 4682 	-8.8 
 78.38 	 7.83 	 123 	 17.21 	 24 	 17.668 	 133.4 	 300 	 210 	 195 	 4680 	-8 
 78.58 	 7.85 	 123 	 17.14 	 24 	 17.661 	 133.4 	 301 	 210 	 194 	 4679 	-8.5 
 78.78 	 7.87 	 123.1 	 17.21 	 25 	 17.664 	 132.3 	 300 	 210 	 194 	 4678 	-8.3 
 78.98 	 7.89 	 123 	 17.2 	 24 	 17.67 	 133.5 	 300 	 210 	 194 	 4680 	-8.4 
 79.18 	 7.91 	 123.1 	 17.25 	 24 	 17.662 	 132.8 	 301 	 209 	 194 	 4677 	-8.4 
 79.39 	 7.94 	 123 	 17.3 	 24 	 17.658 	 132.3 	 300 	 210 	 194 	 4676 	-8 
 79.59 	 7.96 	 123 	 17.31 	 25 	 17.654 	 133.8 	 301 	 210 	 194 	 4679 	-8 
 79.79 	 7.98 	 123 	 18.11 	 25 	 17.666 	 133 	 300 	 210 	 194 	 4675 	-8.5 
 79.99 	 8 	 123 	 18.61 	 27 	 17.679 	 132.8 	 301 	 210 	 194 	 4679 	-8.6 
 80.19 	 8.02 	 123 	 19.18 	 28 	 17.708 	 133.8 	 300 	 210 	 194 	 4678 	-8.8 
 80.4 	 8.04 	 123.1 	 19.66 	 29 	 17.736 	 133 	 300 	 211 	 195 	 4677 	-8.3 
 80.6 	 8.06 	 122.9 	 20.95 	 30 	 17.736 	 132.8 	 300 	 210 	 194 	 4681 	-8.9 
 80.8 	 8.08 	 123.2 	 21.45 	 31 	 17.772 	 133.4 	 300 	 210 	 195 	 4679 	-8.4 
 81 	 8.1 	 123.1 	 22.1 	 32 	 17.779 	 132.6 	 300 	 210 	 195 	 4681 	-8.6 
 81.2 	 8.12 	 123 	 23.19 	 33 	 17.82 	 132.5 	 300 	 210 	 195 	 4680 	-8.3 
 81.41 	 8.14 	 123.2 	 23.75 	 34 	 17.833 	 133.5 	 301 	 210 	 194 	 4679 	-8.3 
 81.61 	 8.16 	 123.1 	 24.22 	 35 	 17.854 	 132.6 	 300 	 210 	 194 	 4681 	-8.9 
 81.81 	 8.18 	 123.1 	 24.72 	 36 	 17.886 	 132.6 	 300 	 211 	 195 	 4678 	-8.9 
 82.01 	 8.2 	 123.3 	 25.34 	 36 	 17.901 	 133.5 	 301 	 210 	 194 	 4678 	-7.9 
 82.21 	 8.22 	 123.2 	 25.65 	 36 	 17.915 	 133 	 300 	 210 	 195 	 4678 	-7.9 
 82.42 	 8.24 	 123.2 	 25.88 	 36 	 17.926 	 132.6 	 301 	 210 	 195 	 4677 	-8.3 
 82.62 	 8.26 	 123.3 	 26.08 	 37 	 17.95 	 133.5 	 300 	 211 	 194 	 4677 	-8.1 
 82.82 	 8.28 	 123.2 	 26.35 	 37 	 17.944 	 133.1 	 300 	 210 	 195 	 4680 	-8.5 
 83.02 	 8.3 	 123.2 	 26.41 	 37 	 17.959 	 133 	 301 	 210 	 194 	 4680 	-8.6 
 83.22 	 8.32 	 123.2 	 26.4 	 37 	 17.98 	 133.8 	 300 	 210 	 194 	 4678 	-8.5 
 83.43 	 8.34 	 123.2 	 26.47 	 37 	 17.968 	 132.6 	 301 	 210 	 194 	 4674 	-8.3 
 83.63 	 8.36 	 123.4 	 26.2 	 37 	 17.986 	 132.5 	 301 	 210 	 195 	 4679 	-8.3 
 83.83 	 8.38 	 123.3 	 26.37 	 37 	 17.981 	 133.6 	 301 	 209 	 195 	 4678 	-8.4 
 84.03 	 8.4 	 123.3 	 26.07 	 37 	 17.993 	 132.5 	 300 	 210 	 195 	 4680 	-8.4 
 84.23 	 8.42 	 123.3 	 26.1 	 37 	 17.985 	 132.8 	 301 	 210 	 195 	 4679 	-8.4 
 84.44 	 8.44 	 123.3 	 26.18 	 37 	 17.984 	 133.6 	 301 	 209 	 194 	 4678 	-8.8 
 84.64 	 8.46 	 123.3 	 26 	 37 	 17.998 	 132.5 	 301 	 210 	 195 	 4679 	-8.8 
 84.84 	 8.48 	 123.3 	 25.68 	 36 	 17.978 	 132.8 	 301 	 209 	 194 	 4682 	-8.8 
 85.04 	 8.5 	 123.2 	 25.1 	 34 	 17.979 	 134.1 	 300 	 209 	 195 	 4678 	-8.8 
 85.24 	 8.52 	 123.3 	 24.43 	 33 	 17.974 	 132.2 	 301 	 210 	 194 	 4678 	-8.4 
 85.45 	 8.54 	 123.2 	 23.41 	 33 	 17.934 	 132.8 	 301 	 209 	 194 	 4677 	-8.1 
 85.65 	 8.56 	 123.2 	 22.73 	 32 	 17.944 	 133.2 	 300 	 210 	 194 	 4679 	-8.1 
 85.85 	 8.58 	 123.2 	 22.12 	 30 	 17.916 	 132.5 	 301 	 210 	 195 	 4680 	-8.6 
 86.05 	 8.6 	 123.1 	 20.91 	 29 	 17.883 	 133 	 301 	 209 	 194 	 4680 	-8.5 
 86.25 	 8.62 	 123 	 20.39 	 27 	 17.86 	 133.5 	 300 	 210 	 194 	 4678 	-8.4 
 86.46 	 8.64 	 123.2 	 19.91 	 27 	 17.859 	 132.3 	 301 	 210 	 195 	 4678 	-8.3 
 86.66 	 8.66 	 123.2 	 19.54 	 27 	 17.836 	 132.8 	 301 	 209 	 195 	 4678 	-8.3 
 86.86 	 8.68 	 123.1 	 18.86 	 27 	 17.799 	 133.3 	 300 	 210 	 194 	 4677 	-7.8 
 87.06 	 8.7 	 123.2 	 18.54 	 26 	 17.787 	 132.3 	 301 	 210 	 194 	 4680 	-8.5 
 87.26 	 8.72 	 123 	 18.04 	 25 	 17.765 	 133.1 	 300 	 210 	 195 	 4681 	-8.5 
 87.47 	 8.74 	 123.2 	 17.76 	 25 	 17.764 	 133.4 	 301 	 209 	 195 	 4680 	-8 
 87.67 	 8.76 	 122.9 	 17.6 	 25 	 17.751 	 132.9 	 300 	 210 	 194 	 4678 	-8.1 
 87.87 	 8.78 	 123.1 	 17.34 	 24 	 17.727 	 133 	 301 	 209 	 194 	 4678 	-8.5 
 88.07 	 8.8 	 123.1 	 17.25 	 24 	 17.721 	 133.3 	 300 	 210 	 194 	 4677 	-8.3 
 88.27 	 8.82 	 123.1 	 17.07 	 24 	 17.726 	 132.3 	 300 	 210 	 194 	 4677 	-8.6 
 88.48 	 8.84 	 123.1 	 17.08 	 24 	 17.723 	 132.9 	 300 	 210 	 194 	 4681 	-8.5 
 88.68 	 8.86 	 123.1 	 17.05 	 24 	 17.714 	 133.6 	 300 	 210 	 195 	 4677 	-7.9 
 88.88 	 8.88 	 123.1 	 17.14 	 24 	 17.721 	 132.4 	 300 	 210 	 195 	 4678 	-8.6 
 89.08 	 8.9 	 123 	 17.18 	 24 	 17.716 	 133.1 	 301 	 210 	 194 	 4676 	-8.3 
 89.28 	 8.93 	 123 	 17.25 	 24 	 17.723 	 133.1 	 300 	 210 	 194 	 4680 	-8.8 
 89.49 	 8.95 	 123.2 	 17.29 	 25 	 17.711 	 132.4 	 301 	 210 	 194 	 4678 	-8.8 
 89.69 	 8.97 	 123 	 17.65 	 25 	 17.712 	 132.8 	 301 	 210 	 195 	 4681 	-8.6 
 89.89 	 8.99 	 123.1 	 18.2 	 26 	 17.727 	 133.5 	 300 	 210 	 195 	 4679 	-8.3 
 90.09 	 9.01 	 123.1 	 18.59 	 27 	 17.729 	 132.5 	 301 	 210 	 195 	 4678 	-8.1 
 90.29 	 9.03 	 123.2 	 19.83 	 28 	 17.759 	 133 	 300 	 210 	 195 	 4678 	-8 
 90.5 	 9.05 	 123 	 20.41 	 30 	 17.781 	 133.6 	 300 	 211 	 194 	 4680 	-8.8 
 90.7 	 9.07 	 123 	 20.92 	 31 	 17.807 	 132.7 	 301 	 210 	 195 	 4678 	-8.6 
 90.9 	 9.09 	 123.2 	 21.96 	 32 	 17.847 	 133.2 	 301 	 210 	 195 	 4678 	-8.5 
 91.1 	 9.11 	 123.2 	 22.53 	 33 	 17.873 	 133.7 	 300 	 210 	 195 	 4678 	-8.6 
 91.3 	 9.13 	 123.2 	 23.12 	 33 	 17.882 	 132.9 	 301 	 210 	 195 	 4680 	-8.9 
 91.51 	 9.15 	 123.3 	 24.14 	 35 	 17.922 	 133 	 300 	 211 	 195 	 4682 	-8.5 
 91.71 	 9.17 	 123.3 	 24.58 	 36 	 17.934 	 133.4 	 300 	 211 	 195 	 4680 	-8.6 
 91.91 	 9.19 	 123.2 	 25 	 36 	 17.948 	 132.5 	 300 	 210 	 195 	 4679 	-8.4 
 92.11 	 9.21 	 123.2 	 25.24 	 37 	 17.956 	 133.3 	 300 	 210 	 195 	 4679 	-8.1 
 92.31 	 9.23 	 123.3 	 25.87 	 36 	 17.984 	 133.5 	 301 	 210 	 195 	 4681 	-8.5 
 92.52 	 9.25 	 123.3 	 26.17 	 37 	 17.998 	 132 	 300 	 210 	 195 	 4678 	-8.5 
 92.72 	 9.27 	 123.4 	 26.23 	 37 	 18.009 	 132.9 	 300 	 210 	 195 	 4679 	-8.6 
 92.92 	 9.29 	 123.3 	 26.32 	 37 	 18.032 	 133.8 	 301 	 210 	 195 	 4680 	-8.6 
 93.12 	 9.31 	 123.3 	 26.46 	 37 	 18.021 	 133 	 301 	 210 	 195 	 4680 	-8.3 
 93.32 	 9.33 	 123.2 	 26.29 	 37 	 18.044 	 132.7 	 300 	 209 	 194 	 4678 	-8.4 
 93.53 	 9.35 	 123.2 	 26.48 	 38 	 18.024 	 133.8 	 301 	 210 	 194 	 4678 	-8.4 
 93.73 	 9.37 	 123.4 	 26.38 	 38 	 18.029 	 132.7 	 301 	 210 	 195 	 4682 	-8.8 
 93.93 	 9.39 	 123.2 	 26.27 	 37 	 18.032 	 133 	 301 	 210 	 195 	 4679 	-8.4 
 94.13 	 9.41 	 123.3 	 26.11 	 37 	 18.045 	 133.5 	 301 	 210 	 195 	 4679 	-8.3 
 94.33 	 9.43 	 123.3 	 26.17 	 37 	 18.047 	 132.8 	 301 	 209 	 195 	 4679 	-8.5 
 94.54 	 9.45 	 123.3 	 26.12 	 37 	 18.029 	 132.5 	 300 	 210 	 194 	 4677 	-8.4 
 94.74 	 9.47 	 123.3 	 26.1 	 36 	 18.036 	 133.1 	 300 	 210 	 195 	 4679 	-8.8 
 94.94 	 9.49 	 123.4 	 25.19 	 35 	 18.027 	 132.5 	 300 	 210 	 195 	 4680 	-8.5 
 95.14 	 9.51 	 123.2 	 24.54 	 34 	 18.034 	 132.8 	 301 	 210 	 195 	 4679 	-9 
 95.34 	 9.53 	 123.4 	 23.86 	 33 	 18.014 	 133.6 	 301 	 210 	 195 	 4678 	-8.3 
 95.55 	 9.55 	 123.4 	 23.48 	 32 	 17.983 	 132.9 	 301 	 209 	 194 	 4681 	-8 
 95.75 	 9.57 	 123.2 	 22.18 	 31 	 17.971 	 133 	 300 	 210 	 194 	 4676 	-8.1 
 95.95 	 9.59 	 123.4 	 21.49 	 30 	 17.958 	 133.4 	 300 	 209 	 195 	 4680 	-8.6 
 96.15 	 9.61 	 123.3 	 21.07 	 29 	 17.927 	 132.6 	 301 	 210 	 194 	 4680 	-8.6 
 96.35 	 9.63 	 123.3 	 19.95 	 28 	 17.911 	 133 	 300 	 210 	 194 	 4678 	-8.5 
 96.56 	 9.65 	 123.3 	 19.61 	 27 	 17.905 	 134.1 	 300 	 210 	 195 	 4680 	-8.9 
 96.76 	 9.67 	 123.1 	 19.17 	 27 	 17.881 	 132.3 	 300 	 209 	 194 	 4678 	-8.1 
 96.96 	 9.69 	 123.1 	 18.82 	 26 	 17.866 	 133.1 	 301 	 210 	 194 	 4677 	-8.4 
 97.16 	 9.71 	 123.1 	 18.04 	 25 	 17.85 	 133.7 	 300 	 209 	 194 	 4680 	-8.3 
 97.36 	 9.73 	 123.3 	 17.87 	 25 	 17.823 	 132.7 	 300 	 210 	 194 	 4678 	-8.5 
 97.57 	 9.75 	 123.1 	 17.67 	 24 	 17.824 	 132.8 	 300 	 210 	 194 	 4677 	-8.6 
 97.77 	 9.77 	 123.1 	 17.36 	 24 	 17.793 	 133.8 	 300 	 210 	 194 	 4680 	-8.5 
 97.97 	 9.79 	 123.2 	 17.26 	 24 	 17.789 	 132.5 	 300 	 210 	 194 	 4678 	-8.4 
 98.17 	 9.81 	 123.1 	 17.32 	 24 	 17.79 	 132.8 	 300 	 210 	 194 	 4681 	-8.8 
 98.37 	 9.83 	 123.1 	 17.01 	 24 	 17.782 	 133.4 	 301 	 210 	 194 	 4679 	-8.6 
 98.58 	 9.85 	 123.1 	 17.08 	 24 	 17.774 	 132.3 	 300 	 210 	 195 	 4677 	-8.3 
 98.78 	 9.87 	 123.2 	 17.06 	 25 	 17.77 	 132.9 	 301 	 209 	 195 	 4681 	-8.4 
 98.98 	 9.89 	 123.1 	 17.16 	 24 	 17.782 	 133.4 	 300 	 210 	 195 	 4679 	-8.3 
 99.18 	 9.92 	 123.1 	 17.08 	 24 	 17.788 	 132.8 	 300 	 210 	 194 	 4680 	-8.4 
 99.38 	 9.94 	 123.2 	 17.17 	 25 	 17.783 	 132.7 	 301 	 210 	 194 	 4677 	-8.1 
 99.59 	 9.96 	 123.2 	 17.34 	 25 	 17.778 	 133.3 	 300 	 210 	 194 	 4680 	-8.3 
 99.79 	 9.98 	 123.1 	 18.27 	 26 	 17.795 	 132.6 	 300 	 210 	 195 	 4679 	-8 
 99.99 	 10 	 123.1 	 18.68 	 27 	 17.8 	 133 	 300 	 210 	 194 	 4678 	-8.3 
3 
