

时间(S),振次,轴位移(mm),力(kN),应力(kPa),变形(mm),侧位移(mm),围压(kPa),孔压(kPa),反压(kPa),体变(ml),小体变(ml)
0.00,0.00, 120.5 , 21.39 , 303 , 15.109 , 132.4 , 300 , 203 , 187 , 4679 ,-8.5 
 .2 , .02 , 120.4 , 21.51 , 30 , 15.116 , 132.1 , 300 , 203 , 187 , 4676 ,-8.6 
 .4 , .04 , 120.6 , 21.43 , 30 , 15.088 , 133 , 300 , 202 , 187 , 4678 ,-8.8 
 .61 , .06 , 120.6 , 21.48 , 31 , 15.1 , 131.6 , 301 , 202 , 188 , 4678 ,-8.5 
 .81 , .08 , 120.6 , 21.54 , 30 , 15.103 , 132.8 , 300 , 202 , 188 , 4677 ,-8.1 
 1.01 , .1 , 120.6 , 21.58 , 31 , 15.104 , 132.7 , 300 , 202 , 187 , 4675 ,-8 
 1.21 , .12 , 120.7 , 21.54 , 31 , 15.112 , 132 , 300 , 203 , 187 , 4677 ,-7.8 
 1.41 , .14 , 120.6 , 21.78 , 30 , 15.122 , 132.8 , 300 , 203 , 187 , 4678 ,-8.5 
 1.62 , .16 , 120.7 , 21.91 , 31 , 15.12 , 131.8 , 300 , 203 , 188 , 4675 ,-8.1 
 1.82 , .18 , 120.6 , 21.9 , 32 , 15.13 , 132.3 , 300 , 202 , 188 , 4678 ,-8.5 
 2.02 , .2 , 120.7 , 22.09 , 32 , 15.127 , 132.4 , 300 , 203 , 188 , 4676 ,-8.1 
 2.22 , .22 , 120.6 , 22.26 , 32 , 15.132 , 131.7 , 300 , 203 , 187 , 4676 ,-8.5 
 2.42 , .24 , 120.7 , 22.52 , 32 , 15.129 , 132.8 , 299 , 203 , 188 , 4678 ,-8.3 
 2.63 , .26 , 120.7 , 22.6 , 32 , 15.151 , 132.2 , 300 , 202 , 188 , 4677 ,-8.4 
 2.83 , .28 , 120.7 , 22.71 , 32 , 15.15 , 132.5 , 300 , 203 , 187 , 4675 ,-8.4 
 3.03 , .3 , 120.7 , 22.86 , 33 , 15.166 , 132.5 , 300 , 203 , 187 , 4677 ,-8.5 
 3.23 , .32 , 120.7 , 22.97 , 33 , 15.146 , 131.6 , 301 , 202 , 189 , 4676 ,-8.3 
 3.43 , .34 , 120.7 , 22.89 , 33 , 15.169 , 133 , 300 , 203 , 187 , 4679 ,-8.4 
 3.64 , .36 , 120.8 , 23.13 , 33 , 15.173 , 131.9 , 300 , 203 , 187 , 4680 ,-8.6 
 3.84 , .38 , 120.7 , 23.01 , 33 , 15.175 , 131.8 , 301 , 203 , 188 , 4678 ,-8.5 
 4.04 , .4 , 120.6 , 23.21 , 32 , 15.182 , 132.6 , 300 , 202 , 188 , 4676 ,-8.5 
 4.24 , .42 , 120.7 , 23.06 , 32 , 15.179 , 131.9 , 300 , 203 , 188 , 4678 ,-8.6 
 4.44 , .44 , 120.7 , 23.14 , 33 , 15.192 , 132.7 , 300 , 203 , 188 , 4679 ,-8.3 
 4.65 , .46 , 120.8 , 22.94 , 33 , 15.196 , 132.4 , 300 , 203 , 188 , 4678 ,-8.4 
 4.85 , .48 , 120.7 , 22.91 , 33 , 15.198 , 132.2 , 300 , 203 , 188 , 4680 ,-8 
 5.05 , .5 , 120.7 , 22.86 , 32 , 15.191 , 133.1 , 300 , 203 , 188 , 4679 ,-8.6 
 5.25 , .52 , 120.8 , 22.87 , 32 , 15.193 , 131.7 , 300 , 203 , 188 , 4679 ,-8.5 
 5.45 , .54 , 120.7 , 22.94 , 32 , 15.182 , 132.9 , 300 , 203 , 188 , 4677 ,-8.3 
 5.66 , .56 , 120.7 , 22.79 , 32 , 15.188 , 132.3 , 300 , 203 , 188 , 4677 ,-8.5 
 5.86 , .58 , 120.6 , 22.86 , 32 , 15.183 , 132.2 , 300 , 203 , 188 , 4677 ,-8.5 
 6.06 , .6 , 120.7 , 22.73 , 31 , 15.198 , 132.8 , 300 , 203 , 187 , 4678 ,-8.5 
 6.26 , .62 , 120.8 , 22.55 , 32 , 15.197 , 131.8 , 300 , 203 , 188 , 4679 ,-8.5 
 6.46 , .64 , 120.8 , 22.7 , 32 , 15.185 , 132.8 , 300 , 203 , 188 , 4678 ,-9 
 6.67 , .66 , 120.7 , 22.51 , 32 , 15.197 , 132.2 , 300 , 202 , 188 , 4676 ,-7.9 
 6.87 , .68 , 120.7 , 22.12 , 31 , 15.196 , 132.2 , 301 , 203 , 188 , 4679 ,-8.6 
 7.07 , .7 , 120.7 , 21.78 , 30 , 15.191 , 133.2 , 301 , 202 , 188 , 4678 ,-8.4 
 7.27 , .72 , 120.7 , 21.6 , 30 , 15.198 , 131.7 , 300 , 203 , 187 , 4679 ,-8.1 
 7.47 , .74 , 120.7 , 21.46 , 30 , 15.186 , 132.6 , 300 , 202 , 188 , 4680 ,-8.4 
 7.68 , .76 , 120.8 , 21.22 , 30 , 15.177 , 132.3 , 300 , 203 , 187 , 4677 ,-8.6 
 7.88 , .78 , 120.7 , 21.1 , 30 , 15.173 , 132.4 , 301 , 203 , 188 , 4678 ,-8.5 
 8.08 , .8 , 120.7 , 20.99 , 29 , 15.162 , 132.9 , 301 , 203 , 187 , 4677 ,-8.5 
 8.28 , .82 , 120.8 , 20.65 , 29 , 15.175 , 132.4 , 301 , 202 , 189 , 4680 ,-8.1 
 8.48 , .84 , 120.7 , 20.66 , 29 , 15.163 , 132.6 , 300 , 202 , 188 , 4677 ,-8.4 
 8.69 , .86 , 120.6 , 20.58 , 29 , 15.159 , 132.4 , 301 , 202 , 188 , 4679 ,-8.3 
 8.89 , .88 , 120.6 , 20.46 , 29 , 15.168 , 132.1 , 299 , 203 , 188 , 4677 ,-8.6 
 9.09 , .9 , 120.7 , 20.52 , 29 , 15.174 , 133.1 , 301 , 203 , 188 , 4677 ,-8.3 
 9.29 , .92 , 120.6 , 20.55 , 30 , 15.161 , 131.8 , 300 , 203 , 188 , 4677 ,-8.4 
 9.49 , .94 , 120.7 , 20.54 , 29 , 15.16 , 132.7 , 300 , 203 , 188 , 4678 ,-8.8 
 9.7 , .96 , 120.6 , 20.46 , 29 , 15.166 , 132.5 , 301 , 202 , 188 , 4676 ,-8.5 
 9.9 , .99 , 120.7 , 20.58 , 29 , 15.164 , 132.4 , 301 , 203 , 187 , 4678 ,-8.5 
 10.1 , 1.01 , 120.7 , 20.58 , 29 , 15.158 , 132.9 , 301 , 202 , 188 , 4680 ,-8.5 
 10.3 , 1.03 , 120.7 , 20.48 , 29 , 15.157 , 132.4 , 301 , 203 , 188 , 4679 ,-8.3 
 10.5 , 1.05 , 120.6 , 20.61 , 29 , 15.158 , 132.6 , 300 , 203 , 188 , 4678 ,-8.1 
 10.71 , 1.07 , 120.8 , 20.74 , 30 , 15.147 , 132.8 , 300 , 202 , 188 , 4680 ,-8.4 
 10.91 , 1.09 , 120.7 , 20.81 , 30 , 15.16 , 131.9 , 300 , 203 , 188 , 4678 ,-8.4 
 11.11 , 1.11 , 120.8 , 21.34 , 31 , 15.164 , 133 , 301 , 203 , 188 , 4676 ,-8.4 
 11.31 , 1.13 , 120.6 , 21.63 , 30 , 15.171 , 132.1 , 300 , 203 , 188 , 4680 ,-8 
 11.51 , 1.15 , 120.7 , 21.74 , 31 , 15.168 , 132.7 , 301 , 203 , 188 , 4678 ,-8.5 
 11.72 , 1.17 , 120.7 , 21.89 , 31 , 15.183 , 132.9 , 300 , 203 , 188 , 4678 ,-8.3 
 11.92 , 1.19 , 120.7 , 22.11 , 31 , 15.177 , 132 , 300 , 203 , 188 , 4678 ,-8.1 
 12.12 , 1.21 , 120.8 , 22.24 , 32 , 15.175 , 133 , 300 , 203 , 188 , 4680 ,-8.5 
 12.32 , 1.23 , 120.7 , 22.47 , 32 , 15.183 , 132 , 300 , 204 , 188 , 4678 ,-8.4 
 12.52 , 1.25 , 120.8 , 22.72 , 33 , 15.186 , 132.2 , 301 , 203 , 188 , 4676 ,-8.3 
 12.73 , 1.27 , 120.7 , 22.77 , 32 , 15.202 , 132.8 , 301 , 203 , 188 , 4678 ,-8.5 
 12.93 , 1.29 , 120.6 , 22.97 , 33 , 15.19 , 131.8 , 300 , 203 , 188 , 4676 ,-8.1 
 13.13 , 1.31 , 120.7 , 22.88 , 33 , 15.208 , 132.8 , 300 , 203 , 188 , 4681 ,-8.6 
 13.33 , 1.33 , 120.7 , 22.98 , 33 , 15.21 , 132.2 , 300 , 203 , 188 , 4678 ,-8.1 
 13.53 , 1.35 , 120.7 , 23.01 , 33 , 15.213 , 132.3 , 300 , 203 , 188 , 4676 ,-8.4 
 13.74 , 1.37 , 120.6 , 23.11 , 33 , 15.211 , 132.7 , 300 , 202 , 189 , 4679 ,-8.6 
 13.94 , 1.39 , 120.8 , 23.03 , 32 , 15.216 , 132.2 , 301 , 203 , 188 , 4678 ,-7.6 
 14.14 , 1.41 , 120.6 , 22.85 , 33 , 15.208 , 133 , 300 , 204 , 188 , 4679 ,-8 
 14.34 , 1.43 , 120.8 , 23.02 , 33 , 15.215 , 132.3 , 301 , 203 , 188 , 4678 ,-8.6 
 14.54 , 1.45 , 120.8 , 22.97 , 33 , 15.214 , 131.9 , 301 , 203 , 188 , 4679 ,-8.5 
 14.75 , 1.47 , 120.7 , 22.91 , 33 , 15.217 , 133 , 300 , 204 , 188 , 4677 ,-8.4 
 14.95 , 1.49 , 120.8 , 22.96 , 33 , 15.222 , 131.7 , 300 , 203 , 188 , 4678 ,-8.6 
 15.15 , 1.51 , 120.8 , 23.07 , 32 , 15.221 , 132.8 , 300 , 204 , 188 , 4676 ,-8.8 
 15.35 , 1.53 , 120.8 , 23.01 , 32 , 15.223 , 132.6 , 301 , 203 , 188 , 4679 ,-8.8 
 15.55 , 1.55 , 120.7 , 22.77 , 32 , 15.212 , 131.9 , 300 , 203 , 188 , 4678 ,-8.4 
 15.76 , 1.57 , 120.7 , 22.9 , 32 , 15.223 , 133 , 301 , 203 , 189 , 4678 ,-8.6 
 15.96 , 1.59 , 120.7 , 22.71 , 32 , 15.228 , 132.2 , 301 , 204 , 188 , 4678 ,-8.6 
 16.16 , 1.61 , 120.7 , 22.62 , 32 , 15.22 , 132.9 , 301 , 203 , 188 , 4679 ,-8.4 
 16.36 , 1.63 , 120.7 , 22.49 , 32 , 15.22 , 132.5 , 301 , 204 , 188 , 4680 ,-8.9 
 16.56 , 1.65 , 120.7 , 22.18 , 30 , 15.224 , 131.9 , 301 , 203 , 189 , 4677 ,-8.5 
 16.77 , 1.67 , 120.6 , 21.77 , 31 , 15.223 , 133.1 , 301 , 203 , 188 , 4680 ,-8.5 
 16.97 , 1.69 , 120.6 , 21.5 , 31 , 15.218 , 131.8 , 301 , 203 , 189 , 4677 ,-8.1 
 17.17 , 1.71 , 120.7 , 21.54 , 30 , 15.213 , 133.1 , 301 , 203 , 188 , 4677 ,-8 
 17.37 , 1.73 , 120.7 , 21.2 , 30 , 15.218 , 133 , 300 , 204 , 188 , 4677 ,-8.6 
 17.57 , 1.75 , 120.7 , 21.08 , 30 , 15.216 , 132 , 301 , 203 , 188 , 4678 ,-8.3 
 17.78 , 1.77 , 120.6 , 20.98 , 30 , 15.2 , 133.1 , 301 , 203 , 188 , 4678 ,-8.5 
 17.98 , 1.79 , 120.7 , 20.91 , 29 , 15.202 , 132.1 , 301 , 203 , 188 , 4678 ,-8.6 
 18.18 , 1.81 , 120.7 , 20.66 , 29 , 15.199 , 132.6 , 300 , 203 , 188 , 4679 ,-8.4 
 18.38 , 1.83 , 120.7 , 20.68 , 29 , 15.198 , 132.5 , 300 , 203 , 189 , 4678 ,-7.9 
 18.58 , 1.85 , 120.7 , 20.64 , 29 , 15.198 , 132.2 , 301 , 203 , 188 , 4675 ,-8.1 
 18.79 , 1.87 , 120.7 , 20.7 , 28 , 15.184 , 133.2 , 300 , 203 , 188 , 4677 ,-7.9 
 18.99 , 1.89 , 120.7 , 20.67 , 29 , 15.194 , 132.2 , 301 , 203 , 188 , 4679 ,-8 
 19.19 , 1.91 , 120.7 , 20.44 , 29 , 15.194 , 132.8 , 300 , 203 , 188 , 4678 ,-8.1 
 19.39 , 1.93 , 120.7 , 20.62 , 29 , 15.178 , 132.8 , 300 , 203 , 188 , 4680 ,-8.4 
 19.59 , 1.95 , 120.6 , 20.46 , 29 , 15.189 , 131.9 , 300 , 203 , 188 , 4677 ,-8.8 
 19.8 , 1.97 , 120.8 , 20.48 , 30 , 15.194 , 133.1 , 301 , 203 , 189 , 4679 ,-8.6 
 20 , 2 , 120.6 , 20.57 , 29 , 15.186 , 132.7 , 301 , 203 , 188 , 4678 ,-8 
 20.2 , 2.02 , 120.6 , 20.41 , 30 , 15.199 , 132.7 , 301 , 203 , 189 , 4681 ,-8.1 
 20.4 , 2.04 , 120.6 , 20.63 , 29 , 15.196 , 132.8 , 300 , 203 , 188 , 4678 ,-7.9 
 20.6 , 2.06 , 120.6 , 20.6 , 29 , 15.181 , 132 , 301 , 203 , 188 , 4677 ,-8.3 
 20.81 , 2.08 , 120.8 , 20.81 , 30 , 15.195 , 133.1 , 301 , 203 , 188 , 4679 ,-8.8 
 21.01 , 2.1 , 120.7 , 21.07 , 30 , 15.19 , 132 , 300 , 203 , 188 , 4679 ,-8.9 
 21.21 , 2.12 , 120.7 , 21.22 , 31 , 15.193 , 132.5 , 302 , 203 , 188 , 4677 ,-8.4 
 21.41 , 2.14 , 120.7 , 21.4 , 31 , 15.196 , 133.3 , 301 , 203 , 188 , 4678 ,-8.4 
 21.61 , 2.16 , 120.6 , 21.63 , 31 , 15.202 , 131.9 , 301 , 203 , 188 , 4677 ,-8.6 
 21.82 , 2.18 , 120.7 , 21.85 , 31 , 15.201 , 133.1 , 301 , 203 , 188 , 4681 ,-8.6 
 22.02 , 2.2 , 120.7 , 22.08 , 31 , 15.21 , 132.2 , 301 , 203 , 188 , 4676 ,-8.1 
 22.22 , 2.22 , 120.6 , 22.26 , 31 , 15.204 , 132.1 , 301 , 203 , 188 , 4678 ,-8.3 
 22.42 , 2.24 , 120.7 , 22.4 , 32 , 15.202 , 132.9 , 301 , 203 , 188 , 4678 ,-8.6 
 22.62 , 2.26 , 120.7 , 22.58 , 32 , 15.211 , 132 , 301 , 203 , 189 , 4680 ,-8.8 
 22.83 , 2.28 , 120.7 , 22.72 , 32 , 15.226 , 133.1 , 301 , 203 , 189 , 4676 ,-8.6 
 23.03 , 2.3 , 120.7 , 22.79 , 32 , 15.248 , 132.8 , 301 , 204 , 188 , 4678 ,-8.3 
 23.23 , 2.32 , 120.7 , 22.98 , 33 , 15.233 , 132.1 , 301 , 203 , 189 , 4680 ,-8.3 
 23.43 , 2.34 , 120.6 , 22.95 , 33 , 15.239 , 133.1 , 301 , 203 , 189 , 4676 ,-8.4 
 23.63 , 2.36 , 120.7 , 22.86 , 33 , 15.243 , 131.9 , 300 , 204 , 188 , 4679 ,-8.6 
 23.84 , 2.38 , 120.6 , 23 , 32 , 15.237 , 133.1 , 301 , 203 , 189 , 4681 ,-8.6 
 24.04 , 2.4 , 120.7 , 23.1 , 32 , 15.239 , 132.6 , 301 , 204 , 189 , 4681 ,-8.6 
 24.24 , 2.42 , 120.6 , 22.79 , 33 , 15.245 , 132.5 , 301 , 203 , 189 , 4677 ,-8.1 
 24.44 , 2.44 , 120.7 , 23.02 , 32 , 15.234 , 133.1 , 301 , 204 , 189 , 4678 ,-8 
 24.64 , 2.46 , 120.7 , 22.96 , 33 , 15.243 , 131.8 , 300 , 204 , 189 , 4680 ,-8.6 
 24.85 , 2.48 , 120.7 , 23.03 , 33 , 15.243 , 132.8 , 301 , 203 , 188 , 4678 ,-8.4 
 25.05 , 2.5 , 120.8 , 22.86 , 32 , 15.246 , 132.9 , 301 , 204 , 189 , 4677 ,-8.5 
 25.25 , 2.52 , 120.6 , 22.98 , 33 , 15.242 , 132 , 301 , 204 , 188 , 4679 ,-8.6 
 25.45 , 2.54 , 120.8 , 22.93 , 33 , 15.239 , 133 , 301 , 203 , 189 , 4678 ,-8.4 
 25.65 , 2.56 , 120.7 , 22.87 , 32 , 15.25 , 131.9 , 300 , 204 , 188 , 4679 ,-8.6 
 25.86 , 2.58 , 120.8 , 22.83 , 33 , 15.244 , 132.9 , 301 , 203 , 188 , 4679 ,-8.4 
 26.06 , 2.6 , 120.7 , 22.77 , 32 , 15.242 , 132.8 , 300 , 204 , 188 , 4676 ,-8 
 26.26 , 2.62 , 120.8 , 22.57 , 31 , 15.247 , 132.2 , 300 , 203 , 189 , 4678 ,-8.4 
 26.46 , 2.64 , 120.7 , 22.19 , 31 , 15.245 , 133.1 , 301 , 203 , 189 , 4677 ,-8 
 26.66 , 2.66 , 120.8 , 21.98 , 31 , 15.241 , 132.1 , 300 , 204 , 188 , 4681 ,-8.5 
 26.87 , 2.68 , 120.7 , 21.43 , 30 , 15.237 , 133.1 , 300 , 203 , 188 , 4679 ,-8.8 
 27.07 , 2.7 , 120.8 , 21.48 , 30 , 15.228 , 132.9 , 301 , 203 , 189 , 4678 ,-8.6 
 27.27 , 2.72 , 120.8 , 21.23 , 30 , 15.246 , 132.3 , 301 , 203 , 189 , 4679 ,-8.4 
 27.47 , 2.74 , 120.7 , 21.31 , 30 , 15.221 , 133.2 , 301 , 203 , 189 , 4680 ,-8.8 
 27.67 , 2.76 , 120.7 , 21.02 , 30 , 15.225 , 132 , 301 , 203 , 188 , 4676 ,-8.3 
 27.88 , 2.78 , 120.8 , 20.86 , 30 , 15.216 , 132.6 , 301 , 203 , 188 , 4677 ,-8 
 28.08 , 2.8 , 120.7 , 20.81 , 29 , 15.216 , 132.6 , 301 , 204 , 188 , 4678 ,-8.3 
 28.28 , 2.82 , 120.7 , 20.73 , 29 , 15.215 , 131.9 , 300 , 203 , 188 , 4678 ,-8.3 
 28.48 , 2.84 , 120.7 , 20.64 , 29 , 15.22 , 133.2 , 300 , 203 , 189 , 4678 ,-8.1 
 28.68 , 2.86 , 120.6 , 20.51 , 29 , 15.217 , 132.2 , 301 , 204 , 188 , 4676 ,-8.6 
 28.89 , 2.88 , 120.8 , 20.59 , 28 , 15.213 , 132.8 , 300 , 203 , 188 , 4677 ,-8.5 
 29.09 , 2.9 , 120.7 , 20.5 , 29 , 15.207 , 132.8 , 300 , 203 , 188 , 4677 ,-8.6 
 29.29 , 2.92 , 120.8 , 20.49 , 29 , 15.209 , 132 , 300 , 203 , 188 , 4678 ,-8.8 
 29.49 , 2.94 , 120.7 , 20.55 , 29 , 15.211 , 133.1 , 301 , 203 , 189 , 4679 ,-8.4 
 29.69 , 2.96 , 120.8 , 20.41 , 28 , 15.212 , 132.3 , 300 , 203 , 188 , 4680 ,-8.3 
 29.9 , 2.99 , 120.8 , 20.66 , 30 , 15.222 , 132.5 , 301 , 203 , 189 , 4678 ,-8.5 
 30.1 , 3.01 , 120.8 , 20.48 , 29 , 15.216 , 133.4 , 300 , 203 , 189 , 4680 ,-8.3 
 30.3 , 3.03 , 120.7 , 20.41 , 29 , 15.204 , 131.8 , 301 , 203 , 188 , 4680 ,-8.6 
 30.5 , 3.05 , 120.8 , 20.61 , 29 , 15.215 , 132.9 , 300 , 203 , 188 , 4679 ,-8.5 
 30.7 , 3.07 , 120.7 , 20.6 , 29 , 15.218 , 132.7 , 300 , 203 , 188 , 4678 ,-8.5 
 30.91 , 3.09 , 120.7 , 20.85 , 30 , 15.204 , 132.3 , 301 , 203 , 188 , 4681 ,-8.5 
 31.11 , 3.11 , 120.8 , 21.3 , 30 , 15.222 , 133.3 , 300 , 204 , 188 , 4678 ,-8.5 
 31.31 , 3.13 , 120.7 , 21.5 , 31 , 15.218 , 132 , 300 , 203 , 189 , 4680 ,-8.6 
 31.51 , 3.15 , 120.7 , 21.67 , 31 , 15.208 , 133 , 300 , 202 , 189 , 4676 ,-8.3 
 31.71 , 3.17 , 120.8 , 21.96 , 31 , 15.23 , 132.5 , 301 , 203 , 188 , 4677 ,-8.3 
 31.92 , 3.19 , 120.7 , 22.11 , 31 , 15.219 , 132.2 , 301 , 204 , 189 , 4679 ,-8.1 
 32.12 , 3.21 , 120.7 , 22.16 , 32 , 15.234 , 133.3 , 300 , 203 , 188 , 4678 ,-8.6 
 32.32 , 3.23 , 120.7 , 22.43 , 32 , 15.231 , 131.9 , 301 , 204 , 189 , 4678 ,-8.1 
 32.52 , 3.25 , 120.8 , 22.55 , 32 , 15.255 , 132.8 , 301 , 203 , 188 , 4680 ,-8.4 
 32.72 , 3.27 , 120.8 , 22.68 , 32 , 15.253 , 132.5 , 301 , 203 , 189 , 4677 ,-8.3 
 32.93 , 3.29 , 120.8 , 22.72 , 32 , 15.248 , 132.2 , 301 , 204 , 188 , 4678 ,-8.8 
 33.13 , 3.31 , 120.8 , 22.8 , 32 , 15.267 , 133.1 , 301 , 204 , 188 , 4679 ,-8.9 
 33.33 , 3.33 , 120.8 , 23 , 33 , 15.257 , 131.9 , 301 , 204 , 188 , 4677 ,-8.3 
 33.53 , 3.35 , 120.8 , 23.06 , 32 , 15.246 , 132.7 , 301 , 203 , 189 , 4679 ,-8.5 
 33.73 , 3.37 , 120.9 , 22.84 , 33 , 15.256 , 132.8 , 301 , 203 , 189 , 4677 ,-7.6 
 33.94 , 3.39 , 120.7 , 23.08 , 32 , 15.261 , 132.1 , 300 , 204 , 189 , 4678 ,-8.4 
 34.14 , 3.41 , 120.8 , 23.02 , 33 , 15.267 , 133 , 300 , 204 , 189 , 4677 ,-8 
 34.34 , 3.43 , 120.9 , 22.94 , 33 , 15.258 , 132.3 , 301 , 203 , 188 , 4676 ,-8.3 
 34.54 , 3.45 , 120.8 , 23.02 , 33 , 15.271 , 132.5 , 300 , 204 , 189 , 4677 ,-8 
 34.74 , 3.47 , 120.8 , 22.95 , 33 , 15.272 , 132.9 , 301 , 203 , 189 , 4680 ,-8.5 
 34.95 , 3.49 , 120.8 , 23.07 , 33 , 15.263 , 131.9 , 300 , 203 , 189 , 4677 ,-8 
 35.15 , 3.51 , 120.8 , 22.95 , 32 , 15.28 , 132.6 , 301 , 203 , 189 , 4678 ,-8.3 
 35.35 , 3.53 , 120.7 , 22.78 , 32 , 15.276 , 132.3 , 300 , 203 , 188 , 4679 ,-8.8 
 35.55 , 3.55 , 120.8 , 22.81 , 32 , 15.262 , 132.8 , 300 , 203 , 189 , 4678 ,-8.1 
 35.75 , 3.57 , 120.8 , 22.81 , 32 , 15.268 , 133.2 , 301 , 203 , 189 , 4676 ,-8.8 
 35.96 , 3.59 , 120.8 , 22.63 , 33 , 15.265 , 131.9 , 301 , 204 , 188 , 4677 ,-7.9 
 36.16 , 3.61 , 120.8 , 22.63 , 32 , 15.269 , 133.2 , 301 , 203 , 188 , 4677 ,-8.8 
 36.36 , 3.63 , 120.8 , 22.48 , 31 , 15.272 , 132.5 , 301 , 203 , 189 , 4680 ,-8 
 36.56 , 3.65 , 120.8 , 22.13 , 31 , 15.258 , 132.2 , 301 , 204 , 189 , 4679 ,-8.5 
 36.76 , 3.67 , 120.8 , 21.91 , 31 , 15.252 , 133.1 , 300 , 204 , 188 , 4678 ,-8.6 
 36.97 , 3.69 , 120.8 , 21.68 , 30 , 15.257 , 132 , 300 , 203 , 188 , 4677 ,-8.5 
 37.17 , 3.71 , 120.9 , 21.5 , 30 , 15.262 , 132.4 , 301 , 203 , 189 , 4678 ,-8.6 
 37.37 , 3.73 , 120.8 , 21.25 , 30 , 15.258 , 132.7 , 301 , 203 , 188 , 4676 ,-8.5 
 37.57 , 3.75 , 120.8 , 21.11 , 30 , 15.263 , 132.3 , 300 , 204 , 189 , 4679 ,-8.4 
 37.77 , 3.77 , 120.8 , 21.05 , 30 , 15.253 , 133.1 , 300 , 203 , 188 , 4679 ,-8.3 
 37.98 , 3.79 , 120.8 , 20.93 , 30 , 15.255 , 132 , 301 , 203 , 189 , 4679 ,-8.4 
 38.18 , 3.81 , 120.9 , 20.8 , 30 , 15.248 , 133 , 301 , 203 , 188 , 4678 ,-8.5 
 38.38 , 3.83 , 120.7 , 20.69 , 29 , 15.234 , 132.3 , 300 , 203 , 189 , 4683 ,-9 
 38.58 , 3.85 , 120.7 , 20.74 , 29 , 15.229 , 132.2 , 301 , 204 , 189 , 4677 ,-8.6 
 38.78 , 3.87 , 120.8 , 20.64 , 29 , 15.226 , 133.1 , 300 , 204 , 189 , 4677 ,-8 
 38.99 , 3.89 , 120.8 , 20.69 , 29 , 15.232 , 132 , 300 , 204 , 188 , 4679 ,-8.5 
 39.19 , 3.91 , 120.8 , 20.65 , 29 , 15.223 , 132.3 , 300 , 203 , 188 , 4677 ,-8.4 
 39.39 , 3.93 , 120.7 , 20.54 , 29 , 15.229 , 132.7 , 300 , 204 , 188 , 4676 ,-8 
 39.59 , 3.95 , 120.7 , 20.53 , 29 , 15.24 , 132.1 , 301 , 203 , 188 , 4677 ,-8.3 
 39.79 , 3.98 , 120.7 , 20.62 , 29 , 15.234 , 133 , 301 , 204 , 189 , 4677 ,-8.8 
 40 , 4 , 120.9 , 20.6 , 28 , 15.236 , 131.9 , 300 , 204 , 188 , 4677 ,-8.4 
 40.2 , 4.02 , 120.7 , 20.59 , 30 , 15.238 , 132.8 , 301 , 203 , 189 , 4680 ,-8.3 
 40.4 , 4.04 , 120.7 , 20.47 , 29 , 15.233 , 133.1 , 301 , 203 , 189 , 4678 ,-8.4 
 40.6 , 4.06 , 120.8 , 20.6 , 29 , 15.234 , 132.2 , 300 , 203 , 188 , 4678 ,-8.5 
 40.8 , 4.08 , 120.8 , 20.83 , 30 , 15.234 , 133 , 301 , 203 , 189 , 4679 ,-8.5 
 41.01 , 4.1 , 120.8 , 20.91 , 30 , 15.239 , 132.1 , 300 , 204 , 189 , 4680 ,-8.5 
 41.21 , 4.12 , 120.8 , 21.22 , 31 , 15.227 , 132.8 , 301 , 203 , 188 , 4677 ,-8.8 
 41.41 , 4.14 , 120.8 , 21.66 , 31 , 15.239 , 132.7 , 300 , 203 , 189 , 4678 ,-8.4 
 41.61 , 4.16 , 120.6 , 21.74 , 30 , 15.242 , 131.9 , 300 , 204 , 188 , 4676 ,-8.5 
 41.81 , 4.18 , 120.8 , 21.86 , 31 , 15.249 , 133.1 , 300 , 204 , 189 , 4676 ,-8.3 
 42.02 , 4.2 , 120.7 , 21.9 , 32 , 15.257 , 132.2 , 300 , 204 , 189 , 4679 ,-8.8 
 42.22 , 4.22 , 120.8 , 22.29 , 32 , 15.261 , 132.9 , 300 , 204 , 188 , 4677 ,-8.1 
 42.42 , 4.24 , 120.8 , 22.41 , 32 , 15.256 , 132.6 , 301 , 203 , 189 , 4677 ,-8.5 
 42.62 , 4.26 , 120.8 , 22.55 , 32 , 15.268 , 131.9 , 301 , 204 , 189 , 4677 ,-8.3 
 42.82 , 4.28 , 120.7 , 22.63 , 32 , 15.258 , 133.1 , 301 , 204 , 189 , 4680 ,-8.4 
 43.03 , 4.3 , 120.7 , 22.83 , 33 , 15.27 , 132.4 , 301 , 203 , 189 , 4679 ,-8.6 
 43.23 , 4.32 , 120.8 , 22.98 , 34 , 15.26 , 132.6 , 301 , 204 , 189 , 4676 ,-7.5 
 43.43 , 4.34 , 120.8 , 23 , 32 , 15.272 , 133.1 , 300 , 203 , 189 , 4677 ,-8.5 
 43.63 , 4.36 , 120.7 , 22.84 , 32 , 15.288 , 131.9 , 300 , 204 , 189 , 4677 ,-8.8 
 43.83 , 4.38 , 120.7 , 22.94 , 32 , 15.283 , 133 , 301 , 203 , 189 , 4677 ,-8.1 
 44.04 , 4.4 , 120.8 , 23.12 , 32 , 15.274 , 132.8 , 301 , 203 , 189 , 4682 ,-8.5 
 44.24 , 4.42 , 120.8 , 23.05 , 33 , 15.285 , 132.2 , 300 , 203 , 189 , 4678 ,-8.5 
 44.44 , 4.44 , 120.8 , 22.98 , 33 , 15.295 , 132.9 , 300 , 204 , 189 , 4679 ,-8.8 
 44.64 , 4.46 , 120.7 , 22.94 , 33 , 15.286 , 131.9 , 300 , 203 , 189 , 4679 ,-8.5 
 44.84 , 4.48 , 120.8 , 23.03 , 33 , 15.281 , 133.2 , 301 , 204 , 188 , 4678 ,-8.1 
 45.05 , 4.5 , 120.8 , 23.03 , 32 , 15.275 , 132.5 , 301 , 204 , 189 , 4679 ,-8 
 45.25 , 4.52 , 120.8 , 22.94 , 33 , 15.285 , 132.4 , 301 , 204 , 189 , 4678 ,-8.4 
 45.45 , 4.54 , 120.8 , 22.87 , 31 , 15.28 , 133.2 , 301 , 204 , 189 , 4678 ,-8.6 
 45.65 , 4.56 , 120.8 , 22.93 , 32 , 15.275 , 132.1 , 300 , 204 , 189 , 4678 ,-8.4 
 45.85 , 4.58 , 120.8 , 22.79 , 32 , 15.298 , 132.7 , 301 , 203 , 188 , 4676 ,-8.4 
 46.06 , 4.6 , 120.8 , 22.72 , 32 , 15.27 , 132.8 , 300 , 204 , 189 , 4677 ,-8.5 
 46.26 , 4.62 , 120.8 , 22.51 , 32 , 15.287 , 132.5 , 301 , 203 , 189 , 4677 ,-8.5 
 46.46 , 4.64 , 120.7 , 22.08 , 31 , 15.289 , 133.2 , 301 , 204 , 188 , 4677 ,-8.6 
 46.66 , 4.66 , 120.8 , 22.1 , 31 , 15.286 , 131.8 , 301 , 204 , 188 , 4680 ,-8.5 
 46.86 , 4.68 , 120.8 , 21.51 , 30 , 15.277 , 132.6 , 301 , 204 , 189 , 4678 ,-8.1 
 47.07 , 4.7 , 120.8 , 21.58 , 30 , 15.272 , 132.7 , 301 , 204 , 189 , 4680 ,-8.8 
 47.27 , 4.72 , 120.8 , 21.4 , 30 , 15.266 , 132.1 , 301 , 204 , 188 , 4678 ,-8.4 
 47.47 , 4.74 , 120.7 , 21.28 , 30 , 15.268 , 132.9 , 301 , 204 , 189 , 4679 ,-7.9 
 47.67 , 4.76 , 120.8 , 20.97 , 29 , 15.288 , 132.1 , 300 , 203 , 189 , 4679 ,-8.1 
 47.87 , 4.78 , 120.7 , 21.03 , 29 , 15.256 , 132.7 , 300 , 203 , 189 , 4678 ,-8.4 
 48.08 , 4.8 , 120.7 , 20.83 , 29 , 15.268 , 132.9 , 300 , 204 , 188 , 4677 ,-8.6 
 48.28 , 4.82 , 120.7 , 20.65 , 29 , 15.261 , 131.9 , 301 , 203 , 189 , 4681 ,-8.8 
 48.48 , 4.84 , 120.8 , 20.61 , 29 , 15.258 , 133.1 , 300 , 204 , 188 , 4681 ,-8.5 
 48.68 , 4.86 , 120.7 , 20.58 , 29 , 15.258 , 132.2 , 300 , 204 , 188 , 4677 ,-8.5 
 48.88 , 4.88 , 120.8 , 20.57 , 29 , 15.258 , 132.5 , 301 , 204 , 189 , 4677 ,-8.3 
 49.09 , 4.9 , 120.7 , 20.57 , 29 , 15.249 , 132.7 , 300 , 203 , 189 , 4680 ,-8.1 
 49.29 , 4.92 , 120.8 , 20.48 , 29 , 15.246 , 132.2 , 300 , 204 , 188 , 4679 ,-8.5 
 49.49 , 4.94 , 120.7 , 20.53 , 29 , 15.255 , 133 , 300 , 205 , 188 , 4678 ,-8 
 49.69 , 4.97 , 120.8 , 20.47 , 29 , 15.265 , 132.5 , 301 , 204 , 188 , 4678 ,-8.5 
 49.89 , 4.99 , 120.8 , 20.61 , 29 , 15.257 , 132.6 , 300 , 204 , 188 , 4678 ,-8 
 50.1 , 5.01 , 120.8 , 20.61 , 29 , 15.253 , 132.9 , 301 , 203 , 189 , 4677 ,-8.3 
 50.3 , 5.03 , 120.7 , 20.61 , 29 , 15.263 , 131.9 , 301 , 203 , 189 , 4679 ,-8.3 
 50.5 , 5.05 , 120.8 , 20.53 , 29 , 15.262 , 133.2 , 301 , 203 , 189 , 4679 ,-8.5 
 50.7 , 5.07 , 120.7 , 20.81 , 29 , 15.234 , 132.6 , 301 , 204 , 188 , 4678 ,-7.9 
 50.9 , 5.09 , 120.8 , 20.87 , 29 , 15.254 , 132.3 , 301 , 204 , 189 , 4680 ,-8.5 
 51.11 , 5.11 , 120.6 , 21.21 , 31 , 15.252 , 133.6 , 300 , 204 , 189 , 4680 ,-8.5 
 51.31 , 5.13 , 120.7 , 21.37 , 31 , 15.26 , 132.2 , 301 , 203 , 189 , 4679 ,-8.5 
 51.51 , 5.15 , 120.8 , 21.62 , 30 , 15.27 , 132.9 , 300 , 203 , 189 , 4679 ,-8.5 
 51.71 , 5.17 , 120.7 , 21.88 , 30 , 15.269 , 132.5 , 301 , 204 , 188 , 4678 ,-8.3 
 51.91 , 5.19 , 120.7 , 22.02 , 31 , 15.273 , 132.2 , 300 , 203 , 189 , 4678 ,-8.4 
 52.12 , 5.21 , 120.8 , 22.13 , 32 , 15.269 , 133.2 , 301 , 204 , 189 , 4676 ,-8.5 
 52.32 , 5.23 , 120.7 , 22.36 , 32 , 15.275 , 132 , 301 , 203 , 189 , 4679 ,-8.9 
 52.52 , 5.25 , 120.8 , 22.41 , 32 , 15.289 , 133.1 , 301 , 203 , 189 , 4678 ,-8.5 
 52.72 , 5.27 , 120.7 , 22.62 , 32 , 15.284 , 133 , 301 , 204 , 189 , 4677 ,-8.5 
 52.92 , 5.29 , 120.8 , 22.8 , 32 , 15.281 , 132.3 , 301 , 204 , 188 , 4677 ,-8.1 
 53.13 , 5.31 , 120.9 , 22.99 , 33 , 15.302 , 133.2 , 301 , 203 , 189 , 4680 ,-8 
 53.33 , 5.33 , 120.8 , 22.87 , 33 , 15.299 , 132.3 , 300 , 204 , 189 , 4678 ,-8.1 
 53.53 , 5.35 , 120.8 , 22.9 , 33 , 15.307 , 132.6 , 300 , 204 , 188 , 4679 ,-8.5 
 53.73 , 5.37 , 120.8 , 23.05 , 32 , 15.297 , 133 , 301 , 203 , 190 , 4679 ,-8.4 
 53.93 , 5.39 , 120.8 , 23.06 , 33 , 15.293 , 132 , 300 , 204 , 189 , 4677 ,-8 
 54.14 , 5.41 , 120.8 , 23.03 , 33 , 15.288 , 133.3 , 301 , 204 , 189 , 4677 ,-8 
 54.34 , 5.43 , 120.8 , 23.04 , 33 , 15.294 , 132.6 , 301 , 204 , 189 , 4678 ,-8.5 
 54.54 , 5.45 , 120.8 , 23.01 , 32 , 15.312 , 132.4 , 301 , 204 , 189 , 4679 ,-8.5 
 54.74 , 5.47 , 120.8 , 22.9 , 32 , 15.303 , 132.7 , 301 , 204 , 189 , 4677 ,-8.1 
 54.94 , 5.49 , 120.8 , 22.87 , 32 , 15.309 , 132 , 301 , 204 , 190 , 4680 ,-8.5 
 55.15 , 5.51 , 120.8 , 22.71 , 33 , 15.308 , 133 , 300 , 204 , 189 , 4677 ,-8.4 
 55.35 , 5.53 , 120.7 , 22.86 , 32 , 15.311 , 132.2 , 301 , 204 , 189 , 4678 ,-8.5 
 55.55 , 5.55 , 120.8 , 22.82 , 32 , 15.307 , 132.7 , 300 , 204 , 189 , 4679 ,-8.4 
 55.75 , 5.57 , 120.7 , 22.83 , 33 , 15.306 , 132.8 , 300 , 204 , 189 , 4677 ,-8.9 
 55.95 , 5.59 , 120.9 , 22.57 , 32 , 15.309 , 131.9 , 300 , 204 , 189 , 4679 ,-8.1 
 56.16 , 5.61 , 120.8 , 22.65 , 32 , 15.295 , 133.4 , 301 , 204 , 189 , 4678 ,-7.9 
 56.36 , 5.63 , 120.7 , 22.34 , 31 , 15.311 , 132.4 , 300 , 204 , 189 , 4678 ,-8.1 
 56.56 , 5.65 , 120.8 , 22.07 , 31 , 15.301 , 132.4 , 301 , 203 , 189 , 4677 ,-8 
 56.76 , 5.67 , 120.8 , 21.74 , 30 , 15.292 , 133.4 , 300 , 204 , 189 , 4677 ,-8.1 
 56.96 , 5.69 , 120.9 , 21.64 , 30 , 15.31 , 131.7 , 301 , 203 , 189 , 4679 ,-8.5 
 57.17 , 5.71 , 120.8 , 21.53 , 30 , 15.286 , 132.6 , 301 , 204 , 189 , 4681 ,-8.5 
 57.37 , 5.73 , 120.7 , 21.18 , 30 , 15.27 , 132.5 , 300 , 204 , 189 , 4680 ,-8.8 
 57.57 , 5.75 , 120.8 , 21.22 , 30 , 15.268 , 132 , 301 , 204 , 189 , 4679 ,-8.4 
 57.77 , 5.77 , 120.8 , 20.9 , 29 , 15.288 , 132.8 , 301 , 204 , 189 , 4677 ,-8.4 
 57.97 , 5.79 , 120.8 , 20.71 , 29 , 15.287 , 132.1 , 300 , 204 , 188 , 4676 ,-8.3 
 58.18 , 5.81 , 120.8 , 20.6 , 29 , 15.277 , 132.5 , 301 , 203 , 189 , 4680 ,-8.6 
 58.38 , 5.83 , 120.8 , 20.68 , 29 , 15.273 , 132.7 , 300 , 204 , 188 , 4679 ,-8.4 
 58.58 , 5.85 , 120.8 , 20.65 , 29 , 15.273 , 132.4 , 300 , 204 , 189 , 4680 ,-8.3 
 58.78 , 5.87 , 120.8 , 20.63 , 29 , 15.276 , 132.9 , 300 , 203 , 189 , 4679 ,-8.6 
 58.98 , 5.89 , 120.7 , 20.5 , 29 , 15.267 , 132.6 , 301 , 204 , 189 , 4679 ,-8.4 
 59.19 , 5.91 , 120.8 , 20.56 , 29 , 15.277 , 132.3 , 301 , 203 , 189 , 4678 ,-8.4 
 59.39 , 5.93 , 120.7 , 20.46 , 29 , 15.27 , 133.1 , 301 , 203 , 189 , 4677 ,-8.4 
 59.59 , 5.96 , 120.8 , 20.5 , 29 , 15.268 , 132 , 301 , 203 , 189 , 4679 ,-8.5 
 59.79 , 5.98 , 120.7 , 20.52 , 29 , 15.27 , 133.3 , 301 , 203 , 190 , 4681 ,-8.9 
 59.99 , 6 , 120.7 , 20.5 , 29 , 15.277 , 132.8 , 300 , 204 , 189 , 4679 ,-8.6 
 60.2 , 6.02 , 120.8 , 20.56 , 29 , 15.272 , 132.2 , 301 , 204 , 189 , 4679 ,-8.6 
 60.4 , 6.04 , 120.8 , 20.58 , 29 , 15.27 , 132.9 , 301 , 203 , 189 , 4679 ,-8.5 
 60.6 , 6.06 , 120.8 , 20.72 , 29 , 15.275 , 131.9 , 301 , 204 , 189 , 4680 ,-8.4 
 60.8 , 6.08 , 120.8 , 20.71 , 30 , 15.267 , 132.6 , 301 , 204 , 189 , 4675 ,-7.8 
 61 , 6.1 , 120.7 , 20.98 , 30 , 15.267 , 132.6 , 300 , 204 , 189 , 4680 ,-8.3 
 61.21 , 6.12 , 120.8 , 21.21 , 31 , 15.274 , 132.3 , 301 , 204 , 189 , 4680 ,-8.1 
 61.41 , 6.14 , 120.8 , 21.54 , 31 , 15.28 , 133.1 , 301 , 204 , 189 , 4678 ,-7.8 
 61.61 , 6.16 , 120.6 , 21.69 , 31 , 15.285 , 132 , 300 , 204 , 188 , 4676 ,-8.5 
 61.81 , 6.18 , 120.8 , 21.91 , 31 , 15.285 , 132.9 , 300 , 204 , 189 , 4677 ,-8.4 
 62.01 , 6.2 , 120.8 , 22.06 , 32 , 15.29 , 132.7 , 300 , 204 , 189 , 4679 ,-8.1 
 62.22 , 6.22 , 120.8 , 22.29 , 32 , 15.303 , 131.9 , 301 , 204 , 189 , 4678 ,-8.5 
 62.42 , 6.24 , 120.7 , 22.38 , 31 , 15.292 , 132.9 , 300 , 204 , 189 , 4679 ,-8 
 62.62 , 6.26 , 120.8 , 22.57 , 32 , 15.302 , 132.2 , 300 , 204 , 189 , 4678 ,-8.5 
 62.82 , 6.28 , 120.7 , 22.69 , 33 , 15.309 , 132.2 , 300 , 204 , 189 , 4680 ,-8.1 
 63.02 , 6.3 , 120.9 , 22.87 , 33 , 15.311 , 132.9 , 301 , 205 , 188 , 4678 ,-8.4 
 63.23 , 6.32 , 120.7 , 22.77 , 32 , 15.312 , 131.9 , 300 , 205 , 189 , 4677 ,-8.6 
 63.43 , 6.34 , 120.9 , 22.99 , 33 , 15.31 , 133 , 301 , 205 , 189 , 4682 ,-8.6 
 63.63 , 6.36 , 120.8 , 23.05 , 32 , 15.309 , 132.4 , 301 , 205 , 188 , 4675 ,-8.4 
 63.83 , 6.38 , 120.8 , 22.95 , 32 , 15.316 , 132.5 , 301 , 203 , 189 , 4677 ,-8.1 
 64.03 , 6.4 , 120.9 , 22.91 , 33 , 15.325 , 133.2 , 301 , 204 , 189 , 4678 ,-8.8 
 64.24 , 6.42 , 120.7 , 22.93 , 33 , 15.327 , 132 , 301 , 204 , 189 , 4680 ,-8.5 
 64.44 , 6.44 , 120.8 , 23.03 , 33 , 15.321 , 132.8 , 301 , 204 , 189 , 4679 ,-8.3 
 64.64 , 6.46 , 120.9 , 23.02 , 32 , 15.319 , 132.7 , 301 , 203 , 189 , 4678 ,-8.5 
 64.84 , 6.48 , 120.8 , 23.01 , 33 , 15.313 , 132.3 , 301 , 204 , 189 , 4679 ,-8.5 
 65.04 , 6.5 , 120.8 , 23.11 , 33 , 15.311 , 133.3 , 300 , 204 , 189 , 4679 ,-8.4 
 65.25 , 6.52 , 120.8 , 22.76 , 32 , 15.332 , 132 , 301 , 204 , 189 , 4677 ,-8.8 
 65.45 , 6.54 , 120.9 , 22.91 , 32 , 15.319 , 132.8 , 301 , 204 , 189 , 4680 ,-8.8 
 65.65 , 6.56 , 120.8 , 22.92 , 32 , 15.315 , 132.6 , 301 , 204 , 189 , 4678 ,-8.3 
 65.85 , 6.58 , 120.7 , 22.67 , 31 , 15.333 , 132.4 , 300 , 204 , 189 , 4677 ,-8.3 
 66.05 , 6.6 , 120.8 , 22.71 , 32 , 15.336 , 132.9 , 300 , 204 , 189 , 4678 ,-8.6 
 66.26 , 6.62 , 120.8 , 22.33 , 31 , 15.33 , 131.6 , 301 , 204 , 189 , 4678 ,-8.3 
 66.46 , 6.64 , 120.8 , 22.15 , 31 , 15.309 , 133 , 301 , 204 , 189 , 4678 ,-8.3 
 66.66 , 6.66 , 120.9 , 21.9 , 31 , 15.322 , 132.7 , 300 , 204 , 189 , 4677 ,-8.4 
 66.86 , 6.68 , 120.8 , 21.72 , 30 , 15.325 , 132.1 , 301 , 204 , 189 , 4679 ,-8.8 
 67.06 , 6.7 , 120.8 , 21.57 , 30 , 15.306 , 133.3 , 300 , 204 , 190 , 4679 ,-8.1 
 67.27 , 6.72 , 120.8 , 21.42 , 31 , 15.311 , 131.8 , 301 , 204 , 189 , 4675 ,-8.3 
 67.47 , 6.74 , 120.9 , 21.27 , 30 , 15.298 , 132.8 , 300 , 204 , 189 , 4681 ,-8.9 
 67.67 , 6.76 , 120.8 , 21.03 , 29 , 15.303 , 132.6 , 301 , 204 , 189 , 4677 ,-8.4 
 67.87 , 6.78 , 120.8 , 20.85 , 29 , 15.303 , 131.7 , 300 , 204 , 189 , 4679 ,-8.5 
 68.07 , 6.8 , 120.8 , 20.82 , 30 , 15.301 , 133.4 , 300 , 204 , 188 , 4679 ,-8.3 
 68.28 , 6.82 , 120.8 , 20.82 , 29 , 15.292 , 132.1 , 301 , 204 , 188 , 4675 ,-8.6 
 68.48 , 6.84 , 120.7 , 20.74 , 29 , 15.288 , 133 , 301 , 204 , 189 , 4676 ,-8.4 
 68.68 , 6.86 , 120.8 , 20.43 , 29 , 15.297 , 132.7 , 300 , 203 , 189 , 4678 ,-8 
 68.88 , 6.88 , 120.8 , 20.55 , 29 , 15.293 , 131.9 , 300 , 204 , 189 , 4681 ,-8.3 
 69.08 , 6.9 , 120.9 , 20.57 , 29 , 15.294 , 133.3 , 301 , 204 , 188 , 4680 ,-8.5 
 69.29 , 6.92 , 120.9 , 20.56 , 29 , 15.292 , 132 , 300 , 204 , 189 , 4677 ,-8.4 
 69.49 , 6.95 , 120.8 , 20.53 , 29 , 15.288 , 132.8 , 300 , 203 , 189 , 4678 ,-8.4 
 69.69 , 6.97 , 120.8 , 20.52 , 29 , 15.294 , 132.4 , 300 , 204 , 189 , 4678 ,-8.1 
 69.89 , 6.99 , 121 , 20.48 , 29 , 15.292 , 132 , 300 , 204 , 188 , 4676 ,-8.5 
 70.09 , 7.01 , 120.8 , 20.68 , 29 , 15.286 , 133 , 301 , 204 , 189 , 4678 ,-8.9 
 70.3 , 7.03 , 120.8 , 20.55 , 29 , 15.283 , 132 , 301 , 203 , 188 , 4675 ,-7.8 
 70.5 , 7.05 , 120.8 , 20.63 , 29 , 15.295 , 133.1 , 300 , 204 , 189 , 4678 ,-8.4 
 70.7 , 7.07 , 120.8 , 20.78 , 29 , 15.277 , 132.6 , 300 , 204 , 189 , 4679 ,-8.4 
 70.9 , 7.09 , 120.8 , 20.9 , 29 , 15.287 , 132.3 , 300 , 203 , 189 , 4680 ,-8.8 
 71.1 , 7.11 , 120.8 , 21.25 , 30 , 15.284 , 133 , 301 , 204 , 189 , 4679 ,-8.3 
 71.31 , 7.13 , 120.9 , 21.47 , 31 , 15.299 , 132.2 , 300 , 204 , 189 , 4678 ,-8.6 
 71.51 , 7.15 , 120.7 , 21.57 , 31 , 15.287 , 132.8 , 301 , 204 , 189 , 4679 ,-7.9 
 71.71 , 7.17 , 120.8 , 21.79 , 31 , 15.293 , 132.5 , 301 , 204 , 189 , 4677 ,-8.5 
 71.91 , 7.19 , 120.8 , 22 , 31 , 15.285 , 132.6 , 301 , 204 , 189 , 4678 ,-8.1 
 72.11 , 7.21 , 120.8 , 22.03 , 32 , 15.298 , 132.9 , 301 , 204 , 189 , 4679 ,-8 
 72.32 , 7.23 , 120.7 , 22.15 , 31 , 15.307 , 132 , 301 , 204 , 189 , 4677 ,-8.9 
 72.52 , 7.25 , 120.9 , 22.56 , 32 , 15.327 , 132.7 , 300 , 204 , 189 , 4679 ,-8.6 
 72.72 , 7.27 , 120.8 , 22.63 , 32 , 15.31 , 132.8 , 300 , 204 , 189 , 4682 ,-8.6 
 72.92 , 7.29 , 120.8 , 22.61 , 33 , 15.32 , 132.4 , 301 , 204 , 189 , 4679 ,-8.4 
 73.12 , 7.31 , 120.9 , 22.92 , 33 , 15.33 , 133.1 , 301 , 204 , 189 , 4679 ,-8.5 
 73.33 , 7.33 , 120.8 , 22.73 , 32 , 15.334 , 132.2 , 301 , 204 , 189 , 4678 ,-8.6 
 73.53 , 7.35 , 120.9 , 23.01 , 32 , 15.33 , 132.9 , 301 , 204 , 189 , 4677 ,-8 
 73.73 , 7.37 , 120.9 , 22.99 , 33 , 15.332 , 132.5 , 301 , 204 , 189 , 4677 ,-8.8 
 73.93 , 7.39 , 120.8 , 22.94 , 33 , 15.335 , 132.1 , 300 , 203 , 189 , 4679 ,-8.8 
 74.13 , 7.41 , 120.9 , 22.98 , 33 , 15.344 , 133.5 , 301 , 204 , 189 , 4678 ,-8.4 
 74.34 , 7.43 , 120.8 , 22.87 , 33 , 15.339 , 132 , 301 , 204 , 189 , 4679 ,-8.4 
 74.54 , 7.45 , 120.9 , 23 , 33 , 15.348 , 133.1 , 300 , 204 , 189 , 4677 ,-8.1 
 74.74 , 7.47 , 120.9 , 22.95 , 32 , 15.337 , 132.7 , 301 , 203 , 189 , 4676 ,-8.5 
 74.94 , 7.49 , 120.9 , 22.94 , 33 , 15.338 , 132.3 , 301 , 204 , 189 , 4680 ,-8 
 75.14 , 7.51 , 120.8 , 22.99 , 32 , 15.332 , 133 , 300 , 204 , 189 , 4679 ,-8.5 
 75.35 , 7.53 , 120.9 , 22.81 , 33 , 15.354 , 131.9 , 300 , 204 , 189 , 4678 ,-8.8 
 75.55 , 7.55 , 120.9 , 22.97 , 33 , 15.339 , 132.9 , 301 , 204 , 190 , 4677 ,-8.4 
 75.75 , 7.57 , 120.9 , 22.82 , 32 , 15.352 , 132.5 , 301 , 204 , 189 , 4678 ,-8.4 
 75.95 , 7.59 , 120.9 , 22.74 , 32 , 15.339 , 131.7 , 300 , 204 , 189 , 4678 ,-8.5 
 76.15 , 7.61 , 120.9 , 22.62 , 32 , 15.334 , 133.1 , 301 , 204 , 189 , 4678 ,-8.5 
 76.36 , 7.63 , 120.9 , 22.48 , 32 , 15.341 , 131.9 , 301 , 203 , 189 , 4679 ,-8.4 
 76.56 , 7.65 , 120.8 , 21.98 , 31 , 15.328 , 133 , 300 , 204 , 189 , 4678 ,-8.1 
 76.76 , 7.67 , 120.9 , 21.83 , 31 , 15.327 , 132.6 , 301 , 204 , 189 , 4678 ,-8 
 76.96 , 7.69 , 120.8 , 21.74 , 30 , 15.33 , 132.2 , 300 , 204 , 189 , 4679 ,-8.8 
 77.16 , 7.71 , 120.9 , 21.44 , 29 , 15.335 , 133 , 301 , 204 , 189 , 4679 ,-8.3 
 77.37 , 7.73 , 120.9 , 21.27 , 30 , 15.317 , 131.9 , 300 , 204 , 189 , 4680 ,-8.5 
 77.57 , 7.75 , 120.7 , 21.01 , 30 , 15.326 , 132.9 , 300 , 204 , 189 , 4680 ,-8.8 
 77.77 , 7.77 , 120.9 , 21.06 , 29 , 15.322 , 132.7 , 300 , 204 , 189 , 4676 ,-8.1 
 77.97 , 7.79 , 120.8 , 20.91 , 29 , 15.311 , 132.1 , 301 , 204 , 189 , 4679 ,-8.4 
 78.17 , 7.81 , 120.9 , 20.86 , 29 , 15.311 , 133 , 300 , 204 , 190 , 4679 ,-8.8 
 78.38 , 7.83 , 120.9 , 20.6 , 29 , 15.295 , 131.9 , 301 , 204 , 188 , 4677 ,-8.4 
 78.58 , 7.85 , 120.8 , 20.72 , 29 , 15.292 , 132.8 , 300 , 204 , 189 , 4678 ,-8.5 
 78.78 , 7.87 , 120.8 , 20.64 , 29 , 15.307 , 132.7 , 300 , 204 , 189 , 4678 ,-8.3 
 78.98 , 7.89 , 120.8 , 20.67 , 29 , 15.298 , 132 , 301 , 203 , 190 , 4679 ,-8.1 
 79.18 , 7.91 , 120.9 , 20.55 , 29 , 15.305 , 133.5 , 300 , 204 , 188 , 4677 ,-8.1 
 79.39 , 7.94 , 120.9 , 20.67 , 29 , 15.3 , 132.1 , 301 , 204 , 189 , 4676 ,-8.4 
 79.59 , 7.96 , 120.9 , 20.64 , 29 , 15.305 , 132.8 , 301 , 204 , 189 , 4679 ,-8.4 
 79.79 , 7.98 , 120.8 , 20.61 , 29 , 15.298 , 133.2 , 301 , 204 , 189 , 4676 ,-8.6 
 79.99 , 8 , 120.9 , 20.44 , 29 , 15.305 , 132 , 300 , 204 , 189 , 4678 ,-8.8 
 80.19 , 8.02 , 120.9 , 20.56 , 29 , 15.292 , 133.2 , 300 , 204 , 188 , 4679 ,-8.3 
 80.4 , 8.04 , 120.8 , 20.52 , 29 , 15.32 , 132.3 , 301 , 204 , 188 , 4677 ,-8.5 
 80.6 , 8.06 , 120.8 , 20.69 , 29 , 15.3 , 132.7 , 300 , 204 , 189 , 4678 ,-8.1 
 80.8 , 8.08 , 120.8 , 20.85 , 29 , 15.306 , 132.9 , 300 , 204 , 189 , 4675 ,-8 
 81 , 8.1 , 120.8 , 20.97 , 30 , 15.307 , 132.2 , 301 , 204 , 189 , 4677 ,-8 
 81.2 , 8.12 , 120.9 , 21.13 , 31 , 15.304 , 132.9 , 301 , 204 , 189 , 4678 ,-8.8 
 81.41 , 8.14 , 120.8 , 21.58 , 30 , 15.304 , 132.2 , 301 , 204 , 189 , 4676 ,-8.1 
 81.61 , 8.16 , 120.9 , 21.65 , 31 , 15.317 , 132.7 , 300 , 204 , 189 , 4677 ,-7.9 
 81.81 , 8.18 , 120.8 , 21.8 , 31 , 15.313 , 133 , 301 , 203 , 190 , 4680 ,-8.9 
 82.01 , 8.2 , 120.8 , 21.99 , 31 , 15.317 , 132.3 , 301 , 204 , 189 , 4679 ,-7.8 
 82.21 , 8.22 , 120.9 , 22.28 , 32 , 15.331 , 133.1 , 301 , 204 , 189 , 4677 ,-8.5 
 82.42 , 8.24 , 120.7 , 22.39 , 31 , 15.342 , 132.5 , 300 , 204 , 189 , 4678 ,-8.5 
 82.62 , 8.26 , 120.8 , 22.5 , 32 , 15.326 , 132.8 , 301 , 204 , 190 , 4681 ,-8.5 
 82.82 , 8.28 , 120.8 , 22.65 , 32 , 15.33 , 133.3 , 300 , 205 , 189 , 4682 ,-8.3 
 83.02 , 8.3 , 120.8 , 22.75 , 32 , 15.343 , 132.2 , 300 , 204 , 190 , 4678 ,-8.5 
 83.22 , 8.32 , 120.9 , 22.86 , 32 , 15.354 , 133.1 , 301 , 204 , 189 , 4678 ,-8.4 
 83.43 , 8.34 , 120.9 , 23.14 , 33 , 15.343 , 132.1 , 301 , 204 , 189 , 4679 ,-8.4 
 83.63 , 8.36 , 120.9 , 23.04 , 32 , 15.344 , 132.8 , 300 , 204 , 189 , 4677 ,-7.9 
 83.83 , 8.38 , 120.8 , 23.03 , 33 , 15.346 , 132.5 , 301 , 205 , 189 , 4679 ,-8.4 
 84.03 , 8.4 , 120.8 , 22.98 , 32 , 15.362 , 132.2 , 301 , 204 , 189 , 4679 ,-8.4 
 84.23 , 8.42 , 120.8 , 23.11 , 33 , 15.351 , 133.3 , 301 , 204 , 189 , 4676 ,-8.5 
 84.44 , 8.44 , 120.9 , 22.9 , 33 , 15.355 , 132.2 , 300 , 205 , 189 , 4680 ,-8.3 
 84.64 , 8.46 , 120.8 , 23.06 , 33 , 15.342 , 132.7 , 300 , 204 , 189 , 4679 ,-8.6 
 84.84 , 8.48 , 120.9 , 22.99 , 32 , 15.357 , 133.1 , 300 , 205 , 189 , 4679 ,-8.8 
 85.04 , 8.5 , 120.8 , 22.95 , 33 , 15.355 , 132 , 301 , 204 , 189 , 4680 ,-8.4 
 85.24 , 8.52 , 120.8 , 22.96 , 33 , 15.347 , 133.3 , 301 , 205 , 190 , 4680 ,-8.1 
 85.45 , 8.54 , 120.9 , 23.03 , 32 , 15.348 , 132.4 , 301 , 204 , 189 , 4678 ,-8.5 
 85.65 , 8.56 , 120.8 , 22.74 , 32 , 15.351 , 132.7 , 301 , 204 , 189 , 4678 ,-8.3 
 85.85 , 8.58 , 120.8 , 22.88 , 33 , 15.353 , 133 , 301 , 204 , 190 , 4678 ,-8.1 
 86.05 , 8.6 , 120.9 , 22.81 , 32 , 15.355 , 132.1 , 300 , 204 , 190 , 4678 ,-8.3 
 86.25 , 8.62 , 121 , 22.35 , 31 , 15.349 , 133.4 , 300 , 204 , 189 , 4679 ,-8.6 
 86.46 , 8.64 , 120.8 , 22.23 , 31 , 15.338 , 132.4 , 301 , 204 , 189 , 4676 ,-8.1 
 86.66 , 8.66 , 120.8 , 21.96 , 31 , 15.343 , 133.2 , 300 , 204 , 190 , 4678 ,-8.8 
 86.86 , 8.68 , 120.8 , 21.69 , 30 , 15.343 , 133 , 300 , 204 , 189 , 4679 ,-8 
 87.06 , 8.7 , 120.8 , 21.54 , 31 , 15.339 , 131.8 , 301 , 204 , 189 , 4676 ,-8.1 
 87.26 , 8.72 , 120.8 , 21.29 , 30 , 15.343 , 133.1 , 301 , 204 , 189 , 4680 ,-9 
 87.47 , 8.74 , 120.9 , 21.43 , 30 , 15.325 , 132.3 , 301 , 204 , 189 , 4678 ,-8.4 
 87.67 , 8.76 , 120.9 , 21.17 , 29 , 15.338 , 132.9 , 300 , 205 , 189 , 4678 ,-8.4 
 87.87 , 8.78 , 120.8 , 20.89 , 30 , 15.337 , 133.1 , 300 , 204 , 189 , 4679 ,-8.4 
 88.07 , 8.8 , 121 , 20.94 , 29 , 15.313 , 132.3 , 300 , 204 , 189 , 4678 ,-8.3 
 88.27 , 8.82 , 120.8 , 20.75 , 29 , 15.325 , 132.9 , 301 , 204 , 189 , 4678 ,-8.6 
 88.48 , 8.84 , 120.9 , 20.69 , 29 , 15.313 , 132.2 , 301 , 204 , 189 , 4678 ,-8.5 
 88.68 , 8.86 , 120.8 , 20.61 , 29 , 15.312 , 132.6 , 301 , 204 , 189 , 4677 ,-8.3 
 88.88 , 8.88 , 120.8 , 20.69 , 28 , 15.319 , 132.8 , 301 , 204 , 189 , 4679 ,-8.5 
 89.08 , 8.9 , 120.9 , 20.5 , 28 , 15.318 , 132 , 300 , 204 , 189 , 4678 ,-8 
 89.28 , 8.92 , 120.8 , 20.58 , 29 , 15.301 , 132.9 , 301 , 204 , 189 , 4678 ,-8.6 
 89.49 , 8.95 , 120.8 , 20.59 , 29 , 15.314 , 132.1 , 301 , 204 , 189 , 4678 ,-8.3 
 89.69 , 8.97 , 120.9 , 20.57 , 29 , 15.32 , 132.8 , 300 , 205 , 189 , 4676 ,-8.3 
 89.89 , 8.99 , 120.9 , 20.64 , 29 , 15.32 , 132.7 , 301 , 204 , 189 , 4679 ,-8.3 
 90.09 , 9.01 , 120.9 , 20.6 , 29 , 15.317 , 132.1 , 301 , 204 , 189 , 4678 ,-8.3 
 90.29 , 9.03 , 121 , 20.58 , 29 , 15.306 , 133.2 , 300 , 204 , 189 , 4678 ,-8.1 
 90.5 , 9.05 , 120.9 , 20.54 , 30 , 15.321 , 132.4 , 301 , 204 , 190 , 4677 ,-8.1 
 90.7 , 9.07 , 121 , 20.72 , 29 , 15.304 , 133 , 301 , 204 , 190 , 4678 ,-8.4 
 90.9 , 9.09 , 120.8 , 20.76 , 30 , 15.306 , 132.5 , 301 , 204 , 190 , 4680 ,-8.6 
 91.1 , 9.11 , 120.9 , 21.14 , 30 , 15.32 , 132.3 , 300 , 204 , 189 , 4678 ,-8.5 
 91.3 , 9.13 , 120.9 , 21.33 , 31 , 15.335 , 133.4 , 301 , 204 , 189 , 4680 ,-8.4 
 91.51 , 9.15 , 120.9 , 21.52 , 30 , 15.313 , 132 , 301 , 204 , 189 , 4677 ,-8.4 
 91.71 , 9.17 , 120.7 , 21.85 , 31 , 15.319 , 133 , 301 , 205 , 189 , 4678 ,-8.3 
 91.91 , 9.19 , 120.7 , 21.93 , 32 , 15.332 , 133.1 , 301 , 204 , 189 , 4680 ,-8.6 
 92.11 , 9.21 , 120.9 , 22.11 , 31 , 15.337 , 132.1 , 301 , 204 , 189 , 4678 ,-8.5 
 92.31 , 9.23 , 120.9 , 22.27 , 32 , 15.334 , 133.1 , 301 , 204 , 189 , 4681 ,-8.3 
 92.52 , 9.25 , 120.8 , 22.42 , 32 , 15.344 , 132.1 , 301 , 204 , 189 , 4678 ,-8.5 
 92.72 , 9.27 , 120.9 , 22.6 , 32 , 15.35 , 132.8 , 301 , 204 , 189 , 4679 ,-8.4 
 92.92 , 9.29 , 120.9 , 22.73 , 32 , 15.344 , 132.6 , 301 , 204 , 189 , 4678 ,-7.8 
 93.12 , 9.31 , 120.8 , 22.93 , 32 , 15.354 , 132.1 , 301 , 204 , 190 , 4681 ,-8.4 
 93.32 , 9.33 , 120.9 , 22.95 , 32 , 15.358 , 133 , 301 , 204 , 189 , 4680 ,-8.4 
 93.53 , 9.35 , 120.9 , 22.81 , 32 , 15.362 , 132.1 , 300 , 204 , 190 , 4678 ,-8.4 
 93.73 , 9.37 , 120.8 , 23.05 , 32 , 15.356 , 133.2 , 301 , 205 , 189 , 4678 ,-8.4 
 93.93 , 9.39 , 120.9 , 22.91 , 33 , 15.361 , 132.6 , 300 , 205 , 189 , 4676 ,-7.9 
 94.13 , 9.41 , 120.8 , 23.1 , 32 , 15.361 , 132.4 , 301 , 204 , 189 , 4676 ,-7.8 
 94.33 , 9.43 , 120.9 , 22.9 , 33 , 15.365 , 133.1 , 301 , 205 , 189 , 4677 ,-8 
 94.54 , 9.45 , 120.9 , 22.99 , 32 , 15.355 , 131.8 , 301 , 204 , 189 , 4678 ,-8.5 
 94.74 , 9.47 , 120.9 , 22.93 , 33 , 15.379 , 133.3 , 300 , 205 , 190 , 4676 ,-8.6 
 94.94 , 9.49 , 120.9 , 22.95 , 32 , 15.361 , 132.6 , 300 , 204 , 190 , 4678 ,-8 
 95.14 , 9.51 , 121 , 22.86 , 33 , 15.382 , 132.3 , 300 , 205 , 190 , 4678 ,-8.3 
 95.34 , 9.53 , 120.8 , 22.96 , 32 , 15.362 , 133.1 , 300 , 204 , 189 , 4678 ,-8.3 
 95.55 , 9.55 , 120.8 , 22.93 , 32 , 15.366 , 132 , 300 , 205 , 189 , 4679 ,-8.4 
 95.75 , 9.57 , 120.9 , 22.95 , 32 , 15.351 , 133.4 , 300 , 204 , 189 , 4676 ,-8.4 
 95.95 , 9.59 , 120.8 , 22.8 , 32 , 15.376 , 132.3 , 301 , 205 , 189 , 4678 ,-8.4 
 96.15 , 9.61 , 120.8 , 22.59 , 31 , 15.368 , 132.3 , 301 , 204 , 189 , 4678 ,-8.5 
 96.35 , 9.63 , 120.9 , 22.25 , 31 , 15.367 , 132.9 , 300 , 204 , 189 , 4678 ,-8.9 
 96.56 , 9.65 , 120.9 , 21.9 , 31 , 15.368 , 132.1 , 300 , 204 , 190 , 4680 ,-8.3 
 96.76 , 9.67 , 120.7 , 21.74 , 31 , 15.364 , 133 , 301 , 204 , 189 , 4676 ,-8.1 
 96.96 , 9.69 , 120.9 , 21.47 , 31 , 15.364 , 132.3 , 301 , 204 , 189 , 4678 ,-8.5 
 97.16 , 9.71 , 120.9 , 21.46 , 30 , 15.356 , 132.4 , 301 , 204 , 189 , 4679 ,-8.3 
 97.36 , 9.73 , 121 , 21.25 , 30 , 15.349 , 132.7 , 301 , 204 , 189 , 4677 ,-8.1 
 97.57 , 9.75 , 120.8 , 21.11 , 30 , 15.341 , 132.2 , 300 , 204 , 190 , 4680 ,-8.5 
 97.77 , 9.77 , 120.9 , 21.06 , 29 , 15.346 , 133.1 , 300 , 204 , 190 , 4679 ,-8.3 
 97.97 , 9.79 , 120.9 , 20.83 , 30 , 15.342 , 132.3 , 300 , 204 , 189 , 4678 ,-8.1 
 98.17 , 9.81 , 120.9 , 20.82 , 29 , 15.348 , 132.7 , 301 , 204 , 189 , 4680 ,-8.4 
 98.37 , 9.83 , 120.8 , 20.65 , 29 , 15.34 , 132.7 , 301 , 205 , 189 , 4676 ,-8.4 
 98.58 , 9.85 , 120.8 , 20.72 , 29 , 15.329 , 132 , 301 , 204 , 189 , 4678 ,-8.3 
 98.78 , 9.87 , 120.8 , 20.58 , 29 , 15.34 , 133.1 , 300 , 204 , 189 , 4676 ,-8.3 
 98.98 , 9.89 , 120.8 , 20.43 , 29 , 15.333 , 132.6 , 301 , 204 , 189 , 4681 ,-8.4 
 99.18 , 9.91 , 120.8 , 20.6 , 29 , 15.33 , 132.7 , 301 , 204 , 189 , 4679 ,-8.4 
 99.38 , 9.94 , 120.8 , 20.57 , 29 , 15.333 , 132.7 , 300 , 204 , 189 , 4678 ,-8.5 
 99.59 , 9.96 , 120.7 , 20.69 , 29 , 15.322 , 132.1 , 300 , 204 , 190 , 4679 ,-8.1 
 99.79 , 9.98 , 120.8 , 20.59 , 29 , 15.329 , 133.2 , 301 , 204 , 190 , 4680 ,-8.8 
 99.99 , 10 , 120.7 , 20.64 , 29 , 15.333 , 132.1 , 301 , 204 , 189 , 4678 ,-8.6 
