

时间(S),振次,轴位移(mm),力(kN),应力(kPa),变形(mm),侧位移(mm),围压(kPa),孔压(kPa),反压(kPa),体变(ml),小体变(ml)
0.00,0.00, 124 , 21.68 , 307 , 18.738 , 133.1 , 301 , 210 , 196 , 4679 ,-8.8 
 .2 , .02 , 124 , 21.61 , 31 , 18.745 , 133.5 , 301 , 211 , 196 , 4682 ,-8.5 
 .4 , .04 , 123.9 , 21.53 , 30 , 18.74 , 132.7 , 300 , 211 , 196 , 4680 ,-8.4 
 .61 , .06 , 124 , 21.7 , 30 , 18.719 , 133 , 300 , 211 , 195 , 4678 ,-8.6 
 .81 , .08 , 123.9 , 21.8 , 32 , 18.741 , 133.5 , 301 , 212 , 195 , 4679 ,-8.1 
 1.01 , .1 , 124 , 22.47 , 32 , 18.744 , 132.6 , 301 , 210 , 196 , 4680 ,-8.1 
 1.21 , .12 , 123.9 , 22.94 , 34 , 18.754 , 132.8 , 301 , 211 , 196 , 4678 ,-8.8 
 1.41 , .14 , 123.9 , 24.01 , 35 , 18.79 , 133.4 , 300 , 211 , 196 , 4677 ,-8.3 
 1.62 , .16 , 124 , 24.78 , 36 , 18.801 , 132.6 , 301 , 211 , 195 , 4677 ,-8 
 1.82 , .18 , 124.1 , 25.22 , 37 , 18.827 , 132.9 , 301 , 211 , 196 , 4679 ,-8.6 
 2.02 , .2 , 124 , 26.1 , 37 , 18.863 , 133.4 , 301 , 210 , 196 , 4680 ,-8.8 
 2.22 , .22 , 124.2 , 26.54 , 37 , 18.874 , 132.5 , 301 , 211 , 195 , 4675 ,-8.1 
 2.42 , .24 , 124.2 , 26.8 , 37 , 18.892 , 133.4 , 301 , 211 , 196 , 4679 ,-8.6 
 2.63 , .26 , 124.1 , 27.1 , 38 , 18.902 , 133.2 , 300 , 210 , 196 , 4681 ,-8 
 2.83 , .28 , 124.1 , 27.4 , 39 , 18.935 , 132.2 , 301 , 211 , 195 , 4679 ,-8.6 
 3.03 , .3 , 124.2 , 27.45 , 39 , 18.947 , 133.1 , 301 , 210 , 195 , 4678 ,-8.6 
 3.23 , .32 , 124.3 , 27.55 , 39 , 18.959 , 133.2 , 301 , 211 , 195 , 4677 ,-8.5 
 3.43 , .34 , 124.2 , 27.4 , 39 , 18.965 , 132.2 , 301 , 211 , 195 , 4678 ,-8.8 
 3.64 , .36 , 124.2 , 27.38 , 38 , 18.955 , 133 , 301 , 210 , 196 , 4679 ,-8.6 
 3.84 , .38 , 124.2 , 27.32 , 39 , 18.973 , 133 , 301 , 210 , 196 , 4679 ,-8.9 
 4.04 , .4 , 124.3 , 27.08 , 38 , 18.967 , 132.5 , 301 , 211 , 195 , 4679 ,-8.3 
 4.24 , .42 , 124.2 , 27.02 , 38 , 18.974 , 133.2 , 301 , 210 , 195 , 4678 ,-8.6 
 4.44 , .44 , 124.2 , 26.93 , 38 , 18.974 , 133 , 301 , 211 , 195 , 4679 ,-8.1 
 4.65 , .46 , 124.3 , 27.03 , 38 , 18.978 , 132.4 , 301 , 210 , 196 , 4679 ,-8.4 
 4.85 , .48 , 124.2 , 25.84 , 36 , 18.962 , 133.3 , 301 , 210 , 196 , 4679 ,-8.1 
 5.05 , .5 , 124.2 , 25.13 , 34 , 18.962 , 133 , 301 , 210 , 196 , 4680 ,-8.5 
 5.25 , .52 , 124.1 , 24.42 , 33 , 18.924 , 132.6 , 301 , 210 , 195 , 4677 ,-8.3 
 5.45 , .54 , 124.1 , 22.93 , 32 , 18.9 , 133.7 , 301 , 210 , 195 , 4678 ,-8.6 
 5.66 , .56 , 124 , 22.25 , 30 , 18.88 , 133.2 , 301 , 210 , 195 , 4678 ,-8.5 
 5.86 , .58 , 124 , 21.72 , 30 , 18.863 , 132.4 , 301 , 210 , 195 , 4678 ,-8.1 
 6.06 , .6 , 124.1 , 20.86 , 28 , 18.831 , 133.1 , 301 , 210 , 195 , 4680 ,-8.4 
 6.26 , .62 , 124 , 19.66 , 27 , 18.813 , 133.2 , 301 , 210 , 196 , 4678 ,-8 
 6.46 , .64 , 124 , 19.25 , 26 , 18.779 , 132.3 , 301 , 211 , 195 , 4677 ,-8.1 
 6.67 , .66 , 124.2 , 18.7 , 26 , 18.761 , 133.5 , 301 , 210 , 195 , 4680 ,-8.3 
 6.87 , .68 , 124 , 17.71 , 24 , 18.713 , 132.7 , 300 , 211 , 195 , 4678 ,-8.4 
 7.07 , .7 , 124 , 17.26 , 24 , 18.69 , 133.1 , 300 , 210 , 195 , 4678 ,-8.9 
 7.27 , .72 , 123.9 , 16.85 , 24 , 18.665 , 133.5 , 301 , 210 , 195 , 4678 ,-8.8 
 7.47 , .74 , 124 , 16.26 , 22 , 18.639 , 133.1 , 301 , 211 , 195 , 4678 ,-8.4 
 7.68 , .76 , 123.9 , 15.95 , 22 , 18.606 , 132.5 , 301 , 210 , 195 , 4678 ,-8.3 
 7.88 , .78 , 123.8 , 15.75 , 22 , 18.615 , 133.6 , 300 , 211 , 195 , 4677 ,-8.6 
 8.08 , .8 , 123.9 , 15.79 , 22 , 18.587 , 133.2 , 300 , 211 , 195 , 4678 ,-8.4 
 8.28 , .82 , 123.8 , 15.6 , 22 , 18.589 , 132.9 , 301 , 211 , 196 , 4680 ,-8.8 
 8.48 , .84 , 123.8 , 15.65 , 22 , 18.572 , 133.4 , 300 , 211 , 196 , 4678 ,-8.3 
 8.69 , .86 , 123.9 , 15.56 , 22 , 18.567 , 132.7 , 301 , 211 , 196 , 4680 ,-8.4 
 8.89 , .88 , 123.8 , 15.65 , 22 , 18.555 , 132.5 , 300 , 211 , 195 , 4681 ,-8.9 
 9.09 , .9 , 123.9 , 15.69 , 22 , 18.57 , 133.8 , 300 , 211 , 196 , 4679 ,-8.8 
 9.29 , .92 , 123.9 , 15.68 , 22 , 18.574 , 132.9 , 300 , 211 , 195 , 4680 ,-8.8 
 9.49 , .94 , 123.9 , 15.86 , 23 , 18.571 , 132.6 , 301 , 211 , 196 , 4677 ,-8.6 
 9.7 , .96 , 123.9 , 16.82 , 24 , 18.603 , 133.4 , 300 , 211 , 196 , 4681 ,-8.6 
 9.9 , .99 , 124 , 17.49 , 25 , 18.614 , 132.7 , 301 , 210 , 196 , 4678 ,-8.6 
 10.1 , 1.01 , 123.9 , 18.13 , 27 , 18.63 , 132.3 , 300 , 212 , 196 , 4679 ,-8.6 
 10.3 , 1.03 , 123.9 , 19.51 , 28 , 18.675 , 133.7 , 301 , 211 , 196 , 4679 ,-8.4 
 10.5 , 1.05 , 123.9 , 20.13 , 30 , 18.721 , 133.1 , 300 , 212 , 196 , 4678 ,-8.1 
 10.71 , 1.07 , 124 , 20.99 , 31 , 18.742 , 132.4 , 301 , 211 , 197 , 4681 ,-8.5 
 10.91 , 1.09 , 124.1 , 21.85 , 32 , 18.762 , 133.8 , 301 , 210 , 196 , 4679 ,-8.8 
 11.11 , 1.11 , 124.1 , 23.27 , 33 , 18.815 , 132.9 , 301 , 211 , 196 , 4677 ,-8.1 
 11.31 , 1.13 , 124.1 , 23.82 , 34 , 18.861 , 132.3 , 300 , 211 , 196 , 4680 ,-8.4 
 11.51 , 1.15 , 124 , 24.58 , 36 , 18.882 , 133.4 , 301 , 211 , 196 , 4679 ,-7.9 
 11.72 , 1.17 , 124 , 25.92 , 37 , 18.939 , 133 , 300 , 211 , 195 , 4678 ,-8.1 
 11.92 , 1.19 , 124.1 , 26.32 , 38 , 18.963 , 132.4 , 300 , 211 , 196 , 4679 ,-8.5 
 12.12 , 1.21 , 124.2 , 26.72 , 38 , 18.961 , 133.3 , 301 , 211 , 196 , 4676 ,-7.8 
 12.32 , 1.23 , 124.1 , 27.28 , 39 , 19.002 , 132.8 , 300 , 211 , 196 , 4678 ,-8.4 
 12.52 , 1.25 , 124.2 , 27.43 , 39 , 19.009 , 132.2 , 300 , 211 , 196 , 4679 ,-8.4 
 12.73 , 1.27 , 124.2 , 27.53 , 40 , 19.021 , 133.1 , 301 , 210 , 195 , 4678 ,-8.5 
 12.93 , 1.29 , 124.2 , 27.66 , 39 , 19.027 , 133.1 , 301 , 210 , 195 , 4681 ,-8.6 
 13.13 , 1.31 , 124.2 , 27.78 , 40 , 19.071 , 132.4 , 301 , 210 , 195 , 4679 ,-8.5 
 13.33 , 1.33 , 124.3 , 27.7 , 39 , 19.068 , 133.4 , 301 , 210 , 195 , 4680 ,-9 
 13.53 , 1.35 , 124.3 , 27.75 , 39 , 19.078 , 133.2 , 301 , 210 , 195 , 4679 ,-8.4 
 13.74 , 1.37 , 124.2 , 27.51 , 39 , 19.067 , 132.5 , 301 , 210 , 195 , 4678 ,-8.5 
 13.94 , 1.39 , 124.4 , 27.62 , 39 , 19.084 , 133.4 , 301 , 210 , 195 , 4678 ,-8.6 
 14.14 , 1.41 , 124.3 , 27.43 , 39 , 19.087 , 133 , 301 , 209 , 195 , 4678 ,-8.4 
 14.34 , 1.43 , 124.2 , 27.36 , 39 , 19.084 , 132.3 , 301 , 210 , 196 , 4679 ,-8.6 
 14.54 , 1.45 , 124.3 , 27.07 , 38 , 19.087 , 133.1 , 301 , 210 , 195 , 4681 ,-9.1 
 14.75 , 1.47 , 124.3 , 26.75 , 38 , 19.088 , 132.9 , 301 , 210 , 196 , 4678 ,-8 
 14.95 , 1.49 , 124.2 , 25.93 , 35 , 19.079 , 132.5 , 301 , 210 , 195 , 4680 ,-8.4 
 15.15 , 1.51 , 124.3 , 24.66 , 34 , 19.054 , 133.4 , 301 , 211 , 195 , 4679 ,-8.3 
 15.35 , 1.53 , 124.2 , 23.89 , 33 , 19.05 , 133 , 301 , 211 , 195 , 4677 ,-8.4 
 15.55 , 1.55 , 124.3 , 23.3 , 31 , 19.022 , 132.1 , 300 , 210 , 196 , 4680 ,-8.3 
 15.76 , 1.57 , 124.1 , 21.75 , 30 , 18.982 , 133.5 , 301 , 210 , 195 , 4678 ,-8.5 
 15.96 , 1.59 , 124.2 , 21.16 , 29 , 18.954 , 133 , 300 , 211 , 195 , 4677 ,-8.4 
 16.16 , 1.61 , 124.2 , 20.5 , 28 , 18.956 , 132.8 , 300 , 211 , 195 , 4680 ,-8.5 
 16.36 , 1.63 , 124 , 19.86 , 27 , 18.91 , 133.2 , 301 , 210 , 195 , 4678 ,-8.9 
 16.56 , 1.65 , 124.2 , 18.81 , 26 , 18.865 , 133.3 , 301 , 210 , 196 , 4678 ,-8.6 
 16.77 , 1.67 , 124 , 18.28 , 26 , 18.862 , 132.8 , 301 , 210 , 195 , 4679 ,-9 
 16.97 , 1.69 , 124 , 17.68 , 25 , 18.837 , 133.3 , 300 , 211 , 196 , 4678 ,-8.4 
 17.17 , 1.71 , 124 , 17.03 , 24 , 18.785 , 133.1 , 300 , 211 , 196 , 4678 ,-8.5 
 17.37 , 1.73 , 124 , 16.65 , 23 , 18.772 , 132.5 , 300 , 210 , 195 , 4679 ,-8.3 
 17.57 , 1.75 , 124.1 , 16.32 , 24 , 18.755 , 133.7 , 300 , 212 , 195 , 4676 ,-8.4 
 17.78 , 1.77 , 124 , 16.09 , 22 , 18.735 , 133.1 , 300 , 211 , 195 , 4678 ,-8.1 
 17.98 , 1.79 , 124 , 15.86 , 22 , 18.713 , 132.4 , 300 , 211 , 196 , 4677 ,-8.4 
 18.18 , 1.81 , 124 , 15.68 , 23 , 18.716 , 133.6 , 299 , 211 , 196 , 4680 ,-8.3 
 18.38 , 1.83 , 124 , 15.9 , 22 , 18.699 , 133.2 , 300 , 211 , 195 , 4675 ,-8.4 
 18.58 , 1.85 , 124 , 15.74 , 22 , 18.69 , 132.2 , 301 , 211 , 195 , 4677 ,-8.6 
 18.79 , 1.87 , 123.9 , 15.77 , 23 , 18.69 , 133.8 , 300 , 211 , 195 , 4680 ,-8.8 
 18.99 , 1.89 , 124.1 , 15.74 , 22 , 18.709 , 133.3 , 300 , 211 , 196 , 4682 ,-8.8 
 19.19 , 1.91 , 124.1 , 15.8 , 22 , 18.704 , 132.3 , 300 , 211 , 196 , 4676 ,-8.4 
 19.39 , 1.93 , 123.9 , 15.95 , 23 , 18.684 , 132.7 , 300 , 211 , 196 , 4681 ,-8.4 
 19.59 , 1.95 , 123.9 , 16.48 , 25 , 18.693 , 133.3 , 300 , 211 , 195 , 4678 ,-8.3 
 19.8 , 1.97 , 124 , 17.06 , 25 , 18.697 , 132.4 , 300 , 211 , 196 , 4680 ,-8.3 
 20 , 2 , 124 , 18.24 , 26 , 18.746 , 133.6 , 300 , 212 , 196 , 4680 ,-8.3 
 20.2 , 2.02 , 124.1 , 18.93 , 28 , 18.772 , 133.4 , 300 , 212 , 196 , 4678 ,-8.5 
 20.4 , 2.04 , 124.1 , 19.69 , 29 , 18.813 , 132.5 , 300 , 211 , 196 , 4678 ,-8.1 
 20.6 , 2.06 , 124.1 , 21.13 , 31 , 18.844 , 133 , 300 , 211 , 196 , 4679 ,-8.3 
 20.81 , 2.08 , 124.1 , 21.9 , 32 , 18.891 , 133.2 , 300 , 212 , 195 , 4680 ,-8.6 
 21.01 , 2.1 , 124.2 , 22.45 , 33 , 18.916 , 132.5 , 300 , 211 , 195 , 4679 ,-8.9 
 21.21 , 2.12 , 124.2 , 23.11 , 34 , 18.96 , 133.1 , 300 , 211 , 196 , 4679 ,-8.1 
 21.41 , 2.14 , 124.3 , 24.57 , 35 , 18.998 , 134 , 301 , 211 , 196 , 4675 ,-8 
 21.61 , 2.16 , 124.2 , 25.24 , 37 , 19.017 , 132.9 , 301 , 211 , 196 , 4679 ,-8.1 
 21.82 , 2.18 , 124.3 , 25.91 , 37 , 19.044 , 132.7 , 301 , 211 , 196 , 4678 ,-8.3 
 22.02 , 2.2 , 124.2 , 26.53 , 38 , 19.092 , 133.8 , 301 , 210 , 196 , 4680 ,-8.4 
 22.22 , 2.22 , 124.3 , 26.96 , 38 , 19.096 , 132.7 , 301 , 211 , 196 , 4678 ,-8.5 
 22.42 , 2.24 , 124.3 , 27.39 , 40 , 19.11 , 132.8 , 301 , 210 , 196 , 4679 ,-8.8 
 22.62 , 2.26 , 124.3 , 27.5 , 39 , 19.13 , 133.6 , 300 , 211 , 195 , 4676 ,-8 
 22.83 , 2.28 , 124.3 , 27.76 , 39 , 19.139 , 132.6 , 301 , 210 , 195 , 4682 ,-8.8 
 23.03 , 2.3 , 124.3 , 27.63 , 39 , 19.162 , 132.6 , 301 , 210 , 196 , 4679 ,-8 
 23.23 , 2.32 , 124.3 , 27.69 , 39 , 19.177 , 134.1 , 301 , 211 , 195 , 4676 ,-8.1 
 23.43 , 2.34 , 124.4 , 27.68 , 39 , 19.193 , 132.5 , 301 , 210 , 195 , 4677 ,-8.5 
 23.63 , 2.36 , 124.4 , 27.53 , 39 , 19.192 , 132.7 , 300 , 210 , 195 , 4678 ,-8.5 
 23.84 , 2.38 , 124.4 , 27.5 , 39 , 19.191 , 133.7 , 301 , 210 , 195 , 4677 ,-8.9 
 24.04 , 2.4 , 124.4 , 27.31 , 39 , 19.189 , 133.1 , 300 , 211 , 195 , 4678 ,-8.5 
 24.24 , 2.42 , 124.4 , 27.41 , 39 , 19.196 , 132.9 , 301 , 210 , 195 , 4674 ,-8.1 
 24.44 , 2.44 , 124.4 , 27.3 , 39 , 19.195 , 133.7 , 301 , 211 , 195 , 4678 ,-8.6 
 24.64 , 2.46 , 124.4 , 27.01 , 37 , 19.197 , 132.7 , 301 , 209 , 196 , 4679 ,-8.6 
 24.85 , 2.48 , 124.3 , 26.07 , 36 , 19.183 , 132.6 , 300 , 211 , 195 , 4678 ,-8.4 
 25.05 , 2.5 , 124.4 , 25.66 , 35 , 19.18 , 133.6 , 301 , 210 , 195 , 4679 ,-8.4 
 25.25 , 2.52 , 124.3 , 24.76 , 34 , 19.163 , 133 , 301 , 211 , 196 , 4677 ,-8.5 
 25.45 , 2.54 , 124.3 , 23.27 , 31 , 19.138 , 132.7 , 300 , 210 , 195 , 4679 ,-8.5 
 25.65 , 2.56 , 124.4 , 22.37 , 31 , 19.123 , 133.2 , 300 , 211 , 195 , 4678 ,-8.9 
 25.86 , 2.58 , 124.2 , 21.69 , 30 , 19.076 , 132.6 , 300 , 211 , 195 , 4679 ,-8.4 
 26.06 , 2.6 , 124.2 , 21.14 , 28 , 19.056 , 132.8 , 300 , 210 , 196 , 4681 ,-8.8 
 26.26 , 2.62 , 124.3 , 19.82 , 27 , 19.032 , 133.5 , 301 , 211 , 195 , 4678 ,-8.5 
 26.46 , 2.64 , 124.2 , 19.52 , 27 , 19.017 , 132.3 , 301 , 210 , 195 , 4679 ,-8.4 
 26.66 , 2.66 , 124.2 , 18.84 , 26 , 18.972 , 132.8 , 301 , 210 , 195 , 4677 ,-8.5 
 26.87 , 2.68 , 124.2 , 17.89 , 25 , 18.933 , 133.5 , 300 , 211 , 195 , 4679 ,-8.1 
 27.07 , 2.7 , 124.2 , 17.29 , 23 , 18.926 , 132.8 , 301 , 211 , 196 , 4678 ,-8.8 
 27.27 , 2.72 , 124.2 , 17.02 , 24 , 18.907 , 132.9 , 301 , 211 , 196 , 4678 ,-8.1 
 27.47 , 2.74 , 124.2 , 16.45 , 23 , 18.854 , 133.9 , 300 , 211 , 196 , 4682 ,-9 
 27.67 , 2.76 , 124.1 , 16.21 , 22 , 18.839 , 132.7 , 301 , 211 , 196 , 4680 ,-8.6 
 27.88 , 2.78 , 124.1 , 15.88 , 23 , 18.82 , 132.9 , 301 , 211 , 196 , 4679 ,-8.5 
 28.08 , 2.8 , 124.2 , 15.94 , 23 , 18.818 , 133.6 , 301 , 211 , 196 , 4676 ,-8.5 
 28.28 , 2.82 , 124.1 , 15.84 , 22 , 18.81 , 132.4 , 301 , 211 , 196 , 4680 ,-8.9 
 28.48 , 2.84 , 124.1 , 15.7 , 23 , 18.805 , 132.8 , 301 , 210 , 196 , 4678 ,-8.4 
 28.68 , 2.86 , 124 , 15.76 , 23 , 18.805 , 133.5 , 300 , 211 , 196 , 4678 ,-8.6 
 28.89 , 2.88 , 124.1 , 15.85 , 22 , 18.792 , 132.3 , 300 , 210 , 196 , 4678 ,-8.3 
 29.09 , 2.9 , 124 , 15.78 , 22 , 18.789 , 133.3 , 300 , 211 , 195 , 4678 ,-8.5 
 29.29 , 2.92 , 124 , 15.99 , 23 , 18.781 , 133.4 , 301 , 211 , 196 , 4675 ,-7.9 
 29.49 , 2.94 , 124.1 , 15.97 , 24 , 18.798 , 132.5 , 300 , 211 , 196 , 4678 ,-8.4 
 29.69 , 2.96 , 124 , 17.01 , 25 , 18.788 , 133 , 301 , 211 , 196 , 4677 ,-8.5 
 29.9 , 2.99 , 124 , 17.42 , 26 , 18.825 , 133.4 , 300 , 212 , 196 , 4679 ,-8.6 
 30.1 , 3.01 , 124.1 , 18.04 , 28 , 18.862 , 132.6 , 300 , 211 , 197 , 4677 ,-8.8 
 30.3 , 3.03 , 124.1 , 19.54 , 28 , 18.91 , 133 , 300 , 212 , 196 , 4680 ,-8.4 
 30.5 , 3.05 , 124.2 , 20.2 , 30 , 18.931 , 133.4 , 300 , 212 , 196 , 4680 ,-8.1 
 30.7 , 3.07 , 124.2 , 21.01 , 30 , 18.958 , 132.2 , 301 , 211 , 196 , 4678 ,-8.9 
 30.91 , 3.09 , 124.1 , 21.72 , 32 , 18.992 , 133.1 , 301 , 211 , 196 , 4678 ,-7.9 
 31.11 , 3.11 , 124.3 , 23.09 , 33 , 19.06 , 132.9 , 301 , 211 , 197 , 4683 ,-8.3 
 31.31 , 3.13 , 124.2 , 23.8 , 35 , 19.092 , 132.2 , 301 , 212 , 196 , 4682 ,-8.3 
 31.51 , 3.15 , 124.4 , 24.6 , 36 , 19.097 , 133 , 301 , 210 , 196 , 4679 ,-8.3 
 31.71 , 3.17 , 124.3 , 25.73 , 37 , 19.159 , 133.6 , 301 , 211 , 195 , 4677 ,-8.1 
 31.92 , 3.19 , 124.4 , 26.17 , 38 , 19.171 , 132.3 , 300 , 211 , 196 , 4680 ,-8.4 
 32.12 , 3.21 , 124.4 , 26.7 , 39 , 19.18 , 133.3 , 301 , 211 , 195 , 4677 ,-8.6 
 32.32 , 3.23 , 124.3 , 27.06 , 39 , 19.219 , 133.4 , 301 , 210 , 196 , 4681 ,-8.8 
 32.52 , 3.25 , 124.4 , 27.44 , 39 , 19.238 , 132.2 , 301 , 211 , 196 , 4677 ,-8.8 
 32.72 , 3.27 , 124.5 , 27.52 , 39 , 19.244 , 133.1 , 301 , 210 , 196 , 4680 ,-8.4 
 32.93 , 3.29 , 124.5 , 27.69 , 39 , 19.261 , 133.3 , 300 , 210 , 195 , 4679 ,-8.6 
 33.13 , 3.31 , 124.5 , 27.89 , 39 , 19.271 , 132.6 , 300 , 211 , 196 , 4679 ,-8.4 
 33.33 , 3.33 , 124.5 , 27.7 , 39 , 19.293 , 132.9 , 300 , 211 , 195 , 4681 ,-8.3 
 33.53 , 3.35 , 124.5 , 27.87 , 39 , 19.3 , 133.6 , 301 , 210 , 195 , 4678 ,-8.3 
 33.73 , 3.37 , 124.5 , 27.66 , 39 , 19.283 , 132.4 , 301 , 210 , 196 , 4679 ,-8.3 
 33.94 , 3.39 , 124.5 , 27.49 , 39 , 19.287 , 133.2 , 301 , 210 , 195 , 4677 ,-8.3 
 34.14 , 3.41 , 124.5 , 27.42 , 39 , 19.307 , 133.5 , 301 , 210 , 195 , 4677 ,-8.4 
 34.34 , 3.43 , 124.4 , 27.17 , 39 , 19.286 , 132.3 , 301 , 210 , 195 , 4675 ,-8.1 
 34.54 , 3.45 , 124.6 , 27.13 , 38 , 19.305 , 133.2 , 301 , 210 , 196 , 4682 ,-8.5 
 34.74 , 3.47 , 124.4 , 26.71 , 36 , 19.304 , 133.5 , 300 , 211 , 194 , 4675 ,-8.1 
 34.95 , 3.49 , 124.5 , 26.09 , 35 , 19.305 , 132.4 , 301 , 211 , 195 , 4679 ,-8.6 
 35.15 , 3.51 , 124.5 , 24.58 , 35 , 19.275 , 133.4 , 301 , 210 , 196 , 4681 ,-8.3 
 35.35 , 3.53 , 124.5 , 23.86 , 33 , 19.235 , 133.5 , 300 , 210 , 195 , 4678 ,-8.3 
 35.55 , 3.55 , 124.5 , 23.26 , 32 , 19.236 , 132.4 , 301 , 209 , 195 , 4677 ,-8 
 35.75 , 3.57 , 124.5 , 21.87 , 31 , 19.189 , 133 , 301 , 210 , 194 , 4677 ,-8.4 
 35.96 , 3.59 , 124.4 , 20.95 , 29 , 19.173 , 133.2 , 301 , 210 , 195 , 4679 ,-8.3 
 36.16 , 3.61 , 124.4 , 20.42 , 28 , 19.15 , 132.4 , 301 , 210 , 195 , 4678 ,-7.9 
 36.36 , 3.63 , 124.5 , 19.86 , 27 , 19.136 , 133.4 , 301 , 209 , 195 , 4680 ,-8.4 
 36.56 , 3.65 , 124.3 , 18.77 , 26 , 19.095 , 133.6 , 301 , 210 , 195 , 4680 ,-8.4 
 36.76 , 3.67 , 124.3 , 18.2 , 25 , 19.058 , 132.5 , 300 , 210 , 197 , 4681 ,-8.3 
 36.97 , 3.69 , 124.3 , 17.97 , 25 , 19.04 , 132.7 , 301 , 210 , 196 , 4678 ,-8.8 
 37.17 , 3.71 , 124.3 , 16.89 , 24 , 18.994 , 133.6 , 301 , 211 , 195 , 4679 ,-8 
 37.37 , 3.73 , 124.3 , 16.62 , 23 , 18.987 , 132.6 , 300 , 211 , 196 , 4678 ,-8.1 
 37.57 , 3.75 , 124.2 , 16.24 , 23 , 18.957 , 133 , 300 , 210 , 196 , 4679 ,-8.8 
 37.77 , 3.77 , 124.2 , 16.24 , 22 , 18.944 , 133.4 , 300 , 211 , 196 , 4679 ,-8.5 
 37.98 , 3.79 , 124.2 , 15.82 , 21 , 18.913 , 132.5 , 300 , 211 , 195 , 4678 ,-8.4 
 38.18 , 3.81 , 124.2 , 15.78 , 22 , 18.908 , 133.3 , 300 , 211 , 196 , 4680 ,-8.5 
 38.38 , 3.83 , 124.2 , 15.78 , 22 , 18.906 , 133.3 , 301 , 210 , 196 , 4678 ,-8.3 
 38.58 , 3.85 , 124.2 , 15.75 , 22 , 18.912 , 132.4 , 301 , 210 , 196 , 4678 ,-9 
 38.78 , 3.87 , 124.2 , 15.79 , 22 , 18.9 , 132.9 , 300 , 211 , 196 , 4677 ,-8.5 
 38.99 , 3.89 , 124.2 , 15.85 , 22 , 18.905 , 133.2 , 301 , 211 , 196 , 4681 ,-8.5 
 39.19 , 3.91 , 124.3 , 15.83 , 22 , 18.895 , 132.6 , 300 , 211 , 196 , 4680 ,-8.8 
 39.39 , 3.93 , 124.1 , 15.75 , 23 , 18.899 , 132.7 , 300 , 211 , 196 , 4680 ,-8.9 
 39.59 , 3.95 , 124.2 , 16.45 , 24 , 18.889 , 133.8 , 300 , 211 , 196 , 4678 ,-8.8 
 39.79 , 3.98 , 124.1 , 16.93 , 25 , 18.914 , 132.7 , 300 , 211 , 196 , 4678 ,-8.8 
 40 , 4 , 124.3 , 18.19 , 26 , 18.954 , 132.6 , 300 , 211 , 196 , 4676 ,-8.4 
 40.2 , 4.02 , 124.2 , 18.86 , 28 , 18.972 , 133.7 , 301 , 211 , 197 , 4678 ,-8.8 
 40.4 , 4.04 , 124.1 , 19.58 , 29 , 19.002 , 132.4 , 300 , 212 , 196 , 4677 ,-7.9 
 40.6 , 4.06 , 124.3 , 21.2 , 30 , 19.061 , 132.6 , 301 , 212 , 196 , 4677 ,-8 
 40.8 , 4.08 , 124.3 , 21.88 , 32 , 19.096 , 133.3 , 300 , 211 , 196 , 4679 ,-8.5 
 41.01 , 4.1 , 124.3 , 22.56 , 33 , 19.124 , 132.9 , 300 , 212 , 196 , 4678 ,-8.1 
 41.21 , 4.12 , 124.3 , 23.29 , 34 , 19.144 , 132.6 , 300 , 212 , 197 , 4679 ,-8.1 
 41.41 , 4.14 , 124.3 , 24.57 , 36 , 19.219 , 133.6 , 300 , 211 , 196 , 4679 ,-8.3 
 41.61 , 4.16 , 124.4 , 25.21 , 37 , 19.24 , 132.5 , 301 , 211 , 196 , 4677 ,-8.4 
 41.81 , 4.18 , 124.5 , 25.81 , 38 , 19.254 , 133 , 301 , 211 , 196 , 4679 ,-8.4 
 42.02 , 4.2 , 124.4 , 26.66 , 38 , 19.285 , 133.1 , 301 , 211 , 195 , 4678 ,-8.6 
 42.22 , 4.22 , 124.5 , 27.05 , 38 , 19.3 , 132.4 , 301 , 211 , 195 , 4677 ,-8.1 
 42.42 , 4.24 , 124.5 , 27.17 , 39 , 19.325 , 133 , 301 , 210 , 196 , 4680 ,-8.4 
 42.62 , 4.26 , 124.5 , 27.47 , 39 , 19.343 , 133.4 , 301 , 210 , 196 , 4676 ,-8 
 42.82 , 4.28 , 124.6 , 27.63 , 40 , 19.363 , 132.5 , 300 , 211 , 195 , 4681 ,-8.4 
 43.03 , 4.3 , 124.6 , 27.87 , 39 , 19.367 , 133.3 , 301 , 211 , 195 , 4678 ,-8.4 
 43.23 , 4.32 , 124.5 , 27.78 , 39 , 19.379 , 133.5 , 301 , 210 , 195 , 4678 ,-8.1 
 43.43 , 4.34 , 124.6 , 27.66 , 39 , 19.393 , 132.5 , 300 , 210 , 195 , 4678 ,-8.3 
 43.63 , 4.36 , 124.6 , 27.74 , 38 , 19.389 , 132.7 , 301 , 210 , 195 , 4676 ,-8.6 
 43.83 , 4.38 , 124.4 , 27.47 , 39 , 19.375 , 133.7 , 301 , 211 , 195 , 4676 ,-8.8 
 44.04 , 4.4 , 124.5 , 27.44 , 39 , 19.405 , 132.6 , 300 , 210 , 195 , 4678 ,-8.3 
 44.24 , 4.42 , 124.5 , 27.36 , 38 , 19.396 , 132.8 , 300 , 210 , 195 , 4678 ,-8.1 
 44.44 , 4.44 , 124.6 , 27.26 , 38 , 19.404 , 133.4 , 300 , 211 , 195 , 4681 ,-8.5 
 44.64 , 4.46 , 124.6 , 27.26 , 38 , 19.414 , 132.4 , 301 , 211 , 195 , 4677 ,-8.4 
 44.84 , 4.48 , 124.5 , 25.96 , 36 , 19.408 , 132.8 , 301 , 210 , 195 , 4680 ,-8.5 
 45.05 , 4.5 , 124.6 , 25.31 , 35 , 19.394 , 133.6 , 300 , 211 , 195 , 4679 ,-8.6 
 45.25 , 4.52 , 124.6 , 24.6 , 33 , 19.375 , 132.6 , 300 , 210 , 196 , 4678 ,-8.6 
 45.45 , 4.54 , 124.5 , 23.16 , 32 , 19.326 , 132.5 , 301 , 210 , 195 , 4676 ,-8.3 
 45.65 , 4.56 , 124.5 , 22.31 , 31 , 19.306 , 133.3 , 301 , 209 , 195 , 4677 ,-8.4 
 45.85 , 4.58 , 124.5 , 21.76 , 30 , 19.297 , 132.5 , 300 , 210 , 195 , 4679 ,-7.9 
 46.06 , 4.6 , 124.6 , 21.09 , 28 , 19.285 , 132.4 , 301 , 211 , 195 , 4677 ,-8.3 
 46.26 , 4.62 , 124.5 , 19.84 , 28 , 19.216 , 133.2 , 301 , 210 , 196 , 4680 ,-8.3 
 46.46 , 4.64 , 124.5 , 19.31 , 26 , 19.212 , 132.5 , 300 , 210 , 196 , 4681 ,-8.8 
 46.66 , 4.66 , 124.3 , 18.75 , 25 , 19.189 , 133.2 , 301 , 210 , 195 , 4679 ,-8.5 
 46.86 , 4.68 , 124.4 , 17.71 , 25 , 19.148 , 133.5 , 300 , 210 , 195 , 4677 ,-8.1 
 47.07 , 4.7 , 124.3 , 17.36 , 24 , 19.121 , 132.8 , 300 , 211 , 195 , 4678 ,-8 
 47.27 , 4.72 , 124.3 , 16.9 , 23 , 19.096 , 133.1 , 300 , 210 , 196 , 4681 ,-8.8 
 47.47 , 4.74 , 124.3 , 16.59 , 23 , 19.073 , 133.5 , 301 , 211 , 195 , 4676 ,-8.6 
 47.67 , 4.76 , 124.2 , 15.89 , 22 , 19.029 , 133 , 301 , 211 , 196 , 4677 ,-8.1 
 47.87 , 4.78 , 124.3 , 15.93 , 22 , 19.025 , 132.7 , 300 , 211 , 196 , 4679 ,-8.3 
 48.08 , 4.8 , 124.3 , 15.95 , 22 , 19.032 , 133.8 , 300 , 211 , 196 , 4680 ,-8.6 
 48.28 , 4.82 , 124.3 , 15.7 , 23 , 19.016 , 132.6 , 300 , 211 , 196 , 4678 ,-7.8 
 48.48 , 4.84 , 124.3 , 15.85 , 22 , 18.992 , 133.4 , 299 , 212 , 196 , 4680 ,-9 
 48.68 , 4.86 , 124.4 , 15.76 , 23 , 19.011 , 133.5 , 300 , 211 , 196 , 4679 ,-8.6 
 48.88 , 4.88 , 124.2 , 15.66 , 22 , 19.01 , 132.4 , 300 , 212 , 196 , 4677 ,-8.3 
 49.09 , 4.9 , 124.3 , 15.87 , 22 , 19.01 , 132.5 , 300 , 212 , 195 , 4678 ,-7.9 
 49.29 , 4.92 , 124.3 , 15.93 , 23 , 19.009 , 133.6 , 301 , 211 , 196 , 4681 ,-8.9 
 49.49 , 4.94 , 124.2 , 16.08 , 23 , 18.993 , 132.4 , 300 , 211 , 196 , 4677 ,-8.1 
 49.69 , 4.97 , 124.3 , 16.97 , 24 , 19.023 , 132.7 , 300 , 212 , 196 , 4677 ,-8 
 49.89 , 4.99 , 124.3 , 17.52 , 26 , 19.039 , 133.7 , 300 , 211 , 196 , 4678 ,-8.8 
 50.1 , 5.01 , 124.3 , 18.26 , 27 , 19.064 , 132.5 , 300 , 211 , 196 , 4680 ,-8.9 
 50.3 , 5.03 , 124.3 , 19.52 , 28 , 19.102 , 132.7 , 300 , 212 , 196 , 4677 ,-7.9 
 50.5 , 5.05 , 124.4 , 20.27 , 29 , 19.146 , 133.3 , 300 , 212 , 196 , 4677 ,-8.9 
 50.7 , 5.07 , 124.5 , 21.08 , 32 , 19.164 , 132.7 , 300 , 212 , 196 , 4678 ,-8.4 
 50.9 , 5.09 , 124.5 , 21.83 , 32 , 19.198 , 132.7 , 301 , 211 , 196 , 4677 ,-8.8 
 51.11 , 5.11 , 124.4 , 23.24 , 34 , 19.256 , 133.6 , 300 , 211 , 197 , 4680 ,-8.4 
 51.31 , 5.13 , 124.4 , 24.12 , 35 , 19.28 , 132.7 , 300 , 211 , 196 , 4679 ,-8.6 
 51.51 , 5.15 , 124.5 , 24.58 , 36 , 19.3 , 133 , 301 , 211 , 196 , 4680 ,-8.8 
 51.71 , 5.17 , 124.6 , 25.86 , 36 , 19.367 , 133.5 , 300 , 211 , 196 , 4678 ,-8.6 
 51.91 , 5.19 , 124.5 , 26.19 , 38 , 19.387 , 133.2 , 300 , 211 , 196 , 4681 ,-8.4 
 52.12 , 5.21 , 124.6 , 26.74 , 38 , 19.385 , 132.6 , 301 , 211 , 195 , 4678 ,-8.5 
 52.32 , 5.23 , 124.6 , 27.57 , 38 , 19.425 , 133 , 301 , 210 , 195 , 4677 ,-8.4 
 52.52 , 5.25 , 124.6 , 27.62 , 39 , 19.442 , 132.9 , 301 , 211 , 195 , 4677 ,-8.5 
 52.72 , 5.27 , 124.6 , 27.79 , 40 , 19.477 , 132.4 , 301 , 211 , 196 , 4677 ,-7.8 
 52.92 , 5.29 , 124.7 , 28.08 , 40 , 19.46 , 133.5 , 300 , 210 , 196 , 4679 ,-8 
 53.13 , 5.31 , 124.6 , 28.21 , 40 , 19.502 , 133 , 301 , 211 , 194 , 4676 ,-8.5 
 53.33 , 5.33 , 124.7 , 27.99 , 39 , 19.501 , 132.7 , 301 , 210 , 195 , 4678 ,-8.3 
 53.53 , 5.35 , 124.7 , 27.85 , 39 , 19.523 , 133.3 , 301 , 210 , 195 , 4678 ,-8.1 
 53.73 , 5.37 , 124.7 , 27.68 , 39 , 19.509 , 132.9 , 301 , 210 , 196 , 4678 ,-8.8 
 53.93 , 5.39 , 124.7 , 27.62 , 39 , 19.524 , 132.9 , 301 , 211 , 195 , 4678 ,-8.8 
 54.14 , 5.41 , 124.7 , 27.46 , 39 , 19.514 , 133.8 , 301 , 209 , 196 , 4679 ,-8.3 
 54.34 , 5.43 , 124.7 , 27.55 , 39 , 19.516 , 133.2 , 301 , 210 , 196 , 4679 ,-8.3 
 54.54 , 5.45 , 124.7 , 27.11 , 37 , 19.513 , 132.4 , 301 , 211 , 196 , 4678 ,-8.3 
 54.74 , 5.47 , 124.8 , 26.77 , 37 , 19.517 , 133.3 , 300 , 210 , 195 , 4678 ,-8.4 
 54.94 , 5.49 , 124.7 , 25.93 , 35 , 19.519 , 133.4 , 300 , 210 , 195 , 4677 ,-8 
 55.15 , 5.51 , 124.6 , 24.31 , 34 , 19.492 , 132.5 , 301 , 210 , 195 , 4679 ,-8.6 
 55.35 , 5.53 , 124.7 , 23.76 , 33 , 19.459 , 133.7 , 301 , 210 , 196 , 4677 ,-8.8 
 55.55 , 5.55 , 124.7 , 23.11 , 31 , 19.439 , 133.2 , 300 , 210 , 195 , 4678 ,-7.6 
 55.75 , 5.57 , 124.7 , 21.8 , 30 , 19.404 , 132.5 , 301 , 210 , 195 , 4680 ,-8.8 
 55.95 , 5.59 , 124.7 , 20.89 , 29 , 19.38 , 133.3 , 301 , 210 , 195 , 4678 ,-8.3 
 56.16 , 5.61 , 124.6 , 20.33 , 28 , 19.348 , 133.5 , 301 , 210 , 195 , 4678 ,-8.1 
 56.36 , 5.63 , 124.6 , 19.81 , 27 , 19.327 , 132.4 , 301 , 210 , 196 , 4677 ,-7.6 
 56.56 , 5.65 , 124.6 , 18.64 , 26 , 19.303 , 133.1 , 301 , 210 , 195 , 4680 ,-8.4 
 56.76 , 5.67 , 124.5 , 18.17 , 25 , 19.284 , 133.2 , 301 , 210 , 196 , 4678 ,-8.5 
 56.96 , 5.69 , 124.5 , 17.6 , 25 , 19.264 , 132.5 , 300 , 211 , 195 , 4678 ,-8.1 
 57.17 , 5.71 , 124.4 , 16.89 , 23 , 19.209 , 133.2 , 300 , 210 , 195 , 4677 ,-8.3 
 57.37 , 5.73 , 124.4 , 16.4 , 22 , 19.183 , 133.7 , 301 , 210 , 195 , 4676 ,-7.9 
 57.57 , 5.75 , 124.3 , 16.22 , 23 , 19.15 , 132.5 , 301 , 211 , 196 , 4678 ,-8.3 
 57.77 , 5.77 , 124.4 , 16.04 , 22 , 19.146 , 133 , 300 , 211 , 196 , 4679 ,-8.4 
 57.97 , 5.79 , 124.4 , 15.85 , 22 , 19.116 , 133.1 , 300 , 211 , 196 , 4677 ,-8.3 
 58.18 , 5.81 , 124.4 , 15.69 , 22 , 19.11 , 132.5 , 300 , 211 , 195 , 4678 ,-8.6 
 58.38 , 5.83 , 124.4 , 15.76 , 22 , 19.113 , 133 , 300 , 211 , 196 , 4681 ,-9 
 58.58 , 5.85 , 124.4 , 15.78 , 22 , 19.097 , 133.1 , 300 , 212 , 196 , 4680 ,-8.8 
 58.78 , 5.87 , 124.3 , 15.76 , 22 , 19.1 , 132.2 , 301 , 211 , 196 , 4680 ,-8.1 
 58.98 , 5.89 , 124.2 , 15.69 , 22 , 19.107 , 133.4 , 300 , 211 , 196 , 4680 ,-8.5 
 59.19 , 5.91 , 124.3 , 15.84 , 22 , 19.099 , 133.2 , 300 , 211 , 196 , 4678 ,-8.4 
 59.39 , 5.93 , 124.3 , 15.97 , 24 , 19.091 , 132.5 , 301 , 211 , 196 , 4677 ,-8.4 
 59.59 , 5.96 , 124.5 , 16.54 , 24 , 19.11 , 133.3 , 300 , 211 , 195 , 4679 ,-8.1 
 59.79 , 5.98 , 124.3 , 16.87 , 25 , 19.119 , 133.2 , 300 , 211 , 196 , 4677 ,-8.6 
 59.99 , 6 , 124.4 , 18.2 , 27 , 19.161 , 132.3 , 300 , 211 , 196 , 4680 ,-8.4 
 60.2 , 6.02 , 124.4 , 18.91 , 28 , 19.194 , 133.3 , 300 , 212 , 196 , 4678 ,-8.3 
 60.4 , 6.04 , 124.4 , 19.48 , 29 , 19.222 , 133.5 , 301 , 211 , 196 , 4678 ,-8.3 
 60.6 , 6.06 , 124.5 , 20.9 , 30 , 19.278 , 132.2 , 300 , 211 , 197 , 4679 ,-8.6 
 60.8 , 6.08 , 124.4 , 21.66 , 31 , 19.305 , 133.1 , 300 , 212 , 196 , 4677 ,-8.8 
 61 , 6.1 , 124.5 , 22.48 , 33 , 19.349 , 133.4 , 300 , 211 , 196 , 4677 ,-8.1 
 61.21 , 6.12 , 124.5 , 23.24 , 34 , 19.367 , 132.7 , 300 , 212 , 196 , 4678 ,-8.4 
 61.41 , 6.14 , 124.6 , 24.47 , 35 , 19.433 , 133.3 , 300 , 211 , 196 , 4678 ,-8.1 
 61.61 , 6.16 , 124.6 , 25.28 , 37 , 19.439 , 133.3 , 301 , 211 , 195 , 4681 ,-8.3 
 61.81 , 6.18 , 124.6 , 25.76 , 38 , 19.474 , 132.2 , 301 , 211 , 195 , 4676 ,-8.4 
 62.01 , 6.2 , 124.6 , 26.66 , 38 , 19.503 , 132.9 , 300 , 211 , 196 , 4680 ,-8.4 
 62.22 , 6.22 , 124.6 , 26.81 , 39 , 19.52 , 133.6 , 301 , 210 , 196 , 4677 ,-8.1 
 62.42 , 6.24 , 124.7 , 27.24 , 39 , 19.535 , 132.4 , 300 , 210 , 196 , 4680 ,-8.3 
 62.62 , 6.26 , 124.7 , 27.44 , 39 , 19.552 , 132.5 , 301 , 211 , 196 , 4679 ,-8.5 
 62.82 , 6.28 , 124.7 , 27.71 , 39 , 19.569 , 133.5 , 301 , 210 , 196 , 4679 ,-8 
 63.02 , 6.3 , 124.8 , 27.87 , 39 , 19.568 , 132.4 , 301 , 210 , 195 , 4678 ,-8.3 
 63.23 , 6.32 , 124.8 , 27.86 , 39 , 19.576 , 133.1 , 301 , 211 , 195 , 4681 ,-8.4 
 63.43 , 6.34 , 124.7 , 27.63 , 40 , 19.6 , 133.3 , 302 , 210 , 196 , 4683 ,-8.3 
 63.63 , 6.36 , 124.7 , 27.84 , 39 , 19.597 , 133.1 , 301 , 211 , 195 , 4678 ,-8.4 
 63.83 , 6.38 , 124.8 , 27.67 , 38 , 19.6 , 132.9 , 301 , 210 , 196 , 4677 ,-8.8 
 64.03 , 6.4 , 124.8 , 27.57 , 39 , 19.598 , 133.8 , 301 , 210 , 196 , 4676 ,-8.5 
 64.24 , 6.42 , 124.7 , 27.48 , 38 , 19.596 , 132.6 , 301 , 210 , 195 , 4679 ,-8.9 
 64.44 , 6.44 , 124.8 , 27.43 , 38 , 19.609 , 132.4 , 301 , 210 , 196 , 4680 ,-8.8 
 64.64 , 6.46 , 124.6 , 27.13 , 37 , 19.604 , 133.5 , 300 , 211 , 195 , 4682 ,-8.9 
 64.84 , 6.48 , 124.8 , 26.24 , 36 , 19.591 , 132.5 , 301 , 210 , 196 , 4679 ,-8.1 
 65.04 , 6.5 , 124.9 , 25.4 , 35 , 19.581 , 132.8 , 300 , 210 , 195 , 4677 ,-8.6 
 65.25 , 6.52 , 124.8 , 24.63 , 34 , 19.573 , 133.5 , 301 , 210 , 195 , 4679 ,-8.3 
 65.45 , 6.54 , 124.6 , 23.11 , 32 , 19.526 , 132.5 , 301 , 211 , 194 , 4676 ,-8.9 
 65.65 , 6.56 , 124.8 , 22.34 , 31 , 19.525 , 132.5 , 300 , 210 , 195 , 4678 ,-8.3 
 65.85 , 6.58 , 124.7 , 21.67 , 30 , 19.493 , 133.4 , 301 , 210 , 196 , 4679 ,-8.4 
 66.05 , 6.6 , 124.7 , 20.9 , 28 , 19.463 , 133.1 , 300 , 210 , 196 , 4679 ,-8.4 
 66.26 , 6.62 , 124.6 , 19.78 , 27 , 19.436 , 132.7 , 300 , 210 , 196 , 4677 ,-8 
 66.46 , 6.64 , 124.7 , 19.22 , 27 , 19.407 , 133.5 , 300 , 210 , 196 , 4679 ,-8.3 
 66.66 , 6.66 , 124.7 , 18.78 , 25 , 19.389 , 133.4 , 301 , 210 , 195 , 4680 ,-8.8 
 66.86 , 6.68 , 124.5 , 17.67 , 25 , 19.35 , 133 , 301 , 210 , 195 , 4679 ,-8.3 
 67.06 , 6.7 , 124.6 , 17.54 , 24 , 19.324 , 133.4 , 300 , 210 , 196 , 4680 ,-8.5 
 67.27 , 6.72 , 124.6 , 16.97 , 23 , 19.298 , 133.1 , 300 , 211 , 195 , 4679 ,-8.9 
 67.47 , 6.74 , 124.5 , 16.38 , 23 , 19.266 , 131.8 , 300 , 211 , 196 , 4676 ,-8.3 
 67.67 , 6.76 , 124.6 , 16.19 , 23 , 19.245 , 133.3 , 300 , 211 , 196 , 4677 ,-7.8 
 67.87 , 6.78 , 124.3 , 16.07 , 23 , 19.221 , 133.3 , 300 , 211 , 196 , 4680 ,-8.3 
 68.07 , 6.8 , 124.5 , 15.85 , 22 , 19.217 , 132.5 , 301 , 211 , 196 , 4680 ,-8.4 
 68.28 , 6.82 , 124.6 , 15.72 , 22 , 19.207 , 133.1 , 300 , 212 , 195 , 4676 ,-8.4 
 68.48 , 6.84 , 124.5 , 15.68 , 22 , 19.209 , 133.1 , 300 , 211 , 196 , 4679 ,-8.4 
 68.68 , 6.86 , 124.5 , 15.79 , 23 , 19.206 , 132.4 , 300 , 212 , 196 , 4677 ,-8.5 
 68.88 , 6.88 , 124.5 , 15.88 , 22 , 19.2 , 133.4 , 300 , 211 , 196 , 4678 ,-8.3 
 69.08 , 6.9 , 124.5 , 15.87 , 23 , 19.196 , 133.2 , 300 , 211 , 197 , 4679 ,-8.3 
 69.29 , 6.92 , 124.4 , 15.82 , 23 , 19.201 , 132.3 , 300 , 211 , 196 , 4677 ,-8 
 69.49 , 6.95 , 124.4 , 16.07 , 24 , 19.199 , 133.3 , 300 , 211 , 196 , 4679 ,-8.4 
 69.69 , 6.97 , 124.5 , 16.85 , 25 , 19.22 , 133.2 , 300 , 211 , 197 , 4678 ,-8.3 
 69.89 , 6.99 , 124.5 , 17.59 , 25 , 19.243 , 132.3 , 300 , 211 , 196 , 4680 ,-8.5 
 70.09 , 7.01 , 124.4 , 18.21 , 27 , 19.261 , 133.4 , 301 , 212 , 196 , 4677 ,-8.1 
 70.3 , 7.03 , 124.6 , 19.62 , 28 , 19.309 , 133.6 , 300 , 212 , 197 , 4679 ,-8.4 
 70.5 , 7.05 , 124.5 , 20.33 , 30 , 19.353 , 132.7 , 300 , 212 , 196 , 4680 ,-8.6 
 70.7 , 7.07 , 124.6 , 21.15 , 31 , 19.375 , 132.7 , 300 , 212 , 197 , 4678 ,-8.4 
 70.9 , 7.09 , 124.6 , 21.72 , 32 , 19.395 , 133.8 , 301 , 212 , 196 , 4681 ,-8.9 
 71.1 , 7.11 , 124.7 , 23.41 , 33 , 19.44 , 132.8 , 300 , 212 , 196 , 4679 ,-8.1 
 71.31 , 7.13 , 124.7 , 23.97 , 35 , 19.48 , 132.7 , 301 , 211 , 196 , 4677 ,-8.4 
 71.51 , 7.15 , 124.8 , 24.85 , 36 , 19.503 , 133.4 , 301 , 211 , 196 , 4679 ,-8.5 
 71.71 , 7.17 , 124.8 , 25.79 , 36 , 19.548 , 132.6 , 300 , 211 , 197 , 4677 ,-8.5 
 71.91 , 7.19 , 124.7 , 26.24 , 38 , 19.566 , 132.5 , 300 , 211 , 197 , 4679 ,-8.4 
 72.11 , 7.21 , 124.7 , 26.64 , 38 , 19.587 , 133.4 , 301 , 211 , 196 , 4677 ,-8.1 
 72.32 , 7.23 , 124.8 , 27.16 , 39 , 19.632 , 133 , 300 , 210 , 196 , 4678 ,-7.9 
 72.52 , 7.25 , 124.7 , 27.33 , 39 , 19.623 , 133 , 300 , 211 , 196 , 4679 ,-8.3 
 72.72 , 7.27 , 124.8 , 27.64 , 39 , 19.645 , 133.4 , 301 , 211 , 195 , 4678 ,-8 
 72.92 , 7.29 , 124.7 , 27.84 , 39 , 19.655 , 132.6 , 300 , 211 , 196 , 4680 ,-8.6 
 73.12 , 7.31 , 124.9 , 27.73 , 39 , 19.665 , 132.8 , 301 , 210 , 196 , 4679 ,-8.6 
 73.33 , 7.33 , 124.8 , 27.9 , 39 , 19.668 , 133.5 , 301 , 211 , 196 , 4678 ,-8.3 
 73.53 , 7.35 , 124.8 , 27.85 , 39 , 19.686 , 133.3 , 301 , 211 , 195 , 4678 ,-8.5 
 73.73 , 7.37 , 124.9 , 27.67 , 39 , 19.683 , 132.3 , 301 , 211 , 196 , 4678 ,-8.4 
 73.93 , 7.39 , 124.8 , 27.68 , 39 , 19.677 , 133.4 , 301 , 210 , 195 , 4678 ,-8 
 74.13 , 7.41 , 124.8 , 27.45 , 39 , 19.664 , 133 , 301 , 211 , 195 , 4678 ,-8.4 
 74.34 , 7.43 , 124.8 , 27.48 , 39 , 19.686 , 132.4 , 301 , 210 , 195 , 4679 ,-8.3 
 74.54 , 7.45 , 124.8 , 27.12 , 39 , 19.691 , 133.5 , 301 , 211 , 196 , 4680 ,-8.5 
 74.74 , 7.47 , 124.8 , 26.74 , 37 , 19.683 , 133 , 300 , 211 , 195 , 4680 ,-8.8 
 74.94 , 7.49 , 124.9 , 25.96 , 36 , 19.681 , 132.9 , 300 , 211 , 195 , 4679 ,-8.6 
 75.14 , 7.51 , 124.8 , 24.57 , 34 , 19.64 , 133.5 , 301 , 210 , 196 , 4679 ,-8.3 
 75.35 , 7.53 , 124.8 , 23.75 , 32 , 19.621 , 133.1 , 300 , 210 , 195 , 4679 ,-8.8 
 75.55 , 7.55 , 124.9 , 23.06 , 31 , 19.609 , 132.3 , 301 , 210 , 196 , 4680 ,-8.5 
 75.75 , 7.57 , 124.8 , 21.68 , 30 , 19.578 , 133.7 , 301 , 210 , 196 , 4679 ,-8.5 
 75.95 , 7.59 , 124.7 , 21.05 , 29 , 19.562 , 133.1 , 301 , 211 , 195 , 4679 ,-8.4 
 76.15 , 7.61 , 124.7 , 20.47 , 27 , 19.523 , 132.3 , 300 , 210 , 195 , 4678 ,-8.8 
 76.36 , 7.63 , 124.7 , 19.86 , 27 , 19.507 , 133.2 , 301 , 210 , 196 , 4678 ,-8.1 
 76.56 , 7.65 , 124.6 , 18.78 , 26 , 19.471 , 133 , 301 , 210 , 196 , 4680 ,-8.6 
 76.76 , 7.67 , 124.7 , 18.18 , 25 , 19.442 , 132.3 , 300 , 211 , 195 , 4677 ,-8.1 
 76.96 , 7.69 , 124.6 , 17.71 , 24 , 19.429 , 133.1 , 301 , 211 , 196 , 4679 ,-8.4 
 77.16 , 7.71 , 124.6 , 16.96 , 23 , 19.375 , 133.2 , 301 , 210 , 196 , 4679 ,-8.6 
 77.37 , 7.73 , 124.6 , 16.53 , 23 , 19.364 , 132.3 , 301 , 211 , 196 , 4677 ,-8.3 
 77.57 , 7.75 , 124.5 , 16.19 , 22 , 19.332 , 132.6 , 300 , 211 , 196 , 4678 ,-8.9 
 77.77 , 7.77 , 124.6 , 16.12 , 22 , 19.311 , 133.5 , 300 , 211 , 196 , 4677 ,-8.4 
 77.97 , 7.79 , 124.4 , 15.88 , 22 , 19.299 , 132.3 , 300 , 211 , 196 , 4680 ,-8.9 
 78.17 , 7.81 , 124.6 , 15.89 , 23 , 19.286 , 133 , 300 , 211 , 197 , 4680 ,-8.5 
 78.38 , 7.83 , 124.5 , 15.74 , 22 , 19.279 , 133.4 , 300 , 211 , 196 , 4679 ,-8.6 
 78.58 , 7.85 , 124.6 , 15.79 , 23 , 19.278 , 132.4 , 300 , 211 , 197 , 4681 ,-8.6 
 78.78 , 7.87 , 124.6 , 15.66 , 23 , 19.282 , 132.6 , 300 , 212 , 197 , 4679 ,-8.5 
 78.98 , 7.89 , 124.5 , 15.82 , 22 , 19.273 , 133.4 , 300 , 212 , 195 , 4678 ,-8.4 
 79.18 , 7.91 , 124.6 , 16.06 , 23 , 19.274 , 132.5 , 300 , 211 , 196 , 4681 ,-8.8 
 79.39 , 7.94 , 124.5 , 16.06 , 23 , 19.294 , 132.8 , 301 , 211 , 197 , 4680 ,-8.3 
 79.59 , 7.96 , 124.5 , 16.57 , 23 , 19.287 , 133.7 , 301 , 211 , 197 , 4680 ,-8.3 
 79.79 , 7.98 , 124.5 , 16.98 , 25 , 19.295 , 132.7 , 301 , 211 , 197 , 4678 ,-8.1 
 79.99 , 8 , 124.5 , 18.2 , 26 , 19.353 , 132.4 , 301 , 212 , 196 , 4680 ,-8.6 
 80.19 , 8.02 , 124.6 , 18.99 , 28 , 19.365 , 133.2 , 301 , 212 , 197 , 4680 ,-8 
 80.4 , 8.04 , 124.6 , 19.66 , 28 , 19.392 , 132.9 , 301 , 212 , 196 , 4677 ,-8.3 
 80.6 , 8.06 , 124.7 , 21.02 , 30 , 19.453 , 132.3 , 300 , 212 , 196 , 4676 ,-8.6 
 80.8 , 8.08 , 124.7 , 21.73 , 32 , 19.481 , 133.5 , 300 , 212 , 197 , 4681 ,-8.8 
 81 , 8.1 , 124.7 , 22.54 , 33 , 19.512 , 133.2 , 301 , 211 , 197 , 4678 ,-8.5 
 81.2 , 8.12 , 124.7 , 23.1 , 34 , 19.541 , 132.1 , 301 , 212 , 197 , 4680 ,-8.5 
 81.41 , 8.14 , 124.8 , 24.5 , 35 , 19.6 , 133.4 , 300 , 211 , 196 , 4681 ,-8.1 
 81.61 , 8.16 , 124.8 , 25.3 , 36 , 19.619 , 132.7 , 301 , 211 , 196 , 4677 ,-8.8 
 81.81 , 8.18 , 124.9 , 25.73 , 38 , 19.645 , 132.2 , 300 , 212 , 196 , 4679 ,-8.4 
 82.01 , 8.2 , 124.8 , 26.7 , 38 , 19.688 , 133.3 , 301 , 210 , 196 , 4678 ,-8.1 
 82.21 , 8.22 , 124.9 , 27.09 , 39 , 19.691 , 133.3 , 301 , 211 , 196 , 4678 ,-8.6 
 82.42 , 8.24 , 125 , 27.33 , 38 , 19.703 , 132.4 , 301 , 211 , 196 , 4677 ,-8.3 
 82.62 , 8.26 , 124.9 , 27.45 , 39 , 19.714 , 132.6 , 300 , 211 , 196 , 4681 ,-8.3 
 82.82 , 8.28 , 124.9 , 27.77 , 39 , 19.734 , 133.4 , 301 , 211 , 196 , 4678 ,-8.4 
 83.02 , 8.3 , 124.9 , 27.94 , 39 , 19.746 , 132.7 , 300 , 211 , 196 , 4679 ,-8.6 
 83.22 , 8.32 , 124.8 , 27.94 , 40 , 19.743 , 133.1 , 301 , 211 , 196 , 4679 ,-8.5 
 83.43 , 8.34 , 124.8 , 27.7 , 40 , 19.748 , 133.6 , 301 , 210 , 196 , 4679 ,-8.1 
 83.63 , 8.36 , 124.9 , 27.73 , 39 , 19.774 , 132.3 , 301 , 211 , 196 , 4679 ,-8.3 
 83.83 , 8.38 , 125 , 27.72 , 39 , 19.762 , 132.9 , 301 , 211 , 196 , 4678 ,-8.4 
 84.03 , 8.4 , 124.8 , 27.65 , 38 , 19.765 , 133.5 , 301 , 211 , 196 , 4679 ,-8.8 
 84.23 , 8.42 , 124.9 , 27.64 , 39 , 19.763 , 132.9 , 301 , 211 , 196 , 4679 ,-8.5 
 84.44 , 8.44 , 124.8 , 27.48 , 38 , 19.752 , 132.6 , 301 , 210 , 196 , 4678 ,-8.8 
 84.64 , 8.46 , 124.8 , 27.3 , 37 , 19.762 , 133.2 , 301 , 210 , 196 , 4679 ,-8.5 
 84.84 , 8.48 , 124.9 , 26.1 , 36 , 19.764 , 132.6 , 301 , 211 , 196 , 4676 ,-8.4 
 85.04 , 8.5 , 124.9 , 25.31 , 35 , 19.743 , 132.5 , 301 , 211 , 196 , 4678 ,-8.1 
 85.24 , 8.52 , 124.9 , 24.62 , 33 , 19.733 , 133.4 , 301 , 210 , 196 , 4678 ,-8 
 85.45 , 8.54 , 124.8 , 23.17 , 32 , 19.682 , 132.6 , 300 , 210 , 196 , 4676 ,-8.4 
 85.65 , 8.56 , 125 , 22.29 , 31 , 19.67 , 132.2 , 301 , 210 , 196 , 4680 ,-8.6 
 85.85 , 8.58 , 124.9 , 21.72 , 30 , 19.667 , 133.2 , 301 , 211 , 195 , 4676 ,-8.4 
 86.05 , 8.6 , 124.8 , 20.96 , 28 , 19.622 , 132.9 , 301 , 210 , 196 , 4679 ,-8.3 
 86.25 , 8.62 , 124.7 , 19.69 , 27 , 19.597 , 132.6 , 301 , 211 , 195 , 4682 ,-8.8 
 86.46 , 8.64 , 124.8 , 19.2 , 26 , 19.564 , 133.2 , 301 , 210 , 196 , 4679 ,-8.8 
 86.66 , 8.66 , 124.7 , 18.64 , 26 , 19.55 , 133.3 , 301 , 211 , 195 , 4680 ,-8.8 
 86.86 , 8.68 , 124.7 , 17.77 , 25 , 19.5 , 132.3 , 301 , 211 , 196 , 4679 ,-8.5 
 87.06 , 8.7 , 124.7 , 17.52 , 24 , 19.473 , 133.1 , 300 , 211 , 196 , 4678 ,-8.6 
 87.26 , 8.72 , 124.7 , 17.01 , 23 , 19.459 , 133.4 , 300 , 211 , 196 , 4679 ,-8.6 
 87.47 , 8.74 , 124.7 , 16.38 , 23 , 19.415 , 132.4 , 301 , 211 , 197 , 4677 ,-8.5 
 87.67 , 8.76 , 124.6 , 16.14 , 23 , 19.389 , 132.9 , 301 , 211 , 196 , 4678 ,-8.3 
 87.87 , 8.78 , 124.6 , 15.98 , 22 , 19.389 , 133.5 , 300 , 211 , 196 , 4677 ,-7.8 
 88.07 , 8.8 , 124.6 , 15.64 , 22 , 19.372 , 132.7 , 300 , 212 , 197 , 4680 ,-8.9 
 88.27 , 8.82 , 124.6 , 15.76 , 22 , 19.365 , 132.6 , 301 , 212 , 196 , 4683 ,-8 
 88.48 , 8.84 , 124.6 , 15.7 , 23 , 19.365 , 133.5 , 300 , 211 , 197 , 4677 ,-8.4 
 88.68 , 8.86 , 124.6 , 15.82 , 22 , 19.367 , 132.6 , 300 , 211 , 196 , 4678 ,-8.4 
 88.88 , 8.88 , 124.7 , 15.71 , 22 , 19.359 , 132.7 , 300 , 212 , 197 , 4678 ,-8.6 
 89.08 , 8.9 , 124.6 , 15.91 , 22 , 19.358 , 133.4 , 300 , 211 , 196 , 4680 ,-8.8 
 89.28 , 8.92 , 124.6 , 15.88 , 22 , 19.356 , 132.8 , 301 , 211 , 197 , 4677 ,-8.3 
 89.49 , 8.95 , 124.5 , 15.91 , 24 , 19.377 , 132.6 , 300 , 212 , 196 , 4679 ,-8.5 
 89.69 , 8.97 , 124.6 , 16.91 , 25 , 19.372 , 133.3 , 301 , 212 , 197 , 4678 ,-8.5 
 89.89 , 8.99 , 124.6 , 17.62 , 25 , 19.395 , 133.1 , 300 , 212 , 197 , 4679 ,-8.8 
 90.09 , 9.01 , 124.6 , 18.13 , 27 , 19.415 , 132.2 , 300 , 212 , 197 , 4680 ,-8.6 
 90.29 , 9.03 , 124.6 , 19.47 , 29 , 19.46 , 133.3 , 300 , 212 , 197 , 4680 ,-8 
 90.5 , 9.05 , 124.7 , 20.25 , 30 , 19.497 , 133.3 , 301 , 211 , 197 , 4678 ,-8.4 
 90.7 , 9.07 , 124.7 , 21.04 , 31 , 19.537 , 132.5 , 301 , 212 , 197 , 4678 ,-8 
 90.9 , 9.09 , 124.8 , 22.49 , 32 , 19.589 , 133.2 , 301 , 213 , 197 , 4677 ,-8.3 
 91.1 , 9.11 , 124.8 , 23.16 , 34 , 19.616 , 133.4 , 301 , 211 , 197 , 4677 ,-8.6 
 91.3 , 9.13 , 124.7 , 23.84 , 35 , 19.631 , 132.6 , 300 , 212 , 197 , 4680 ,-8.4 
 91.51 , 9.15 , 124.7 , 24.4 , 36 , 19.669 , 133.1 , 300 , 211 , 197 , 4677 ,-8.4 
 91.71 , 9.17 , 124.8 , 25.67 , 36 , 19.724 , 133.7 , 300 , 211 , 196 , 4677 ,-8.3 
 91.91 , 9.19 , 124.8 , 26.31 , 37 , 19.73 , 132.5 , 300 , 211 , 196 , 4679 ,-8.5 
 92.11 , 9.21 , 124.9 , 26.66 , 38 , 19.75 , 132.8 , 301 , 211 , 196 , 4681 ,-8.5 
 92.31 , 9.23 , 125 , 27.18 , 39 , 19.773 , 133.3 , 300 , 211 , 196 , 4679 ,-8.9 
 92.52 , 9.25 , 124.9 , 27.52 , 39 , 19.8 , 132.6 , 301 , 211 , 196 , 4678 ,-8.3 
 92.72 , 9.27 , 124.9 , 27.64 , 39 , 19.807 , 132.6 , 301 , 211 , 197 , 4680 ,-8.9 
 92.92 , 9.29 , 124.9 , 27.7 , 39 , 19.819 , 133.5 , 301 , 211 , 196 , 4677 ,-8.5 
 93.12 , 9.31 , 124.9 , 27.85 , 39 , 19.821 , 132.9 , 301 , 211 , 196 , 4679 ,-8.6 
 93.32 , 9.33 , 125 , 27.99 , 39 , 19.816 , 132.4 , 301 , 210 , 196 , 4676 ,-7.9 
 93.53 , 9.35 , 125 , 27.92 , 39 , 19.855 , 133.3 , 300 , 211 , 196 , 4680 ,-8.3 
 93.73 , 9.37 , 124.9 , 27.72 , 38 , 19.854 , 133.2 , 300 , 211 , 196 , 4680 ,-8.1 
 93.93 , 9.39 , 125 , 27.58 , 39 , 19.85 , 132.3 , 301 , 211 , 196 , 4681 ,-8.9 
 94.13 , 9.41 , 124.9 , 27.56 , 39 , 19.846 , 133.5 , 301 , 210 , 196 , 4679 ,-8.3 
 94.33 , 9.43 , 125 , 27.67 , 38 , 19.839 , 133.2 , 302 , 210 , 195 , 4674 ,-8.6 
 94.54 , 9.45 , 124.9 , 27.32 , 38 , 19.844 , 132.3 , 301 , 210 , 196 , 4680 ,-8.3 
 94.74 , 9.47 , 125 , 26.63 , 38 , 19.843 , 133.3 , 301 , 211 , 196 , 4682 ,-8.4 
 94.94 , 9.49 , 125 , 26.1 , 35 , 19.827 , 133.3 , 301 , 211 , 195 , 4680 ,-8.4 
 95.14 , 9.51 , 125 , 24.54 , 33 , 19.8 , 132.3 , 301 , 211 , 196 , 4678 ,-8.4 
 95.34 , 9.53 , 125 , 23.61 , 33 , 19.799 , 133 , 301 , 211 , 196 , 4681 ,-8.4 
 95.55 , 9.55 , 124.9 , 23.16 , 32 , 19.763 , 133.6 , 300 , 211 , 195 , 4678 ,-8.3 
 95.75 , 9.57 , 124.9 , 21.75 , 30 , 19.726 , 132.6 , 301 , 211 , 195 , 4681 ,-8.4 
 95.95 , 9.59 , 124.8 , 21.14 , 28 , 19.713 , 132.7 , 301 , 211 , 196 , 4680 ,-8.6 
 96.15 , 9.61 , 124.9 , 20.3 , 28 , 19.706 , 133.6 , 300 , 211 , 196 , 4679 ,-8.1 
 96.35 , 9.63 , 124.9 , 19.75 , 27 , 19.687 , 132.7 , 301 , 211 , 195 , 4678 ,-8.1 
 96.56 , 9.65 , 124.8 , 18.74 , 26 , 19.621 , 132.9 , 301 , 211 , 196 , 4680 ,-8.5 
 96.76 , 9.67 , 124.8 , 18.24 , 25 , 19.592 , 133.3 , 301 , 211 , 196 , 4677 ,-8.4 
 96.96 , 9.69 , 124.8 , 17.79 , 24 , 19.572 , 132.9 , 300 , 211 , 196 , 4677 ,-8 
 97.16 , 9.71 , 124.7 , 16.83 , 24 , 19.543 , 132.5 , 300 , 211 , 197 , 4681 ,-8.1 
 97.36 , 9.73 , 124.7 , 16.54 , 23 , 19.517 , 133.6 , 300 , 211 , 196 , 4678 ,-8.3 
 97.57 , 9.75 , 124.7 , 16.25 , 22 , 19.493 , 133.1 , 300 , 211 , 196 , 4680 ,-8.6 
 97.77 , 9.77 , 124.6 , 16.02 , 23 , 19.482 , 132.6 , 301 , 212 , 196 , 4674 ,-7.6 
 97.97 , 9.79 , 124.6 , 15.76 , 22 , 19.459 , 133.4 , 300 , 211 , 196 , 4678 ,-8.4 
 98.17 , 9.81 , 124.7 , 15.87 , 22 , 19.447 , 132.8 , 300 , 212 , 196 , 4681 ,-8.6 
 98.37 , 9.83 , 124.7 , 15.86 , 22 , 19.441 , 132.3 , 300 , 211 , 197 , 4679 ,-8.6 
 98.58 , 9.85 , 124.7 , 15.75 , 21 , 19.435 , 133.5 , 300 , 212 , 196 , 4681 ,-8.8 
 98.78 , 9.87 , 124.6 , 15.8 , 23 , 19.433 , 133 , 300 , 212 , 197 , 4678 ,-8.4 
 98.98 , 9.89 , 124.7 , 15.93 , 23 , 19.443 , 132.3 , 300 , 212 , 196 , 4678 ,-8.4 
 99.18 , 9.91 , 124.7 , 15.75 , 23 , 19.431 , 133.1 , 300 , 212 , 197 , 4679 ,-8.8 
 99.38 , 9.93 , 124.7 , 15.98 , 24 , 19.439 , 133.1 , 300 , 212 , 196 , 4680 ,-8.8 
 99.59 , 9.96 , 124.6 , 16.54 , 24 , 19.444 , 132.5 , 300 , 212 , 196 , 4678 ,-8.3 
 99.79 , 9.98 , 124.6 , 16.81 , 24 , 19.45 , 132.9 , 300 , 212 , 197 , 4679 ,-8.6 
 99.99 , 10 , 124.7 , 18.18 , 26 , 19.487 , 133.4 , 300 , 212 , 197 , 4678 ,-8.3 
