

时间(S),轴位移(mm),力(kN),力(kPa),变形(mm), 侧位移(mm),围压(kPa),孔压(kPa),反压(kPa),体变(kPa),小体变(ml)
0.0, 115.2 , 20.61 , 292 ,-6.137 , 0 , 300 , 263 , 245 , 3608 ,-7.9 
 .5 , 115.1 , 20.6 , .3 ,-6.15 , 111 , 300 , 262 , 245 , 3610 ,-8.8 
 1 , 115.2 , 20.56 , .29 ,-6.124 , 110 , 300 , 264 , 244 , 3608 ,-8.3 
 1.5 , 115.3 , 20.66 , .3 ,-6.13 , 112 , 300 , 263 , 244 , 3607 ,-8.6 
 2 , 115.2 , 20.81 , .3 ,-6.127 , 110 , 300 , 264 , 244 , 3609 ,-8.3 
 2.5 , 115.2 , 20.91 , .3 ,-6.126 , 111 , 301 , 263 , 244 , 3609 ,-8.5 
 3 , 115.2 , 20.92 , .3 ,-6.123 , 110 , 301 , 262 , 245 , 3606 ,-8.4 
 3.5 , 115.1 , 21.02 , .3 ,-6.136 , 111 , 301 , 263 , 244 , 3607 ,-8.5 
 4 , 115.3 , 20.87 , .3 ,-6.122 , 110 , 301 , 264 , 244 , 3608 ,-8.5 
 4.5 , 115.1 , 21.12 , .3 ,-6.126 , 111 , 300 , 263 , 244 , 3606 ,-8.3 
 5 , 115.2 , 21.25 , .3 ,-6.14 , 111 , 301 , 263 , 244 , 3606 ,-8.3 
 5.5 , 115.1 , 21.23 , .3 ,-6.126 , 111 , 300 , 263 , 244 , 3607 ,-8.9 
 6 , 115.2 , 21.32 , .31 ,-6.121 , 111 , 300 , 263 , 244 , 3608 ,-8.5 
 6.5 , 115.1 , 21.45 , .3 ,-6.129 , 111 , 301 , 263 , 244 , 3609 ,-8.3 
 7 , 115.2 , 21.64 , .3 ,-6.155 , 111 , 300 , 263 , 244 , 3608 ,-8.5 
 7.5 , 115.2 , 21.86 , .31 ,-6.152 , 111 , 301 , 263 , 244 , 3606 ,-8.5 
 8 , 115 , 21.82 , .31 ,-6.143 , 111 , 301 , 263 , 244 , 3607 ,-8.5 
 8.5 , 115.1 , 21.93 , .31 ,-6.14 , 111 , 300 , 263 , 244 , 3606 ,-8.5 
 9 , 115.1 , 22.31 , .32 ,-6.148 , 111 , 300 , 263 , 245 , 3607 ,-8.6 
 9.5 , 115.2 , 22.38 , .32 ,-6.134 , 110 , 300 , 264 , 245 , 3607 ,-8.8 
 10 , 115.2 , 22.67 , .32 ,-6.141 , 111 , 300 , 263 , 244 , 3607 ,-8.5 
 10.5 , 115.1 , 22.61 , .32 ,-6.132 , 110 , 300 , 263 , 245 , 3607 ,-8.9 
 11 , 115.2 , 22.95 , .33 ,-6.125 , 111 , 301 , 263 , 245 , 3609 ,-8.4 
 11.5 , 115.2 , 23.12 , .33 ,-6.118 , 111 , 300 , 264 , 244 , 3606 ,-8.4 
 12 , 115.2 , 23.19 , .33 ,-6.129 , 111 , 300 , 264 , 244 , 3607 ,-8.8 
 12.5 , 115.2 , 23.37 , .33 ,-6.139 , 111 , 300 , 264 , 245 , 3609 ,-8.6 
 13 , 115.2 , 23.66 , .34 ,-6.144 , 111 , 301 , 264 , 244 , 3607 ,-8.3 
 13.5 , 115.1 , 23.71 , .34 ,-6.127 , 111 , 300 , 264 , 244 , 3608 ,-8.6 
 14 , 115 , 23.93 , .34 ,-6.149 , 110 , 301 , 264 , 244 , 3609 ,-8.4 
 14.5 , 115.2 , 24.04 , .34 ,-6.126 , 111 , 300 , 264 , 245 , 3607 ,-8.5 
 15 , 115.2 , 24.23 , .35 ,-6.132 , 110 , 300 , 263 , 244 , 3607 ,-8.4 
 15.5 , 115.4 , 24.25 , .34 ,-6.113 , 112 , 301 , 263 , 245 , 3608 ,-8.6 
 16 , 115.2 , 24.39 , .35 ,-6.118 , 111 , 301 , 263 , 245 , 3608 ,-8.8 
 16.5 , 115.1 , 24.5 , .34 ,-6.132 , 111 , 300 , 264 , 244 , 3607 ,-8.8 
 17 , 115.2 , 24.75 , .35 ,-6.144 , 110 , 300 , 264 , 244 , 3607 ,-8.1 
 17.5 , 115.1 , 24.77 , .35 ,-6.139 , 111 , 300 , 264 , 245 , 3607 ,-8.1 
 18 , 115.2 , 24.95 , .35 ,-6.135 , 111 , 300 , 264 , 244 , 3607 ,-8.4 
 18.5 , 115.2 , 25.08 , .36 ,-6.136 , 111 , 300 , 263 , 245 , 3607 ,-8.6 
 19 , 115.2 , 25.23 , .36 ,-6.133 , 112 , 301 , 264 , 244 , 3608 ,-8.4 
 19.5 , 115.2 , 25.22 , .35 ,-6.132 , 110 , 301 , 264 , 244 , 3607 ,-8.4 
 20 , 115.2 , 25.34 , .36 ,-6.14 , 111 , 300 , 264 , 245 , 3606 ,-8.4 
 20.5 , 115.2 , 25.49 , .36 ,-6.154 , 110 , 300 , 263 , 244 , 3605 ,-8.1 
 21 , 115.2 , 25.64 , .36 ,-6.132 , 111 , 300 , 263 , 244 , 3607 ,-8.4 
 21.5 , 115.3 , 25.73 , .36 ,-6.14 , 111 , 301 , 263 , 244 , 3609 ,-8.3 
 22 , 115.2 , 25.72 , .36 ,-6.15 , 111 , 301 , 264 , 244 , 3606 ,-8.8 
 22.5 , 115.3 , 25.81 , .36 ,-6.144 , 111 , 300 , 263 , 244 , 3605 ,-7.9 
 23 , 115.3 , 25.68 , .36 ,-6.138 , 110 , 301 , 263 , 244 , 3605 ,-8.6 
 23.5 , 115.1 , 25.93 , .37 ,-6.141 , 111 , 300 , 264 , 244 , 3607 ,-8.6 
 24 , 115.3 , 25.88 , .37 ,-6.146 , 110 , 300 , 264 , 244 , 3606 ,-8.5 
 24.5 , 115.2 , 26.13 , .37 ,-6.156 , 111 , 300 , 263 , 243 , 3608 ,-8.5 
 25 , 115.1 , 26.08 , .37 ,-6.152 , 111 , 300 , 263 , 244 , 3605 ,-8.5 
 25.5 , 115.3 , 26.19 , .37 ,-6.144 , 111 , 300 , 263 , 244 , 3609 ,-8.9 
 26 , 115.3 , 26.16 , .37 ,-6.146 , 111 , 300 , 263 , 244 , 3604 ,-8.3 
 26.5 , 115.3 , 26.29 , .37 ,-6.145 , 110 , 300 , 263 , 244 , 3605 ,-8.3 
 27 , 115.2 , 26.34 , .37 ,-6.155 , 111 , 299 , 264 , 244 , 3606 ,-8.6 
 27.5 , 115.2 , 26.37 , .37 ,-6.145 , 110 , 300 , 263 , 244 , 3606 ,-8.3 
 28 , 115.3 , 26.37 , .37 ,-6.147 , 111 , 300 , 263 , 244 , 3605 ,-8.5 
 28.5 , 115 , 26.42 , .38 ,-6.148 , 111 , 300 , 263 , 243 , 3603 ,-8.4 
 29 , 115.2 , 26.38 , .37 ,-6.143 , 110 , 299 , 263 , 244 , 3603 ,-8.4 
 29.5 , 115.3 , 26.27 , .37 ,-6.132 , 111 , 300 , 263 , 244 , 3605 ,-8.1 
 30 , 115.1 , 26.28 , .37 ,-6.13 , 110 , 300 , 263 , 244 , 3606 ,-8.1 
 30.5 , 115.2 , 26.5 , .37 ,-6.14 , 111 , 300 , 262 , 244 , 3608 ,-8.5 
 31 , 115.2 , 26.44 , .37 ,-6.141 , 110 , 300 , 263 , 244 , 3605 ,-8.3 
 31.5 , 115.1 , 26.34 , .38 ,-6.132 , 111 , 300 , 263 , 244 , 3608 ,-8.6 
 32 , 115.2 , 26.41 , .37 ,-6.134 , 111 , 299 , 263 , 244 , 3607 ,-8.8 
 32.5 , 115.1 , 26.36 , .37 ,-6.146 , 110 , 300 , 262 , 244 , 3606 ,-8.6 
 33 , 115.3 , 26.42 , .38 ,-6.141 , 111 , 300 , 262 , 244 , 3606 ,-8.8 
 33.5 , 115.3 , 26.42 , .37 ,-6.143 , 110 , 300 , 262 , 244 , 3604 ,-8 
 34 , 115.1 , 26.38 , .37 ,-6.146 , 112 , 300 , 263 , 244 , 3606 ,-8 
 34.5 , 115.2 , 26.17 , .37 ,-6.135 , 110 , 300 , 263 , 244 , 3606 ,-8.6 
 35 , 115.2 , 26.36 , .37 ,-6.13 , 111 , 300 , 262 , 244 , 3606 ,-8.6 
 35.5 , 115.3 , 26.25 , .37 ,-6.127 , 111 , 300 , 262 , 243 , 3604 ,-8.4 
 36 , 115.2 , 26.24 , .37 ,-6.133 , 110 , 299 , 263 , 244 , 3604 ,-8.5 
 36.5 , 115.2 , 26.22 , .37 ,-6.13 , 111 , 300 , 262 , 244 , 3606 ,-8.3 
 37 , 115.2 , 26.14 , .37 ,-6.154 , 110 , 300 , 263 , 244 , 3606 ,-8 
 37.5 , 115.2 , 26.05 , .37 ,-6.132 , 111 , 300 , 262 , 244 , 3606 ,-8.5 
 38 , 115.2 , 26.23 , .37 ,-6.142 , 111 , 300 , 262 , 244 , 3605 ,-8.1 
 38.5 , 115.1 , 25.53 , .36 ,-6.157 , 111 , 297 , 235 , 240 , 3620 ,-8.4 
 39 , 115.2 , 25.45 , .36 ,-6.15 , 111 , 296 , 234 , 240 , 3653 ,-8.3 
 39.5 , 115.3 , 25.31 , .35 ,-6.156 , 111 , 296 , 233 , 237 , 3679 ,-8.3 
 40 , 115.2 , 25.29 , .36 ,-6.162 , 113 , 296 , 233 , 238 , 3710 ,-8.9 
 40.5 , 115.1 , 25.04 , .36 ,-6.149 , 113 , 296 , 233 , 237 , 3741 ,-8.4 
 41 , 115.2 , 24.89 , .35 ,-6.151 , 114 , 296 , 233 , 235 , 3779 ,-8.5 
 41.5 , 115.2 , 25.29 , .35 ,-6.155 , 115 , 299 , 234 , 238 , 3809 ,-8.1 
 42 , 115.2 , 24.57 , .35 ,-6.143 , 115 , 297 , 233 , 234 , 3833 ,-8.5 
 42.5 , 115.3 , 24.89 , .35 ,-6.134 , 117 , 299 , 234 , 236 , 3861 ,-8.8 
 43 , 115.4 , 24.43 , .35 ,-6.14 , 116 , 297 , 233 , 232 , 3887 ,-8.5 
 43.5 , 115.1 , 24.68 , .35 ,-6.151 , 118 , 300 , 234 , 233 , 3919 ,-8.4 
 44 , 115.2 , 24.23 , .35 ,-6.142 , 118 , 298 , 233 , 230 , 3943 ,-8.8 
 44.5 , 115.2 , 24.11 , .34 ,-6.142 , 118 , 299 , 233 , 231 , 3970 ,-8.4 
 45 , 115.2 , 23.64 , .34 ,-6.143 , 120 , 299 , 232 , 229 , 3989 ,-8.1 
 45.5 , 115.2 , 23.72 , .33 ,-6.158 , 120 , 300 , 232 , 228 , 4010 ,-8.5 
 46 , 115.3 , 23.41 , .33 ,-6.138 , 121 , 301 , 230 , 227 , 4039 ,-8.3 
 46.5 , 115.2 , 22.88 , .32 ,-6.151 , 121 , 298 , 229 , 224 , 4059 ,-8.5 
 47 , 115.1 , 22.99 , .32 ,-6.15 , 121 , 302 , 228 , 225 , 4079 ,-8.6 
 47.5 , 115.3 , 22.51 , .32 ,-6.155 , 122 , 299 , 226 , 221 , 4102 ,-8.5 
 48 , 115.2 , 22.58 , .32 ,-6.154 , 121 , 301 , 225 , 222 , 4122 ,-8.5 
 48.5 , 115.2 , 22.29 , .32 ,-6.149 , 122 , 300 , 222 , 219 , 4155 ,-8.5 
 49 , 115.3 , 22.1 , .31 ,-6.157 , 123 , 300 , 220 , 216 , 4176 ,-8.4 
 49.5 , 115.1 , 21.91 , .31 ,-6.146 , 123 , 301 , 218 , 215 , 4195 ,-8.1 
 50 , 115.1 , 21.47 , .3 ,-6.143 , 124 , 299 , 216 , 212 , 4219 ,-8.5 
 50.5 , 115.2 , 21.41 , .31 ,-6.145 , 123 , 300 , 215 , 211 , 4237 ,-8.8 
 51 , 115.2 , 21.11 , .3 ,-6.147 , 125 , 299 , 212 , 207 , 4264 ,-8.4 
 51.5 , 115.2 , 20.92 , .3 ,-6.143 , 125 , 301 , 212 , 207 , 4281 ,-8.4 
 52 , 115.2 , 20.61 , .29 ,-6.153 , 125 , 299 , 210 , 203 , 4302 ,-8.5 
 52.5 , 115.2 , 20.62 , .29 ,-6.163 , 126 , 301 , 209 , 203 , 4318 ,-7.9 
 53 , 115.3 , 20.31 , .29 ,-6.163 , 126 , 300 , 207 , 201 , 4335 ,-8.4 
 53.5 , 115.2 , 19.88 , .28 ,-6.159 , 125 , 300 , 205 , 197 , 4355 ,-7.9 
 54 , 115 , 20.09 , .28 ,-6.156 , 127 , 302 , 204 , 196 , 4373 ,-8 
 54.5 , 115 , 19.66 , .28 ,-6.158 , 126 , 300 , 203 , 194 , 4389 ,-8.5 
 55 , 115.1 , 19.68 , .28 ,-6.146 , 126 , 302 , 201 , 193 , 4402 ,-8.6 
 55.5 , 115.2 , 19.49 , .27 ,-6.145 , 127 , 300 , 200 , 191 , 4413 ,-8.3 
 56 , 115.2 , 19.3 , .27 ,-6.157 , 127 , 300 , 200 , 188 , 4430 ,-8 
 56.5 , 115.2 , 19.35 , .27 ,-6.141 , 127 , 301 , 198 , 188 , 4444 ,-9.1 
 57 , 115.2 , 18.99 , .27 ,-6.158 , 127 , 300 , 197 , 186 , 4453 ,-8.9 
 57.5 , 115.1 , 18.93 , .26 ,-6.147 , 127 , 302 , 196 , 185 , 4462 ,-8.4 
 58 , 115.2 , 18.58 , .26 ,-6.149 , 128 , 300 , 195 , 182 , 4472 ,-8.5 
 58.5 , 115.2 , 18.6 , .26 ,-6.163 , 127 , 301 , 194 , 182 , 4487 ,-8.4 
 59 , 115.2 , 18.49 , .26 ,-6.151 , 127 , 301 , 193 , 181 , 4493 ,-8.5 
 59.5 , 115.2 , 18.31 , .26 ,-6.152 , 128 , 301 , 193 , 181 , 4501 ,-8.1 
 60 , 115.1 , 18.3 , .25 ,-6.149 , 127 , 301 , 192 , 179 , 4507 ,-7.9 
 60.5 , 115 , 18.16 , .25 ,-6.162 , 128 , 300 , 191 , 178 , 4514 ,-8.5 
 61 , 115.3 , 18.08 , .25 ,-6.137 , 128 , 301 , 190 , 177 , 4519 ,-8.3 
 61.5 , 115.2 , 18.16 , .25 ,-6.144 , 128 , 301 , 190 , 177 , 4529 ,-8.6 
 62 , 115.2 , 17.98 , .25 ,-6.15 , 129 , 301 , 189 , 176 , 4535 ,-8.3 
 62.5 , 115.2 , 17.77 , .26 ,-6.151 , 128 , 301 , 189 , 175 , 4539 ,-8.4 
 63 , 115.2 , 17.73 , .25 ,-6.156 , 128 , 300 , 188 , 174 , 4544 ,-8.6 
 63.5 , 115.1 , 17.74 , .25 ,-6.153 , 129 , 300 , 188 , 174 , 4547 ,-7.9 
 64 , 115.3 , 17.65 , .25 ,-6.131 , 128 , 301 , 187 , 174 , 4554 ,-8.3 
 64.5 , 115.2 , 17.53 , .25 ,-6.151 , 129 , 300 , 187 , 173 , 4555 ,-8.8 
 65 , 115.2 , 17.55 , .25 ,-6.134 , 129 , 301 , 186 , 173 , 4561 ,-8.6 
 65.5 , 115.2 , 17.4 , .24 ,-6.142 , 128 , 301 , 186 , 172 , 4563 ,-8.5 
 66 , 115.2 , 17.29 , .24 ,-6.145 , 129 , 301 , 186 , 172 , 4567 ,-8.4 
 66.5 , 115.3 , 17.24 , .24 ,-6.143 , 129 , 301 , 185 , 171 , 4570 ,-8.3 
 67 , 115.3 , 17.25 , .24 ,-6.151 , 129 , 301 , 185 , 171 , 4574 ,-8.3 
 67.5 , 115.2 , 17.16 , .24 ,-6.15 , 129 , 300 , 185 , 170 , 4573 ,-7.9 
 68 , 115.1 , 17.13 , .24 ,-6.141 , 128 , 301 , 184 , 171 , 4579 ,-8.1 
 68.5 , 115.2 , 16.98 , .24 ,-6.151 , 129 , 300 , 185 , 170 , 4579 ,-8.4 
 69 , 115.2 , 16.93 , .24 ,-6.143 , 129 , 300 , 184 , 169 , 4584 ,-8.5 
 69.5 , 115.1 , 17.03 , .24 ,-6.143 , 128 , 300 , 184 , 170 , 4586 ,-8.3 
 70 , 115.2 , 17.02 , .24 ,-6.156 , 129 , 300 , 184 , 170 , 4586 ,-8.6 
 70.5 , 115.2 , 16.9 , .24 ,-6.144 , 129 , 301 , 184 , 169 , 4588 ,-8.5 
 71 , 115.1 , 16.9 , .24 ,-6.149 , 128 , 300 , 183 , 169 , 4590 ,-8.1 
 71.5 , 115.1 , 16.59 , .23 ,-6.126 , 130 , 301 , 183 , 169 , 4595 ,-8.4 
 72 , 115.2 , 16.62 , .23 ,-6.141 , 128 , 300 , 183 , 169 , 4595 ,-8.3 
 72.5 , 115.1 , 16.44 , .24 ,-6.129 , 129 , 301 , 183 , 168 , 4595 ,-8.4 
 73 , 115.2 , 16.44 , .23 ,-6.131 , 129 , 301 , 183 , 169 , 4596 ,-8.5 
 73.5 , 115 , 16.28 , .23 ,-6.141 , 128 , 300 , 182 , 169 , 4599 ,-8.3 
 74 , 115.1 , 16.36 , .24 ,-6.142 , 130 , 300 , 183 , 168 , 4600 ,-8.8 
 74.5 , 115.4 , 16.36 , .23 ,-6.138 , 128 , 300 , 182 , 168 , 4601 ,-8.4 
 75 , 115.2 , 16.3 , .23 ,-6.147 , 129 , 300 , 182 , 167 , 4604 ,-8.6 
 75.5 , 115.1 , 16.22 , .22 ,-6.145 , 130 , 300 , 182 , 167 , 4603 ,-8.3 
 76 , 115.1 , 16.07 , .23 ,-6.139 , 128 , 301 , 182 , 168 , 4605 ,-8.3 
 76.5 , 115.1 , 16.06 , .23 ,-6.133 , 129 , 300 , 182 , 167 , 4608 ,-8.5 
 77 , 115.2 , 16.05 , .22 ,-6.136 , 128 , 300 , 182 , 167 , 4608 ,-8.5 
 77.5 , 115.2 , 16.05 , .22 ,-6.136 , 129 , 300 , 182 , 167 , 4609 ,-8.1 
 78 , 115.1 , 15.91 , .22 ,-6.148 , 130 , 300 , 181 , 167 , 4611 ,-8.6 
 78.5 , 115.1 , 15.83 , .22 ,-6.129 , 129 , 300 , 182 , 166 , 4612 ,-8.4 
 79 , 115.1 , 15.86 , .23 ,-6.141 , 130 , 301 , 181 , 167 , 4612 ,-8.6 
 79.5 , 115.2 , 15.76 , .22 ,-6.146 , 129 , 300 , 181 , 167 , 4615 ,-8.5 
 80 , 115.2 , 15.73 , .22 ,-6.126 , 129 , 300 , 181 , 166 , 4614 ,-8.4 
 80.5 , 115.1 , 15.59 , .22 ,-6.14 , 130 , 300 , 181 , 166 , 4616 ,-8.6 
 81 , 115.2 , 15.66 , .22 ,-6.136 , 129 , 300 , 181 , 166 , 4618 ,-8.4 
 81.5 , 115.1 , 15.6 , .22 ,-6.144 , 129 , 300 , 180 , 166 , 4617 ,-8.4 
 82 , 115.3 , 15.66 , .22 ,-6.138 , 129 , 301 , 180 , 166 , 4622 ,-8.9 
 82.5 , 115.1 , 15.55 , .22 ,-6.142 , 128 , 300 , 181 , 166 , 4621 ,-8.1 
 83 , 115.1 , 15.69 , .22 ,-6.143 , 130 , 300 , 180 , 165 , 4622 ,-8.4 
 83.5 , 115.2 , 15.47 , .22 ,-6.128 , 129 , 300 , 180 , 166 , 4622 ,-8.4 
 84 , 115 , 15.46 , .22 ,-6.147 , 129 , 300 , 180 , 166 , 4623 ,-8.4 
 84.5 , 115.2 , 15.37 , .22 ,-6.137 , 130 , 300 , 180 , 166 , 4627 ,-8.1 
 85 , 115.2 , 15.41 , .22 ,-6.134 , 129 , 300 , 180 , 165 , 4624 ,-7.9 
 85.5 , 115.2 , 15.22 , .22 ,-6.125 , 129 , 300 , 180 , 166 , 4629 ,-8.5 
 86 , 115.1 , 15.41 , .22 ,-6.149 , 129 , 300 , 180 , 165 , 4625 ,-8.1 
 86.5 , 115.1 , 15.29 , .22 ,-6.142 , 129 , 300 , 180 , 165 , 4628 ,-8.6 
 87 , 115.3 , 15.24 , .21 ,-6.131 , 130 , 300 , 179 , 165 , 4628 ,-8.8 
 87.5 , 115.2 , 15.33 , .22 ,-6.134 , 129 , 300 , 179 , 166 , 4629 ,-8.6 
 88 , 115.2 , 15.2 , .21 ,-6.136 , 129 , 300 , 179 , 165 , 4630 ,-8.6 
 88.5 , 115.2 , 15.23 , .22 ,-6.139 , 130 , 301 , 179 , 165 , 4632 ,-8.5 
 89 , 115.3 , 15.16 , .22 ,-6.134 , 128 , 301 , 179 , 165 , 4630 ,-8.8 
 89.5 , 115.2 , 15.17 , .22 ,-6.131 , 130 , 300 , 179 , 165 , 4630 ,-8.8 
 90 , 115.2 , 15.07 , .22 ,-6.14 , 129 , 300 , 179 , 165 , 4629 ,-8.4 
 90.5 , 115.1 , 15.23 , .21 ,-6.141 , 129 , 300 , 179 , 165 , 4631 ,-7.9 
 91 , 115.3 , 15.03 , .21 ,-6.13 , 130 , 301 , 179 , 165 , 4633 ,-8.4 
 91.5 , 115.2 , 14.98 , .21 ,-6.148 , 129 , 300 , 179 , 164 , 4633 ,-8.5 
 92 , 115.1 , 15.17 , .22 ,-6.131 , 130 , 301 , 179 , 165 , 4637 ,-7.9 
 92.5 , 115.3 , 15 , .22 ,-6.11 , 129 , 301 , 179 , 164 , 4632 ,-8.1 
 93 , 115.2 , 15.1 , .22 ,-6.12 , 129 , 301 , 179 , 165 , 4635 ,-8.6 
 93.5 , 115.2 , 15.02 , .21 ,-6.157 , 130 , 299 , 179 , 165 , 4634 ,-7.9 
 94 , 115.3 , 15.01 , .21 ,-6.123 , 129 , 300 , 179 , 164 , 4636 ,-8.8 
 94.5 , 115.2 , 15.19 , .22 ,-6.135 , 130 , 300 , 179 , 164 , 4635 ,-8.4 
 95 , 115.1 , 15.21 , .22 ,-6.137 , 129 , 300 , 179 , 165 , 4636 ,-8.1 
 95.5 , 115.4 , 15.14 , .22 ,-6.132 , 128 , 300 , 179 , 164 , 4636 ,-8.4 
 96 , 115.1 , 14.97 , .21 ,-6.131 , 130 , 300 , 179 , 164 , 4636 ,-8.3 
 96.5 , 115.3 , 14.99 , .22 ,-6.131 , 129 , 300 , 179 , 164 , 4636 ,-8.3 
 97 , 115.2 , 15.08 , .22 ,-6.14 , 129 , 300 , 179 , 165 , 4638 ,-8.1 
 97.5 , 115.2 , 14.95 , .21 ,-6.135 , 130 , 300 , 179 , 165 , 4636 ,-8.6 
 98 , 115.2 , 15.2 , .22 ,-6.131 , 129 , 300 , 180 , 165 , 4636 ,-8.4 
 98.5 , 115.3 , 15.08 , .21 ,-6.148 , 130 , 301 , 179 , 164 , 4638 ,-8.5 
 99 , 115 , 15.04 , .21 ,-6.138 , 130 , 301 , 179 , 165 , 4637 ,-8.4 
 99.5 , 115.2 , 15.14 , .21 ,-6.134 , 129 , 300 , 180 , 164 , 4634 ,-8.3 
 100 , 115.3 , 15.15 , .21 ,-6.132 , 130 , 300 , 180 , 165 , 4638 ,-8.5 
 100.5 , 115 , 14.91 , .21 ,-6.137 , 129 , 299 , 180 , 165 , 4636 ,-8.8 
 101 , 115.1 , 14.92 , .21 ,-6.135 , 129 , 301 , 180 , 165 , 4636 ,-8.3 
 101.5 , 115.2 , 15.1 , .21 ,-6.131 , 130 , 300 , 180 , 164 , 4638 ,-8.4 
 102 , 115.1 , 14.94 , .21 ,-6.135 , 129 , 300 , 180 , 164 , 4636 ,-8.1 
 102.5 , 115 , 15 , .22 ,-6.132 , 130 , 301 , 179 , 165 , 4636 ,-8.3 
 103 , 115.4 , 15.04 , .21 ,-6.136 , 129 , 299 , 180 , 165 , 4637 ,-8.5 
 103.5 , 115.2 , 14.99 , .21 ,-6.122 , 129 , 300 , 180 , 165 , 4638 ,-8.4 
 104 , 115.1 , 15.01 , .21 ,-6.138 , 130 , 300 , 179 , 166 , 4641 ,-8.5 
 104.5 , 115.2 , 14.95 , .21 ,-6.141 , 129 , 300 , 180 , 165 , 4639 ,-8.8 
 105 , 115 , 14.98 , .21 ,-6.145 , 129 , 301 , 179 , 165 , 4639 ,-8.9 
 105.5 , 115.1 , 14.78 , .21 ,-6.124 , 130 , 299 , 180 , 165 , 4636 ,-8.8 
 106 , 115.3 , 14.95 , .21 ,-6.138 , 129 , 300 , 180 , 165 , 4637 ,-8 
 106.5 , 115.1 , 14.95 , .21 ,-6.139 , 129 , 300 , 180 , 165 , 4641 ,-8.3 
 107 , 115.1 , 14.8 , .22 ,-6.134 , 129 , 300 , 179 , 165 , 4639 ,-8.4 
 107.5 , 115.1 , 14.98 , .21 ,-6.134 , 129 , 301 , 181 , 166 , 4640 ,-8.3 
 108 , 115.2 , 14.94 , .21 ,-6.136 , 130 , 299 , 187 , 166 , 4637 ,-8.5 
 108.5 , 115.3 , 15.01 , .22 ,-6.123 , 129 , 300 , 192 , 170 , 4618 ,-8.3 
 109 , 115.2 , 15.23 , .22 ,-6.137 , 129 , 301 , 195 , 174 , 4599 ,-8.4 
 109.5 , 115.1 , 15.16 , .21 ,-6.123 , 130 , 302 , 198 , 177 , 4586 ,-8.1 
 110 , 115.2 , 15.24 , .21 ,-6.125 , 129 , 302 , 200 , 180 , 4569 ,-8.8 
 110.5 , 115.3 , 15.44 , .22 ,-6.132 , 130 , 302 , 202 , 181 , 4558 ,-8.5 
 111 , 115.2 , 15.36 , .22 ,-6.142 , 130 , 302 , 202 , 185 , 4550 ,-8.4 
 111.5 , 115.3 , 15.42 , .22 ,-6.125 , 129 , 302 , 202 , 186 , 4543 ,-8.6 
 112 , 115.2 , 15.28 , .21 ,-6.126 , 130 , 301 , 203 , 186 , 4539 ,-8.6 
 112.5 , 115.1 , 15.37 , .22 ,-6.129 , 129 , 301 , 202 , 186 , 4536 ,-8.5 
 113 , 115.3 , 15.28 , .21 ,-6.125 , 129 , 301 , 202 , 186 , 4533 ,-8.3 
 113.5 , 115.1 , 15.27 , .21 ,-6.135 , 130 , 301 , 202 , 186 , 4535 ,-8 
 114 , 115.2 , 15.18 , .21 ,-6.131 , 129 , 301 , 202 , 186 , 4536 ,-8.8 
 114.5 , 115.2 , 15.31 , .22 ,-6.118 , 129 , 301 , 202 , 186 , 4535 ,-8.5 
 115 , 115.2 , 15.46 , .22 ,-6.132 , 130 , 300 , 202 , 185 , 4536 ,-8.5 
 115.5 , 115.2 , 15.47 , .21 ,-6.145 , 129 , 300 , 202 , 186 , 4534 ,-8 
 116 , 115.3 , 15.28 , .22 ,-6.122 , 130 , 300 , 202 , 186 , 4537 ,-8.8 
 116.5 , 115.2 , 15.45 , .22 ,-6.15 , 129 , 300 , 201 , 186 , 4538 ,-8.3 
 117 , 115 , 15.46 , .22 ,-6.166 , 129 , 300 , 201 , 186 , 4537 ,-8.5 
 117.5 , 115.2 , 15.32 , .22 ,-6.16 , 130 , 300 , 202 , 186 , 4535 ,-8.3 
 118 , 115.2 , 15.48 , .22 ,-6.178 , 129 , 300 , 202 , 186 , 4536 ,-8.3 
 118.5 , 115.2 , 15.48 , .22 ,-6.131 , 130 , 300 , 202 , 186 , 4538 ,-8.5 
 119 , 115.3 , 15.47 , .22 ,-6.121 , 129 , 300 , 202 , 186 , 4537 ,-8.4 
 119.5 , 115.1 , 15.44 , .22 ,-6.137 , 129 , 300 , 201 , 186 , 4536 ,-8.4 
 120 , 115.2 , 15.61 , .22 ,-6.151 , 130 , 299 , 201 , 186 , 4535 ,-8.4 
 120.5 , 115 , 15.64 , .22 ,-6.149 , 129 , 300 , 202 , 185 , 4535 ,-8.6 
 121 , 115.2 , 15.8 , .22 ,-6.144 , 130 , 300 , 201 , 185 , 4535 ,-8.4 
 121.5 , 115.2 , 15.81 , .22 ,-6.14 , 130 , 300 , 202 , 185 , 4535 ,-8.3 
 122 , 115.1 , 15.83 , .22 ,-6.135 , 129 , 299 , 201 , 185 , 4535 ,-8.4 
 122.5 , 115.2 , 16.04 , .23 ,-6.149 , 130 , 299 , 202 , 185 , 4535 ,-8.4 
 123 , 115.2 , 15.96 , .23 ,-6.149 , 129 , 300 , 201 , 185 , 4535 ,-7.9 
 123.5 , 115.2 , 16.14 , .23 ,-6.141 , 129 , 299 , 201 , 186 , 4535 ,-8.4 
 124 , 115 , 16.26 , .23 ,-6.143 , 130 , 300 , 201 , 186 , 4535 ,-8.5 
 124.5 , 115.1 , 16.28 , .23 ,-6.143 , 129 , 300 , 201 , 186 , 4536 ,-8.3 
 125 , 115.1 , 16.26 , .23 ,-6.128 , 130 , 300 , 201 , 186 , 4536 ,-8.3 
 125.5 , 115.2 , 16.39 , .23 ,-6.122 , 130 , 300 , 201 , 185 , 4534 ,-8.5 
 126 , 115.1 , 16.62 , .24 ,-6.137 , 129 , 300 , 201 , 186 , 4537 ,-8.6 
 126.5 , 115.1 , 16.69 , .23 ,-6.132 , 130 , 299 , 201 , 186 , 4536 ,-8.1 
 127 , 115.2 , 16.69 , .23 ,-6.127 , 129 , 299 , 201 , 186 , 4535 ,-8.3 
 127.5 , 115.1 , 16.82 , .24 ,-6.158 , 129 , 300 , 201 , 185 , 4534 ,-8.1 
 128 , 115.1 , 16.94 , .24 ,-6.139 , 130 , 300 , 201 , 185 , 4534 ,-7.9 
 128.5 , 115.1 , 17.05 , .24 ,-6.131 , 129 , 300 , 201 , 185 , 4534 ,-8 
 129 , 115.1 , 17.15 , .24 ,-6.135 , 130 , 300 , 201 , 186 , 4537 ,-8 
 129.5 , 115.2 , 17.3 , .24 ,-6.124 , 130 , 299 , 202 , 185 , 4536 ,-8.5 
 130 , 115.2 , 17.38 , .25 ,-6.134 , 129 , 300 , 201 , 186 , 4536 ,-8.3 
 130.5 , 115 , 17.38 , .25 ,-6.138 , 130 , 300 , 200 , 185 , 4535 ,-8.3 
 131 , 115.2 , 17.59 , .24 ,-6.125 , 129 , 300 , 201 , 185 , 4534 ,-8.3 
 131.5 , 115.1 , 17.61 , .25 ,-6.135 , 129 , 299 , 201 , 185 , 4534 ,-8.6 
 132 , 115.2 , 17.91 , .25 ,-6.125 , 130 , 300 , 201 , 185 , 4532 ,-8.1 
 132.5 , 115.1 , 17.96 , .25 ,-6.141 , 129 , 299 , 201 , 185 , 4535 ,-8.6 
 133 , 115.1 , 18.08 , .26 ,-6.132 , 130 , 300 , 201 , 185 , 4535 ,-8.6 
 133.5 , 115.1 , 18.28 , .26 ,-6.139 , 129 , 299 , 201 , 186 , 4536 ,-8.5 
 134 , 115.2 , 18.38 , .26 ,-6.144 , 129 , 300 , 201 , 186 , 4535 ,-8.4 
 134.5 , 115.2 , 18.61 , .26 ,-6.123 , 130 , 299 , 201 , 186 , 4536 ,-8.6 
 135 , 115.1 , 18.78 , .27 ,-6.131 , 129 , 300 , 201 , 186 , 4537 ,-8.3 
 135.5 , 115.2 , 18.9 , .27 ,-6.136 , 129 , 300 , 201 , 186 , 4535 ,-8.5 
 136 , 115.1 , 19.36 , .27 ,-6.138 , 130 , 300 , 201 , 185 , 4534 ,-8.1 
 136.5 , 115 , 19.31 , .27 ,-6.149 , 129 , 299 , 201 , 186 , 4536 ,-8.5 
 137 , 115.2 , 19.79 , .28 ,-6.155 , 130 , 300 , 200 , 185 , 4533 ,-8.5 
 137.5 , 115.2 , 19.88 , .28 ,-6.133 , 129 , 300 , 200 , 186 , 4533 ,-7.8 
 138 , 115.1 , 20 , .29 ,-6.133 , 129 , 300 , 201 , 186 , 4535 ,-8.3 
 138.5 , 115.2 , 20.4 , .29 ,-6.14 , 130 , 300 , 200 , 186 , 4538 ,-8.4 
 139 , 115.1 , 20.73 , .28 ,-6.148 , 129 , 300 , 201 , 186 , 4534 ,-8.6 
 139.5 , 115.1 , 20.66 , .29 ,-6.152 , 130 , 300 , 201 , 186 , 4534 ,-8.1 
 140 , 115.3 , 20.95 , .29 ,-6.138 , 129 , 300 , 201 , 185 , 4533 ,-8.1 
 140.5 , 115.2 , 21.1 , .3 ,-6.135 , 129 , 300 , 200 , 186 , 4536 ,-8.4 
 141 , 115.1 , 21.38 , .3 ,-6.153 , 130 , 300 , 201 , 186 , 4538 ,-8.6 
 141.5 , 115.3 , 21.55 , .3 ,-6.15 , 129 , 300 , 201 , 186 , 4535 ,-8.5 
 142 , 115.2 , 21.65 , .31 ,-6.144 , 129 , 300 , 201 , 185 , 4536 ,-8.5 
 142.5 , 115.3 , 21.85 , .3 ,-6.134 , 130 , 300 , 200 , 185 , 4534 ,-8.4 
 143 , 115.2 , 21.98 , .31 ,-6.14 , 129 , 300 , 201 , 185 , 4534 ,-8.3 
 143.5 , 115.2 , 22.21 , .32 ,-6.133 , 130 , 300 , 201 , 185 , 4535 ,-8.5 
 144 , 115.2 , 22.1 , .31 ,-6.138 , 129 , 300 , 200 , 185 , 4537 ,-8.3 
 144.5 , 115.2 , 22.29 , .32 ,-6.129 , 129 , 300 , 200 , 186 , 4537 ,-8.8 
 145 , 115.2 , 22.43 , .32 ,-6.15 , 130 , 300 , 201 , 186 , 4536 ,-8.4 
 145.5 , 115.1 , 22.51 , .32 ,-6.13 , 129 , 300 , 201 , 186 , 4535 ,-8.4 
 146 , 115.1 , 22.56 , .33 ,-6.133 , 130 , 301 , 201 , 185 , 4534 ,-7.8 
 146.5 , 115.1 , 22.7 , .32 ,-6.142 , 130 , 300 , 201 , 185 , 4534 ,-8.6 
 147 , 115.1 , 22.76 , .32 ,-6.148 , 129 , 300 , 201 , 185 , 4534 ,-8.6 
 147.5 , 115.3 , 22.77 , .32 ,-6.13 , 130 , 301 , 201 , 186 , 4535 ,-8.5 
 148 , 115.3 , 22.96 , .33 ,-6.124 , 129 , 300 , 202 , 186 , 4538 ,-8.6 
 148.5 , 115 , 22.92 , .33 ,-6.155 , 129 , 300 , 201 , 186 , 4535 ,-8 
 149 , 115.1 , 22.99 , .33 ,-6.153 , 130 , 300 , 201 , 186 , 4536 ,-8.8 
 149.5 , 115.2 , 23.14 , .33 ,-6.143 , 129 , 300 , 201 , 186 , 4537 ,-8.3 
 150 , 115.2 , 22.99 , .33 ,-6.132 , 129 , 300 , 201 , 186 , 4534 ,-8.5 
 150.5 , 115.1 , 22.96 , .33 ,-6.121 , 130 , 300 , 201 , 186 , 4535 ,-8 
 151 , 115.3 , 22.97 , .33 ,-6.127 , 129 , 299 , 201 , 186 , 4534 ,-8.4 
 151.5 , 115.1 , 22.93 , .33 ,-6.142 , 130 , 300 , 201 , 186 , 4538 ,-8.6 
 152 , 115.2 , 22.86 , .33 ,-6.139 , 129 , 300 , 201 , 186 , 4533 ,-8.9 
 152.5 , 115.2 , 23.18 , .33 ,-6.13 , 129 , 300 , 201 , 186 , 4538 ,-8.8 
 153 , 115.1 , 22.94 , .33 ,-6.139 , 130 , 301 , 201 , 186 , 4538 ,-8.3 
 153.5 , 115.2 , 23 , .33 ,-6.144 , 129 , 300 , 201 , 186 , 4537 ,-8.4 
 154 , 115.2 , 22.98 , .33 ,-6.13 , 130 , 300 , 201 , 185 , 4534 ,-7.9 
 154.5 , 115.1 , 23.02 , .33 ,-6.124 , 129 , 300 , 200 , 186 , 4535 ,-8.4 
 155 , 115.1 , 23.01 , .32 ,-6.125 , 129 , 300 , 202 , 186 , 4539 ,-8.5 
 155.5 , 115.3 , 23.02 , .33 ,-6.136 , 129 , 300 , 201 , 186 , 4535 ,-8.1 
 156 , 115.2 , 23.09 , .32 ,-6.127 , 129 , 300 , 201 , 186 , 4538 ,-8.4 
 156.5 , 115.1 , 22.77 , .32 ,-6.118 , 130 , 300 , 201 , 185 , 4533 ,-8 
 157 , 115.2 , 22.94 , .32 ,-6.145 , 129 , 301 , 202 , 186 , 4538 ,-8.5 
 157.5 , 115.2 , 22.87 , .32 ,-6.122 , 129 , 300 , 201 , 187 , 4535 ,-8.4 
 158 , 115.2 , 22.88 , .32 ,-6.138 , 130 , 301 , 201 , 185 , 4532 ,-8.3 
 158.5 , 115.2 , 22.61 , .32 ,-6.117 , 129 , 300 , 201 , 186 , 4534 ,-8 
 159 , 115.2 , 22.62 , .33 ,-6.125 , 130 , 300 , 201 , 186 , 4536 ,-8 
 159.5 , 115.2 , 22.49 , .32 ,-6.128 , 129 , 300 , 202 , 186 , 4538 ,-8.8 
 160 , 115.2 , 22.24 , .3 ,-6.119 , 130 , 300 , 201 , 185 , 4534 ,-8.3 
 160.5 , 115.3 , 22.22 , .31 ,-6.136 , 129 , 300 , 201 , 186 , 4536 ,-8.4 
 161 , 115.1 , 21.89 , .31 ,-6.148 , 129 , 300 , 201 , 186 , 4534 ,-8.1 
 161.5 , 115.2 , 21.66 , .31 ,-6.116 , 130 , 300 , 201 , 185 , 4534 ,-8.3 
 162 , 115.3 , 21.33 , .3 ,-6.122 , 129 , 300 , 201 , 185 , 4536 ,-8.4 
 162.5 , 115.3 , 20.97 , .3 ,-6.125 , 130 , 299 , 201 , 186 , 4536 ,-8.3 
 163 , 115.2 , 20.57 , .29 ,-6.121 , 129 , 299 , 201 , 185 , 4535 ,-8.3 
 163.5 , 115.2 , 20.16 , .29 ,-6.128 , 130 , 300 , 201 , 186 , 4535 ,-8.4 
 164 , 115.2 , 19.71 , .28 ,-6.114 , 129 , 300 , 202 , 185 , 4536 ,-8.3 
 164.5 , 115.1 , 19.32 , .27 ,-6.128 , 129 , 300 , 201 , 185 , 4536 ,-8.8 
 165 , 115.2 , 18.99 , .27 ,-6.115 , 130 , 300 , 201 , 185 , 4536 ,-8.4 
 165.5 , 115.2 , 18.65 , .26 ,-6.129 , 129 , 299 , 201 , 185 , 4535 ,-8.5 
 166 , 115.1 , 18.07 , .26 ,-6.116 , 130 , 300 , 201 , 185 , 4535 ,-8.5 
 166.5 , 115.3 , 17.76 , .25 ,-6.125 , 129 , 300 , 201 , 185 , 4535 ,-8.4 
 167 , 115.2 , 17.19 , .24 ,-6.117 , 130 , 300 , 201 , 186 , 4536 ,-8.5 
 167.5 , 115.2 , 16.92 , .24 ,-6.125 , 130 , 300 , 201 , 185 , 4537 ,-8.6 
 168 , 115.2 , 16.6 , .23 ,-6.133 , 129 , 300 , 201 , 185 , 4537 ,-8.6 
 168.5 , 115.1 , 16.13 , .23 ,-6.131 , 130 , 300 , 200 , 185 , 4535 ,-8.4 
 169 , 115.2 , 15.73 , .22 ,-6.101 , 129 , 300 , 200 , 185 , 4535 ,-8.6 
 169.5 , 115.2 , 15.33 , .21 ,-6.113 , 130 , 299 , 201 , 185 , 4536 ,-8.6 
 170 , 115.1 , 14.99 , .22 ,-6.115 , 129 , 300 , 200 , 184 , 4535 ,-8.5 
 170.5 , 115.2 , 14.61 , .21 ,-6.134 , 130 , 300 , 200 , 185 , 4534 ,-7.9 
 171 , 115.1 , 14.45 , .2 ,-6.119 , 130 , 300 , 201 , 185 , 4536 ,-8.3 
 171.5 , 115 , 14.15 , .2 ,-6.139 , 129 , 300 , 200 , 184 , 4534 ,-8.9 
 172 , 115.1 , 14.02 , .2 ,-6.144 , 130 , 300 , 201 , 185 , 4538 ,-8.1 
 172.5 , 115.2 , 13.76 , .2 ,-6.129 , 129 , 300 , 201 , 185 , 4534 ,-8.5 
 173 , 115.2 , 13.77 , .19 ,-6.134 , 130 , 300 , 201 , 185 , 4536 ,-8 
 173.5 , 115.1 , 13.56 , .19 ,-6.139 , 129 , 299 , 201 , 184 , 4535 ,-8.4 
 174 , 115 , 13.54 , .19 ,-6.146 , 129 , 300 , 201 , 185 , 4534 ,-8.4 
 174.5 , 115.2 , 13.36 , .19 ,-6.14 , 129 , 300 , 200 , 185 , 4537 ,-7.9 
 175 , 115 , 13.24 , .19 ,-6.134 , 129 , 301 , 200 , 185 , 4534 ,-8.4 
 175.5 , 115.1 , 13.31 , .19 ,-6.137 , 130 , 300 , 201 , 185 , 4534 ,-8.6 
 176 , 115.2 , 13.32 , .19 ,-6.137 , 129 , 301 , 201 , 185 , 4536 ,-8.4 
 176.5 , 115 , 13.29 , .19 ,-6.143 , 130 , 300 , 201 , 185 , 4537 ,-8.6 
 177 , 115.1 , 13.29 , .18 ,-6.119 , 129 , 300 , 201 , 185 , 4535 ,-8.4 
 177.5 , 115.1 , 13.15 , .19 ,-6.126 , 130 , 300 , 201 , 185 , 4535 ,-8.4 
 178 , 115.1 , 13.15 , .19 ,-6.128 , 129 , 300 , 201 , 185 , 4536 ,-8.4 
 178.5 , 115 , 13.23 , .19 ,-6.126 , 129 , 300 , 201 , 184 , 4534 ,-8.3 
 179 , 115.1 , 13.26 , .19 ,-6.119 , 130 , 301 , 201 , 185 , 4534 ,-8.5 
 179.5 , 115.2 , 13.27 , .19 ,-6.127 , 129 , 300 , 201 , 185 , 4537 ,-8.4 
 180 , 115.2 , 13.19 , .19 ,-6.119 , 129 , 300 , 201 , 185 , 4535 ,-8.1 
 180.5 , 115.1 , 13.27 , .19 ,-6.119 , 129 , 301 , 200 , 185 , 4534 ,-8.8 
 181 , 115.1 , 13.26 , .19 ,-6.13 , 130 , 301 , 200 , 184 , 4534 ,-8.3 
 181.5 , 115.2 , 13.32 , .19 ,-6.131 , 129 , 300 , 200 , 185 , 4534 ,-8.6 
 182 , 115.2 , 13.32 , .19 ,-6.116 , 130 , 300 , 201 , 185 , 4534 ,-8.4 
 182.5 , 115.1 , 13.33 , .19 ,-6.114 , 129 , 300 , 201 , 185 , 4536 ,-8.5 
 183 , 115.2 , 13.39 , .19 ,-6.126 , 129 , 300 , 202 , 185 , 4536 ,-8.5 
 183.5 , 115.2 , 13.29 , .19 ,-6.118 , 130 , 300 , 201 , 185 , 4536 ,-8.6 
 184 , 115.1 , 13.37 , .19 ,-6.106 , 129 , 300 , 201 , 185 , 4536 ,-8.5 
 184.5 , 115.1 , 13.3 , .19 ,-6.121 , 130 , 300 , 201 , 185 , 4537 ,-8.4 
 185 , 115.2 , 13.41 , .19 ,-6.126 , 129 , 300 , 201 , 185 , 4535 ,-8.6 
 185.5 , 115 , 13.53 , .19 ,-6.125 , 130 , 300 , 202 , 184 , 4534 ,-8.3 
 186 , 115.1 , 13.44 , .19 ,-6.121 , 129 , 300 , 201 , 185 , 4535 ,-8.3 
 186.5 , 115 , 13.58 , .19 ,-6.119 , 130 , 300 , 201 , 185 , 4538 ,-8.6 
 187 , 115.2 , 13.68 , .19 ,-6.136 , 129 , 301 , 201 , 185 , 4536 ,-8.3 
 187.5 , 115.1 , 13.54 , .19 ,-6.121 , 129 , 301 , 201 , 185 , 4534 ,-8.3 
 188 , 115.1 , 13.84 , .2 ,-6.136 , 129 , 300 , 201 , 185 , 4534 ,-8 
 188.5 , 115.1 , 13.94 , .2 ,-6.133 , 129 , 301 , 201 , 185 , 4536 ,-8.1 
 189 , 115.3 , 14.06 , .2 ,-6.144 , 130 , 300 , 202 , 185 , 4537 ,-8.4 
 189.5 , 115 , 14.13 , .2 ,-6.191 , 129 , 301 , 202 , 185 , 4535 ,-8.5 
 190 , 115.2 , 14.19 , .2 ,-6.129 , 130 , 300 , 201 , 186 , 4537 ,-8.6 
 190.5 , 115 , 14.41 , .21 ,-6.13 , 129 , 300 , 201 , 185 , 4537 ,-8.1 
 191 , 115.2 , 14.64 , .2 ,-6.117 , 130 , 300 , 201 , 186 , 4535 ,-8.4 
 191.5 , 115.2 , 14.67 , .21 ,-6.108 , 129 , 301 , 201 , 185 , 4534 ,-8.3 
 192 , 115.1 , 14.87 , .21 ,-6.127 , 130 , 301 , 201 , 185 , 4534 ,-8.1 
 192.5 , 115.2 , 14.79 , .21 ,-6.108 , 130 , 301 , 202 , 185 , 4535 ,-8.6 
 193 , 115.2 , 15.07 , .22 ,-6.109 , 129 , 300 , 201 , 185 , 4534 ,-7.6 
 193.5 , 115.1 , 15.19 , .22 ,-6.137 , 130 , 301 , 201 , 185 , 4536 ,-8.8 
 194 , 115.2 , 15.29 , .22 ,-6.121 , 129 , 301 , 202 , 185 , 4536 ,-8 
 194.5 , 115.2 , 15.44 , .22 ,-6.114 , 130 , 300 , 201 , 185 , 4536 ,-8.4 
 195 , 115.2 , 15.49 , .22 ,-6.116 , 129 , 301 , 201 , 185 , 4535 ,-8 
 195.5 , 115 , 15.63 , .22 ,-6.12 , 130 , 300 , 201 , 186 , 4537 ,-8.6 
 196 , 115.1 , 15.88 , .23 ,-6.126 , 129 , 301 , 201 , 185 , 4537 ,-8.6 
 196.5 , 115 , 16.14 , .23 ,-6.131 , 129 , 300 , 201 , 185 , 4534 ,-8.4 
 197 , 115.1 , 16.23 , .23 ,-6.119 , 130 , 301 , 201 , 186 , 4536 ,-8.3 
 197.5 , 115 , 16.38 , .23 ,-6.141 , 129 , 301 , 202 , 185 , 4535 ,-8.4 
 198 , 115.2 , 16.46 , .24 ,-6.122 , 130 , 301 , 201 , 185 , 4536 ,-8.6 
 198.5 , 115.2 , 17.72 , .25 ,-6.138 , 129 , 301 , 202 , 185 , 4536 ,-8.4 
 199 , 115.2 , 19.36 , .29 ,-6.121 , 130 , 301 , 201 , 186 , 4537 ,-8.5 
 199.5 , 115.2 , 21.3 , .31 ,-6.119 , 129 , 301 , 202 , 186 , 4535 ,-8.3 
 200 , 115.3 , 22.84 , .33 ,-6.121 , 130 , 301 , 202 , 187 , 4536 ,-8.5 
 200.5 , 115.3 , 24.47 , .35 ,-6.12 , 129 , 301 , 203 , 187 , 4534 ,-8.3 
 201 , 115.2 , 26.13 , .37 ,-6.117 , 130 , 301 , 204 , 187 , 4535 ,-8.6 
 201.5 , 115.3 , 27.23 , .39 ,-6.125 , 130 , 301 , 204 , 188 , 4534 ,-8.3 
 202 , 115.3 , 28.18 , .4 ,-6.111 , 129 , 301 , 204 , 188 , 4534 ,-8.6 
 202.5 , 115.4 , 29.01 , .42 ,-6.119 , 130 , 301 , 204 , 188 , 4534 ,-8.3 
 203 , 115.3 , 29.59 , .42 ,-6.12 , 129 , 301 , 204 , 188 , 4536 ,-8.3 
 203.5 , 115.2 , 30.32 , .43 ,-6.126 , 130 , 300 , 204 , 188 , 4538 ,-8.8 
 204 , 115.4 , 30.64 , .44 ,-6.12 , 129 , 301 , 204 , 189 , 4534 ,-7.9 
 204.5 , 115.3 , 30.89 , .44 ,-6.13 , 130 , 301 , 204 , 188 , 4534 ,-8.1 
 205 , 115.3 , 31.34 , .44 ,-6.134 , 129 , 301 , 204 , 188 , 4536 ,-8.4 
 205.5 , 115.4 , 31.54 , .45 ,-6.144 , 130 , 300 , 204 , 188 , 4535 ,-8.1 
 206 , 115.4 , 31.45 , .45 ,-6.121 , 130 , 300 , 204 , 189 , 4535 ,-8.4 
 206.5 , 115.3 , 31.26 , .43 ,-6.148 , 130 , 300 , 204 , 188 , 4535 ,-8.3 
 207 , 115.4 , 31.07 , .44 ,-6.127 , 129 , 300 , 204 , 189 , 4536 ,-8.4 
 207.5 , 115.2 , 31.28 , .44 ,-6.145 , 129 , 300 , 203 , 188 , 4535 ,-8.4 
 208 , 115.5 , 31.4 , .44 ,-6.115 , 130 , 299 , 205 , 188 , 4538 ,-8.6 
 208.5 , 115.4 , 31.58 , .44 ,-6.127 , 129 , 299 , 204 , 188 , 4537 ,-8.8 
 209 , 115.3 , 31.88 , .45 ,-6.124 , 130 , 299 , 204 , 188 , 4534 ,-8 
 209.5 , 115.4 , 31.82 , .45 ,-6.103 , 129 , 300 , 204 , 189 , 4538 ,-8.5 
 210 , 115.4 , 31.91 , .45 ,-6.122 , 130 , 299 , 204 , 188 , 4535 ,-8.1 
 210.5 , 115.4 , 32.06 , .46 ,-6.125 , 129 , 299 , 204 , 188 , 4536 ,-8.4 
 211 , 115.3 , 32.06 , .45 ,-6.132 , 129 , 300 , 204 , 188 , 4534 ,-8 
 211.5 , 115.5 , 32.11 , .45 ,-6.129 , 130 , 299 , 204 , 188 , 4532 ,-8.1 
 212 , 115.4 , 32.15 , .45 ,-6.122 , 130 , 300 , 204 , 188 , 4535 ,-8.5 
 212.5 , 115.5 , 31.99 , .45 ,-6.12 , 130 , 300 , 204 , 188 , 4534 ,-8.9 
 213 , 115.4 , 32.1 , .46 ,-6.128 , 129 , 299 , 204 , 188 , 4535 ,-8.4 
 213.5 , 115.6 , 32.17 , .46 ,-6.11 , 130 , 299 , 204 , 188 , 4536 ,-8.3 
 214 , 115.4 , 32.1 , .45 ,-6.121 , 129 , 299 , 204 , 188 , 4536 ,-8.4 
 214.5 , 115.3 , 32.07 , .45 ,-6.128 , 130 , 299 , 204 , 188 , 4536 ,-8.3 
 215 , 115.2 , 32.1 , .45 ,-6.197 , 129 , 300 , 204 , 189 , 4535 ,-8.3 
 215.5 , 115.5 , 32.12 , .45 ,-6.125 , 130 , 299 , 204 , 189 , 4534 ,-8.3 
 216 , 115.4 , 32.14 , .45 ,-6.135 , 129 , 300 , 204 , 188 , 4536 ,-8.3 
 216.5 , 115.3 , 31.97 , .45 ,-6.135 , 130 , 300 , 204 , 189 , 4536 ,-8.4 
 217 , 115.4 , 31.89 , .45 ,-6.141 , 129 , 299 , 204 , 188 , 4535 ,-8.3 
 217.5 , 115.4 , 31.72 , .44 ,-6.123 , 130 , 300 , 204 , 189 , 4535 ,-8.6 
 218 , 115.3 , 31.46 , .44 ,-6.125 , 129 , 300 , 204 , 189 , 4535 ,-8.3 
 218.5 , 115.3 , 31.01 , .43 ,-6.13 , 129 , 300 , 204 , 188 , 4535 ,-8.4 
 219 , 115.3 , 30.57 , .43 ,-6.126 , 130 , 299 , 204 , 189 , 4538 ,-8.8 
 219.5 , 115.3 , 29.35 , .41 ,-6.128 , 129 , 299 , 204 , 188 , 4535 ,-8.3 
 220 , 115.4 , 28.14 , .39 ,-6.111 , 130 , 299 , 204 , 189 , 4535 ,-8.5 
 220.5 , 115.4 , 27.3 , .38 ,-6.129 , 129 , 300 , 204 , 188 , 4534 ,-8.4 
 221 , 115.3 , 25.66 , .36 ,-6.134 , 130 , 299 , 204 , 188 , 4534 ,-8.3 
 221.5 , 115.4 , 23.88 , .33 ,-6.122 , 129 , 299 , 204 , 187 , 4535 ,-8.5 
 222 , 115.4 , 22.3 , .31 ,-6.113 , 130 , 299 , 203 , 187 , 4535 ,-8.4 
 222.5 , 115.2 , 20.77 , .29 ,-6.129 , 129 , 299 , 203 , 187 , 4536 ,-8.5 
 223 , 115.3 , 19.39 , .26 ,-6.137 , 130 , 299 , 203 , 187 , 4538 ,-8.5 
 223.5 , 115.2 , 17.83 , .25 ,-6.129 , 129 , 299 , 203 , 186 , 4536 ,-8 
 224 , 115.2 , 16.68 , .23 ,-6.115 , 130 , 299 , 202 , 186 , 4535 ,-8 
 224.5 , 115.1 , 15.57 , .22 ,-6.119 , 129 , 300 , 202 , 186 , 4533 ,-8.4 
 225 , 115.2 , 14.3 , .2 ,-6.128 , 130 , 300 , 202 , 186 , 4534 ,-8.5 
 225.5 , 115.3 , 13.05 , .18 ,-6.119 , 129 , 300 , 201 , 186 , 4537 ,-8.4 
 226 , 115.2 , 11.89 , .16 ,-6.125 , 130 , 299 , 202 , 186 , 4535 ,-8 
 226.5 , 115.3 , 10.87 , .15 ,-6.14 , 129 , 300 , 201 , 186 , 4533 ,-8 
 227 , 115.1 , 10.17 , .14 ,-6.122 , 129 , 300 , 202 , 185 , 4535 ,-8.4 
 227.5 , 115.3 , 10.02 , .15 ,-6.106 , 130 , 300 , 201 , 186 , 4536 ,-8.3 
 228 , 115.1 , 9.87 , .14 ,-6.12 , 129 , 300 , 202 , 185 , 4536 ,-8.4 
 228.5 , 115 , 9.76 , .14 ,-6.125 , 130 , 300 , 202 , 186 , 4535 ,-8.3 
 229 , 115.2 , 9.88 , .13 ,-6.13 , 129 , 300 , 202 , 186 , 4536 ,-7.8 
 229.5 , 115.2 , 9.66 , .14 ,-6.115 , 130 , 300 , 201 , 187 , 4533 ,-8.1 
 230 , 115.1 , 9.86 , .14 ,-6.137 , 129 , 301 , 202 , 185 , 4533 ,-8.4 
 230.5 , 115.2 , 9.78 , .14 ,-6.118 , 130 , 301 , 202 , 186 , 4536 ,-8.5 
 231 , 115.1 , 9.85 , .14 ,-6.129 , 129 , 301 , 202 , 186 , 4535 ,-8.8 
 231.5 , 115.1 , 9.83 , .14 ,-6.114 , 130 , 301 , 202 , 186 , 4536 ,-8 
 232 , 115.3 , 9.78 , .13 ,-6.123 , 129 , 300 , 202 , 186 , 4535 ,-8.6 
 232.5 , 115.3 , 9.82 , .13 ,-6.113 , 130 , 301 , 202 , 186 , 4534 ,-8.4 
 233 , 115.3 , 9.61 , .13 ,-6.121 , 129 , 301 , 202 , 186 , 4535 ,-8 
 233.5 , 115.2 , 9.22 , .13 ,-6.127 , 130 , 301 , 202 , 186 , 4535 ,-8.1 
 234 , 115.4 , 9.05 , .13 ,-6.11 , 129 , 301 , 201 , 185 , 4535 ,-8.5 
 234.5 , 115.2 , 8.79 , .12 ,-6.117 , 130 , 301 , 200 , 185 , 4535 ,-8.4 
 235 , 114.9 , 8.71 , .12 ,-6.116 , 129 , 301 , 200 , 185 , 4536 ,-8.1 
 235.5 , 114.9 , 8.82 , .13 ,-6.131 , 130 , 302 , 199 , 184 , 4535 ,-8.6 
 236 , 115 , 8.84 , .13 ,-6.127 , 129 , 301 , 200 , 184 , 4533 ,-8.5 
 236.5 , 114.9 , 8.75 , .12 ,-6.119 , 129 , 301 , 199 , 184 , 4535 ,-8.1 
 237 , 115 , 8.78 , .13 ,-6.123 , 129 , 301 , 200 , 185 , 4535 ,-8.3 
 237.5 , 115 , 8.79 , .13 ,-6.117 , 129 , 301 , 200 , 185 , 4536 ,-8.6 
 238 , 114.9 , 8.84 , .12 ,-6.125 , 129 , 302 , 200 , 184 , 4536 ,-8.8 
 238.5 , 115.1 , 8.83 , .13 ,-6.117 , 130 , 301 , 200 , 184 , 4534 ,-8.4 
 239 , 114.9 , 8.92 , .13 ,-6.142 , 130 , 301 , 201 , 184 , 4534 ,-8.3 
 239.5 , 114.9 , 9.03 , .12 ,-6.127 , 129 , 301 , 199 , 185 , 4538 ,-8.3 
 240 , 115 , 9.12 , .13 ,-6.13 , 130 , 300 , 200 , 184 , 4536 ,-8.3 
 240.5 , 115 , 9 , .13 ,-6.111 , 129 , 301 , 199 , 184 , 4534 ,-8.1 
 241 , 115.1 , 9.23 , .13 ,-6.123 , 130 , 300 , 199 , 185 , 4533 ,-7.8 
 241.5 , 114.9 , 9.16 , .13 ,-6.114 , 129 , 301 , 199 , 185 , 4538 ,-9 
 242 , 115 , 9.4 , .13 ,-6.12 , 130 , 301 , 200 , 184 , 4534 ,-7.9 
 242.5 , 115.1 , 9.31 , .13 ,-6.112 , 129 , 300 , 200 , 185 , 4536 ,-8.9 
 243 , 114.9 , 9.27 , .13 ,-6.117 , 130 , 300 , 200 , 185 , 4537 ,-8.4 
 243.5 , 115 , 9.18 , .13 ,-6.124 , 129 , 300 , 200 , 185 , 4534 ,-8.4 
 244 , 114.9 , 9.33 , .14 ,-6.126 , 130 , 300 , 199 , 185 , 4537 ,-9 
 244.5 , 115 , 9.49 , .13 ,-6.116 , 129 , 300 , 200 , 184 , 4533 ,-7.8 
 245 , 115.1 , 9.57 , .13 ,-6.136 , 130 , 300 , 200 , 185 , 4533 ,-8.1 
 245.5 , 115 , 9.38 , .14 ,-6.138 , 129 , 300 , 200 , 185 , 4535 ,-8 
 246 , 114.9 , 9.61 , .13 ,-6.131 , 130 , 300 , 201 , 185 , 4534 ,-8.3 
 246.5 , 115.1 , 9.77 , .14 ,-6.132 , 129 , 299 , 201 , 186 , 4533 ,-8.5 
 247 , 115.2 , 10.16 , .15 ,-6.116 , 130 , 299 , 202 , 186 , 4536 ,-8 
 247.5 , 115.1 , 10.42 , .15 ,-6.131 , 129 , 299 , 203 , 187 , 4535 ,-8.4 
 248 , 115.2 , 11.32 , .18 ,-6.131 , 130 , 298 , 203 , 188 , 4535 ,-8.1 
 248.5 , 115.2 , 18.06 , .27 ,-6.142 , 129 , 299 , 206 , 189 , 4536 ,-8.1 
 249 , 115.1 , 24.1 , .36 ,-6.136 , 130 , 300 , 206 , 191 , 4534 ,-8.1 
 249.5 , 115.3 , 28.86 , .42 ,-6.148 , 129 , 301 , 207 , 192 , 4535 ,-8.4 
 250 , 115.3 , 33.92 , .51 ,-6.138 , 130 , 301 , 208 , 192 , 4537 ,-8.5 
 250.5 , 115.2 , 39.35 , .58 ,-6.139 , 129 , 302 , 209 , 192 , 4535 ,-8.4 
 251 , 115.3 , 44.92 , .65 ,-6.131 , 130 , 301 , 209 , 193 , 4535 ,-8.6 
 251.5 , 115.4 , 47.03 , .67 ,-6.125 , 129 , 301 , 209 , 193 , 4534 ,-8.4 
 252 , 115.4 , 48.38 , .69 ,-6.123 , 130 , 301 , 209 , 193 , 4536 ,-8.3 
 252.5 , 115.3 , 48.96 , .7 ,-6.128 , 129 , 301 , 209 , 193 , 4534 ,-8 
 253 , 115.3 , 49.54 , .7 ,-6.131 , 130 , 300 , 209 , 193 , 4536 ,-8.3 
 253.5 , 115.5 , 49.78 , .71 ,-6.106 , 129 , 301 , 209 , 192 , 4536 ,-8.8 
 254 , 115.4 , 49.97 , .71 ,-6.126 , 130 , 301 , 208 , 193 , 4535 ,-8.6 
 254.5 , 115.4 , 49.99 , .71 ,-6.122 , 129 , 301 , 209 , 193 , 4538 ,-8.6 
 255 , 115.4 , 49.98 , .71 ,-6.129 , 130 , 300 , 209 , 193 , 4536 ,-8.5 
 255.5 , 115.4 , 49.92 , .71 ,-6.112 , 129 , 300 , 209 , 193 , 4536 ,-8.8 
 256 , 115.6 , 49.82 , .7 ,-6.12 , 130 , 300 , 209 , 193 , 4536 ,-8 
 256.5 , 115.6 , 49.9 , .71 ,-6.142 , 130 , 301 , 209 , 193 , 4535 ,-8.5 
 257 , 115.4 , 49.52 , .7 ,-6.116 , 130 , 300 , 209 , 192 , 4534 ,-8.4 
 257.5 , 115.5 , 49.45 , .7 ,-6.119 , 129 , 300 , 208 , 193 , 4539 ,-9.3 
 258 , 115.5 , 49.26 , .69 ,-6.114 , 130 , 300 , 209 , 193 , 4537 ,-8.4 
 258.5 , 115.4 , 48.13 , .68 ,-6.123 , 130 , 300 , 209 , 192 , 4534 ,-8.5 
 259 , 115.3 , 46.17 , .64 ,-6.123 , 130 , 299 , 208 , 192 , 4536 ,-8.1 
 259.5 , 115.3 , 43.45 , .6 ,-6.115 , 129 , 300 , 208 , 192 , 4534 ,-7.9 
 260 , 115.3 , 40.13 , .56 ,-6.127 , 130 , 300 , 207 , 192 , 4535 ,-8.3 
 260.5 , 115.5 , 37.09 , .51 ,-6.113 , 129 , 299 , 208 , 192 , 4536 ,-8.3 
 261 , 115.4 , 32.57 , .46 ,-6.135 , 130 , 300 , 207 , 192 , 4537 ,-8.4 
 261.5 , 115.4 , 28.95 , .4 ,-6.119 , 130 , 300 , 207 , 191 , 4535 ,-8.4 
 262 , 115.2 , 25.94 , .36 ,-6.125 , 129 , 298 , 207 , 191 , 4536 ,-8.8 
 262.5 , 115.5 , 23.63 , .33 ,-6.121 , 130 , 299 , 206 , 190 , 4534 ,-8.5 
 263 , 115.3 , 21.61 , .29 ,-6.126 , 129 , 299 , 206 , 190 , 4540 ,-8.9 
 263.5 , 115.3 , 18.71 , .26 ,-6.116 , 130 , 299 , 205 , 189 , 4535 ,-8.6 
 264 , 115.3 , 16.58 , .23 ,-6.123 , 129 , 299 , 205 , 189 , 4534 ,-8.4 
 264.5 , 115.2 , 14.45 , .19 ,-6.133 , 129 , 297 , 205 , 189 , 4534 ,-8.1 
 265 , 115.2 , 12.03 , .16 ,-6.128 , 129 , 298 , 204 , 189 , 4535 ,-8.3 
 265.5 , 115.2 , 10.26 , .14 ,-6.124 , 130 , 299 , 204 , 189 , 4537 ,-8.3 
 266 , 115 , 9.84 , .13 ,-6.13 , 129 , 300 , 205 , 189 , 4537 ,-8.1 
 266.5 , 115.1 , 9.75 , .13 ,-6.131 , 130 , 300 , 205 , 189 , 4535 ,-8.5 
 267 , 115.2 , 9.59 , .13 ,-6.117 , 130 , 299 , 204 , 189 , 4536 ,-8.6 
 267.5 , 115.3 , 9.33 , .13 ,-6.098 , 129 , 300 , 205 , 188 , 4535 ,-8.5 
 268 , 115.4 , 9.11 , .13 ,-6.124 , 129 , 299 , 205 , 189 , 4535 ,-8.3 
 268.5 , 115.3 , 8.9 , .13 ,-6.106 , 129 , 300 , 203 , 187 , 4536 ,-8.6 
 269 , 115 , 8.83 , .12 ,-6.123 , 129 , 301 , 203 , 186 , 4534 ,-8.3 
 269.5 , 115.1 , 8.8 , .12 ,-6.115 , 129 , 301 , 202 , 186 , 4537 ,-8.4 
 270 , 115 , 8.74 , .13 ,-6.108 , 130 , 301 , 202 , 187 , 4535 ,-8.5 
 270.5 , 114.9 , 8.84 , .13 ,-6.122 , 129 , 301 , 202 , 187 , 4538 ,-8.6 
 271 , 114.8 , 8.81 , .12 ,-6.12 , 130 , 301 , 202 , 186 , 4532 ,-8.3 
 271.5 , 115 , 8.88 , .13 ,-6.126 , 129 , 300 , 202 , 187 , 4535 ,-8.5 
 272 , 115.1 , 8.94 , .13 ,-6.113 , 130 , 301 , 202 , 186 , 4537 ,-8 
 272.5 , 115 , 8.89 , .12 ,-6.123 , 129 , 301 , 202 , 187 , 4536 ,-8.4 
 273 , 115.1 , 8.89 , .12 ,-6.105 , 130 , 301 , 202 , 187 , 4535 ,-8.4 
 273.5 , 114.9 , 8.76 , .13 ,-6.116 , 129 , 300 , 203 , 187 , 4534 ,-7.8 
 274 , 114.8 , 8.78 , .12 ,-6.126 , 130 , 301 , 202 , 187 , 4535 ,-8.8 
 274.5 , 114.9 , 8.81 , .12 ,-6.122 , 129 , 300 , 202 , 187 , 4537 ,-8.1 
 275 , 115 , 8.94 , .13 ,-6.14 , 130 , 301 , 202 , 186 , 4537 ,-8.6 
 275.5 , 114.9 , 8.71 , .12 ,-6.134 , 129 , 301 , 202 , 186 , 4537 ,-8.5 
 276 , 114.9 , 8.73 , .12 ,-6.129 , 130 , 300 , 203 , 186 , 4537 ,-8.6 
 276.5 , 114.9 , 8.96 , .12 ,-6.148 , 129 , 301 , 202 , 187 , 4535 ,-8.4 
 277 , 115 , 8.78 , .12 ,-6.125 , 130 , 301 , 202 , 186 , 4536 ,-8.4 
 277.5 , 115 , 8.83 , .13 ,-6.131 , 129 , 300 , 202 , 186 , 4536 ,-8.5 
 278 , 115 , 8.73 , .13 ,-6.123 , 130 , 300 , 202 , 186 , 4537 ,-8.3 
 278.5 , 114.9 , 8.8 , .13 ,-6.122 , 129 , 300 , 202 , 187 , 4537 ,-8.4 
 279 , 114.8 , 8.85 , .12 ,-6.146 , 130 , 300 , 202 , 186 , 4536 ,-8.8 
 279.5 , 114.8 , 8.77 , .12 ,-6.136 , 129 , 300 , 202 , 187 , 4536 ,-9 
 280 , 114.9 , 8.95 , .13 ,-6.13 , 130 , 301 , 202 , 186 , 4536 ,-8.5 
 280.5 , 114.9 , 8.57 , .13 ,-6.114 , 129 , 300 , 202 , 186 , 4535 ,-8.4 
 281 , 114.9 , 8.64 , .13 ,-6.116 , 130 , 300 , 202 , 187 , 4537 ,-8.5 
 281.5 , 114.9 , 8.72 , .13 ,-6.118 , 129 , 300 , 202 , 186 , 4537 ,-8.3 
 282 , 114.9 , 8.67 , .12 ,-6.127 , 130 , 300 , 202 , 187 , 4536 ,-8.1 
 282.5 , 114.7 , 8.76 , .12 ,-6.133 , 129 , 300 , 202 , 186 , 4534 ,-8.4 
 283 , 115 , 8.8 , .13 ,-6.13 , 130 , 300 , 202 , 186 , 4535 ,-8.4 
 283.5 , 114.8 , 8.82 , .12 ,-6.142 , 129 , 301 , 202 , 186 , 4533 ,-8.6 
 284 , 114.9 , 8.86 , .12 ,-6.126 , 129 , 300 , 202 , 186 , 4535 ,-8.1 
 284.5 , 114.9 , 8.76 , .12 ,-6.126 , 130 , 301 , 202 , 186 , 4537 ,-8 
 285 , 115 , 8.78 , .12 ,-6.132 , 129 , 300 , 202 , 186 , 4535 ,-8.3 
 285.5 , 115 , 8.81 , .12 ,-6.132 , 130 , 300 , 202 , 186 , 4536 ,-8.4 
 286 , 114.9 , 8.79 , .13 ,-6.127 , 129 , 300 , 202 , 186 , 4534 ,-8.3 
 286.5 , 114.8 , 8.6 , .12 ,-6.123 , 130 , 300 , 201 , 186 , 4535 ,-8.4 
 287 , 114.9 , 8.94 , .12 ,-6.133 , 129 , 300 , 201 , 186 , 4537 ,-8.1 
 287.5 , 114.9 , 8.8 , .13 ,-6.124 , 130 , 300 , 202 , 186 , 4534 ,-8.5 
 288 , 115 , 8.81 , .12 ,-6.118 , 129 , 300 , 202 , 186 , 4535 ,-8 
 288.5 , 114.9 , 8.65 , .12 ,-6.127 , 130 , 300 , 202 , 186 , 4535 ,-8.3 
 289 , 114.9 , 8.73 , .12 ,-6.131 , 129 , 300 , 202 , 186 , 4534 ,-8.4 
 289.5 , 114.8 , 8.75 , .13 ,-6.121 , 130 , 300 , 202 , 186 , 4535 ,-8.4 
 290 , 114.8 , 8.69 , .12 ,-6.121 , 129 , 300 , 202 , 186 , 4536 ,-8.1 
 290.5 , 114.7 , 8.62 , .12 ,-6.124 , 129 , 300 , 202 , 186 , 4534 ,-8.6 
 291 , 115 , 8.66 , .12 ,-6.13 , 130 , 301 , 202 , 185 , 4533 ,-8 
 291.5 , 114.9 , 8.75 , .12 ,-6.131 , 129 , 300 , 202 , 185 , 4535 ,-8.3 
 292 , 114.8 , 8.66 , .12 ,-6.125 , 130 , 300 , 202 , 186 , 4535 ,-8.1 
 292.5 , 114.9 , 8.75 , .12 ,-6.118 , 129 , 300 , 201 , 186 , 4535 ,-8.1 
 293 , 114.8 , 8.74 , .12 ,-6.127 , 130 , 300 , 201 , 186 , 4536 ,-8.4 
 293.5 , 114.8 , 8.73 , .12 ,-6.121 , 129 , 300 , 201 , 186 , 4535 ,-8.1 
 294 , 114.8 , 8.62 , .12 ,-6.113 , 130 , 300 , 201 , 186 , 4535 ,-8.8 
 294.5 , 114.8 , 8.76 , .12 ,-6.129 , 129 , 300 , 201 , 186 , 4536 ,-8.3 
 295 , 114.8 , 8.7 , .12 ,-6.119 , 130 , 300 , 200 , 187 , 4535 ,-8.4 
 295.5 , 114.6 , 8.72 , .12 ,-6.127 , 129 , 300 , 202 , 186 , 4534 ,-8.3 
 296 , 114.7 , 8.68 , .12 ,-6.119 , 130 , 300 , 201 , 185 , 4536 ,-8.5 
 296.5 , 114.7 , 8.66 , .12 ,-6.115 , 129 , 300 , 202 , 185 , 4536 ,-8.6 
 297 , 114.9 , 8.65 , .12 ,-6.136 , 129 , 300 , 202 , 185 , 4534 ,-8 
 297.5 , 114.7 , 8.63 , .12 ,-6.118 , 129 , 301 , 201 , 185 , 4536 ,-8.6 
 298 , 114.8 , 8.75 , .12 ,-6.136 , 129 , 300 , 201 , 186 , 4537 ,-8.4 
 298.5 , 114.6 , 8.72 , .12 ,-6.134 , 130 , 300 , 200 , 185 , 4534 ,-8.1 
 299 , 114.9 , 8.69 , .12 ,-6.13 , 129 , 300 , 201 , 185 , 4535 ,-8.1 
 299.5 , 114.8 , 8.78 , .12 ,-6.119 , 130 , 300 , 201 , 186 , 4534 ,-8 
 300 , 114.7 , 8.68 , .12 ,-6.122 , 129 , 300 , 202 , 186 , 4534 ,-7.9 
 300.5 , 114.8 , 8.64 , .12 ,-6.13 , 130 , 299 , 201 , 185 , 4533 ,-8.4 
 301 , 114.6 , 8.65 , .12 ,-6.127 , 129 , 300 , 201 , 185 , 4538 ,-8.4 
 301.5 , 114.7 , 8.72 , .12 ,-6.131 , 130 , 300 , 201 , 185 , 4534 ,-8.3 
 302 , 114.7 , 8.51 , .12 ,-6.133 , 130 , 300 , 201 , 185 , 4533 ,-8.5 
 302.5 , 114.8 , 8.58 , .12 ,-6.128 , 129 , 300 , 201 , 186 , 4537 ,-8 
 303 , 114.8 , 8.69 , .12 ,-6.118 , 130 , 299 , 202 , 185 , 4534 ,-8.8 
 303.5 , 114.8 , 8.65 , .12 ,-6.117 , 129 , 300 , 201 , 185 , 4536 ,-8.5 
 304 , 114.7 , 8.64 , .13 ,-6.121 , 130 , 300 , 201 , 186 , 4537 ,-8.3 
 304.5 , 114.7 , 8.63 , .12 ,-6.125 , 129 , 299 , 201 , 186 , 4536 ,-8.3 
 305 , 114.8 , 8.6 , .12 ,-6.125 , 130 , 299 , 201 , 185 , 4537 ,-8.3 
 305.5 , 114.8 , 8.59 , .12 ,-6.129 , 129 , 300 , 201 , 186 , 4539 ,-8.6 
 306 , 114.7 , 8.58 , .12 ,-6.128 , 130 , 300 , 201 , 186 , 4535 ,-8.1 
 306.5 , 114.8 , 8.62 , .12 ,-6.123 , 130 , 300 , 201 , 185 , 4534 ,-8.8 
 307 , 114.7 , 8.53 , .12 ,-6.129 , 130 , 300 , 201 , 185 , 4534 ,-8 
 307.5 , 114.7 , 9.06 , .13 ,-6.129 , 130 , 300 , 201 , 186 , 4536 ,-8.8 
 308 , 114.5 , 9.05 , .13 ,-6.149 , 129 , 300 , 201 , 186 , 4534 ,-8.4 
 308.5 , 114.8 , 8.66 , .12 ,-6.118 , 130 , 300 , 201 , 185 , 4537 ,-8.5 
 309 , 114.8 , 8.72 , .12 ,-6.114 , 129 , 300 , 201 , 186 , 4536 ,-8.4 
 309.5 , 114.8 , 8.69 , .12 ,-6.126 , 130 , 300 , 201 , 185 , 4535 ,-8.5 
 310 , 114.6 , 8.71 , .12 ,-6.126 , 129 , 300 , 202 , 185 , 4536 ,-8.8 
 310.5 , 114.5 , 8.66 , .12 ,-6.135 , 129 , 300 , 201 , 186 , 4538 ,-8.4 
 311 , 114.8 , 8.61 , .12 ,-6.13 , 130 , 300 , 201 , 186 , 4536 ,-8.5 
 311.5 , 114.9 , 8.7 , .12 ,-6.128 , 129 , 300 , 201 , 185 , 4537 ,-8.9 
 312 , 114.7 , 8.51 , .12 ,-6.165 , 130 , 300 , 201 , 185 , 4533 ,-8.5 
 312.5 , 114.7 , 8.76 , .12 ,-6.18 , 129 , 300 , 201 , 185 , 4536 ,-8.5 
 313 , 114.6 , 8.59 , .12 ,-6.138 , 129 , 300 , 201 , 186 , 4537 ,-8.5 
 313.5 , 114.8 , 8.72 , .12 ,-6.122 , 130 , 300 , 201 , 185 , 4534 ,-8.3 
 314 , 114.6 , 8.72 , .12 ,-6.135 , 129 , 300 , 201 , 185 , 4537 ,-7.8 
 314.5 , 114.8 , 8.56 , .12 ,-6.121 , 130 , 300 , 201 , 185 , 4537 ,-8.3 
 315 , 114.6 , 8.76 , .12 ,-6.134 , 129 , 300 , 201 , 186 , 4536 ,-8.5 
 315.5 , 114.7 , 8.67 , .12 ,-6.12 , 129 , 300 , 201 , 185 , 4536 ,-8.6 
 316 , 114.8 , 8.66 , .12 ,-6.118 , 130 , 300 , 201 , 186 , 4537 ,-8.5 
 316.5 , 114.8 , 8.76 , .12 ,-6.113 , 129 , 300 , 201 , 185 , 4535 ,-8.5 
 317 , 114.8 , 8.67 , .12 ,-6.128 , 130 , 299 , 201 , 185 , 4534 ,-7.9 
 317.5 , 114.7 , 8.7 , .12 ,-6.131 , 129 , 300 , 201 , 185 , 4536 ,-8.4 
 318 , 114.6 , 8.71 , .12 ,-6.127 , 130 , 300 , 202 , 185 , 4536 ,-8 
 318.5 , 114.8 , 8.78 , .12 ,-6.118 , 129 , 301 , 201 , 185 , 4537 ,-8.5 
 319 , 114.5 , 8.55 , .12 ,-6.124 , 129 , 301 , 201 , 185 , 4536 ,-8.1 
 319.5 , 114.6 , 8.62 , .12 ,-6.125 , 130 , 300 , 201 , 185 , 4532 ,-8 
 320 , 114.5 , 8.65 , .12 ,-6.124 , 129 , 300 , 201 , 185 , 4534 ,-8.5 
 320.5 , 114.8 , 8.64 , .12 ,-6.114 , 130 , 300 , 201 , 185 , 4535 ,-8.4 
 321 , 114.7 , 8.58 , .12 ,-6.107 , 129 , 300 , 201 , 186 , 4536 ,-8.1 
 321.5 , 114.8 , 8.58 , .12 ,-6.122 , 130 , 300 , 201 , 185 , 4537 ,-8.3 
 322 , 114.6 , 8.74 , .12 ,-6.122 , 130 , 300 , 201 , 186 , 4534 ,-8.3 
 322.5 , 114.6 , 8.69 , .12 ,-6.113 , 129 , 301 , 200 , 186 , 4535 ,-8.3 
 323 , 114.6 , 8.9 , .12 ,-6.127 , 130 , 300 , 201 , 185 , 4536 ,-8.4 
 323.5 , 114.6 , 9 , .13 ,-6.131 , 129 , 300 , 202 , 185 , 4536 ,-8.4 
 324 , 114.6 , 9.06 , .13 ,-6.131 , 130 , 300 , 202 , 186 , 4536 ,-8.1 
 324.5 , 114.6 , 9.39 , .12 ,-6.13 , 130 , 301 , 202 , 186 , 4535 ,-8.1 
 325 , 114.5 , 9.35 , .14 ,-6.13 , 129 , 300 , 202 , 186 , 4535 ,-8.8 
 325.5 , 114.8 , 9.6 , .14 ,-6.132 , 130 , 300 , 202 , 187 , 4536 ,-8.4 
 326 , 114.7 , 9.55 , .14 ,-6.132 , 129 , 300 , 203 , 187 , 4537 ,-8.8 
 326.5 , 114.7 , 9.9 , .14 ,-6.141 , 130 , 300 , 204 , 188 , 4535 ,-8.4 
 327 , 114.7 , 10.15 , .14 ,-6.144 , 129 , 300 , 204 , 188 , 4536 ,-8.5 
 327.5 , 114.8 , 10.17 , .15 ,-6.133 , 130 , 299 , 205 , 189 , 4534 ,-8.3 
 328 , 115 , 10.46 , .15 ,-6.143 , 130 , 299 , 206 , 190 , 4537 ,-8.8 
 328.5 , 114.8 , 10.85 , .15 ,-6.142 , 129 , 299 , 207 , 191 , 4536 ,-8.6 
 329 , 115.1 , 11.36 , .16 ,-6.138 , 130 , 299 , 209 , 193 , 4536 ,-8.4 
 329.5 , 115.3 , 11.76 , .17 ,-6.138 , 129 , 299 , 209 , 194 , 4537 ,-8 
 330 , 115.5 , 12.29 , .17 ,-6.143 , 130 , 299 , 211 , 195 , 4536 ,-8.8 
 330.5 , 115.5 , 12.71 , .19 ,-6.138 , 130 , 300 , 212 , 196 , 4537 ,-8.5 
 331 , 115.5 , 13.19 , .19 ,-6.126 , 129 , 299 , 212 , 196 , 4535 ,-8.5 
 331.5 , 115.7 , 13.68 , .19 ,-6.123 , 130 , 299 , 213 , 198 , 4536 ,-8 
 332 , 115.8 , 13.79 , .2 ,-6.134 , 129 , 300 , 214 , 198 , 4536 ,-8.1 
 332.5 , 116.1 , 14.02 , .2 ,-6.122 , 130 , 300 , 215 , 199 , 4534 ,-8.3 
 333 , 116 , 14.23 , .2 ,-6.117 , 130 , 300 , 215 , 198 , 4536 ,-8.3 
 333.5 , 116 , 14.52 , .21 ,-6.142 , 130 , 300 , 216 , 200 , 4537 ,-8.5 
 334 , 116 , 14.71 , .2 ,-6.136 , 131 , 299 , 216 , 200 , 4533 ,-8.4 
 334.5 , 116.1 , 14.87 , .21 ,-6.127 , 129 , 300 , 217 , 201 , 4536 ,-8.4 
 335 , 116.3 , 15.07 , .21 ,-6.128 , 131 , 300 , 217 , 200 , 4534 ,-8.5 
 335.5 , 116.3 , 15.18 , .22 ,-6.127 , 130 , 300 , 217 , 201 , 4536 ,-8.8 
 336 , 116.4 , 15.39 , .22 ,-6.131 , 130 , 300 , 217 , 201 , 4536 ,-8.4 
 336.5 , 116.5 , 15.45 , .22 ,-6.119 , 130 , 300 , 218 , 202 , 4535 ,-8.6 
 337 , 116.7 , 15.72 , .22 ,-6.126 , 130 , 301 , 219 , 202 , 4539 ,-8.6 
 337.5 , 116.7 , 15.83 , .22 ,-6.13 , 131 , 301 , 218 , 202 , 4537 ,-8.8 
 338 , 116.6 , 15.89 , .23 ,-6.13 , 130 , 300 , 218 , 202 , 4537 ,-8.5 
 338.5 , 116.8 , 16.16 , .23 ,-6.13 , 131 , 301 , 219 , 203 , 4535 ,-8.5 
 339 , 116.9 , 16.44 , .23 ,-6.123 , 129 , 300 , 219 , 203 , 4535 ,-8.3 
 339.5 , 117.1 , 16.35 , .24 ,-6.123 , 130 , 301 , 220 , 203 , 4536 ,-8.4 
 340 , 117 , 16.62 , .24 ,-6.138 , 131 , 301 , 220 , 204 , 4535 ,-8.4 
 340.5 , 116.9 , 16.78 , .24 ,-6.151 , 130 , 300 , 220 , 203 , 4535 ,-8.5 
 341 , 117.1 , 16.88 , .24 ,-6.135 , 131 , 300 , 220 , 204 , 4535 ,-8.5 
 341.5 , 117.2 , 17.24 , .24 ,-6.147 , 130 , 300 , 221 , 204 , 4537 ,-8.3 
 342 , 117.3 , 17.41 , .25 ,-6.135 , 131 , 300 , 221 , 205 , 4536 ,-8.3 
 342.5 , 117.3 , 17.53 , .25 ,-6.128 , 130 , 301 , 221 , 205 , 4536 ,-8.5 
 343 , 117.3 , 17.73 , .25 ,-6.141 , 130 , 300 , 221 , 205 , 4538 ,-8.5 
 343.5 , 117.5 , 17.83 , .25 ,-6.118 , 131 , 301 , 221 , 205 , 4535 ,-8.5 
 344 , 117.7 , 18.24 , .26 ,-6.131 , 130 , 300 , 222 , 205 , 4536 ,-8.3 
 344.5 , 117.8 , 18.27 , .26 ,-6.13 , 131 , 301 , 221 , 206 , 4537 ,-8.5 
 345 , 117.7 , 18.48 , .26 ,-6.13 , 130 , 301 , 222 , 205 , 4533 ,-8.1 
 345.5 , 117.7 , 18.7 , .26 ,-6.134 , 130 , 300 , 223 , 205 , 4537 ,-8.3 
 346 , 118.1 , 18.97 , .26 ,-6.14 , 131 , 300 , 222 , 206 , 4536 ,-8.8 
 346.5 , 118.2 , 19.22 , .27 ,-6.135 , 130 , 301 , 223 , 205 , 4535 ,-8.3 
 347 , 118.3 , 19.21 , .27 ,-6.136 , 131 , 300 , 222 , 206 , 4534 ,-8.9 
 347.5 , 118.3 , 19.4 , .27 ,-6.135 , 130 , 301 , 223 , 206 , 4534 ,-8.6 
 348 , 118.4 , 19.61 , .28 ,-6.141 , 130 , 301 , 223 , 206 , 4534 ,-8.3 
 348.5 , 118.6 , 19.77 , .28 ,-6.122 , 131 , 301 , 223 , 207 , 4536 ,-8.5 
 349 , 118.7 , 20.06 , .29 ,-6.136 , 130 , 300 , 223 , 207 , 4535 ,-8.1 
 349.5 , 118.9 , 20.16 , .29 ,-6.132 , 131 , 300 , 224 , 206 , 4535 ,-8.4 
 350 , 118.8 , 20.29 , .29 ,-6.136 , 130 , 300 , 223 , 206 , 4535 ,-8.4 
 350.5 , 119 , 20.38 , .29 ,-6.124 , 130 , 300 , 224 , 207 , 4539 ,-8.5 
 351 , 119.1 , 20.5 , .3 ,-6.116 , 131 , 301 , 223 , 206 , 4536 ,-8.5 
 351.5 , 119.2 , 20.82 , .3 ,-6.125 , 130 , 301 , 223 , 207 , 4537 ,-8.5 
 352 , 119.4 , 20.84 , .29 ,-6.136 , 131 , 300 , 223 , 207 , 4539 ,-8.8 
 352.5 , 119.3 , 21.12 , .29 ,-6.145 , 130 , 301 , 223 , 206 , 4534 ,-8.4 
 353 , 119.3 , 21.17 , .3 ,-6.137 , 131 , 300 , 224 , 206 , 4536 ,-8.5 
 353.5 , 119.5 , 21.23 , .3 ,-6.131 , 130 , 301 , 223 , 206 , 4535 ,-8.1 
 354 , 119.6 , 21.26 , .3 ,-6.139 , 130 , 301 , 223 , 207 , 4533 ,-8.3 
 354.5 , 119.6 , 21.51 , .3 ,-6.143 , 131 , 300 , 223 , 207 , 4536 ,-8.3 
 355 , 119.7 , 21.41 , .3 ,-6.139 , 130 , 301 , 223 , 206 , 4535 ,-8.5 
 355.5 , 119.6 , 21.43 , .3 ,-6.142 , 130 , 300 , 223 , 207 , 4535 ,-8.1 
 356 , 119.9 , 21.48 , .31 ,-6.142 , 131 , 300 , 223 , 207 , 4537 ,-8.6 
 356.5 , 119.8 , 21.47 , .3 ,-6.139 , 130 , 301 , 223 , 207 , 4538 ,-7.9 
 357 , 120 , 21.51 , .31 ,-6.123 , 131 , 300 , 223 , 207 , 4536 ,-8.5 
 357.5 , 119.9 , 21.37 , .31 ,-6.118 , 130 , 301 , 223 , 206 , 4536 ,-8 
 358 , 119.8 , 21.43 , .3 ,-6.126 , 130 , 300 , 224 , 207 , 4536 ,-8.3 
 358.5 , 120.1 , 21.43 , .3 ,-6.127 , 131 , 300 , 223 , 207 , 4536 ,-8.3 
 359 , 120.1 , 21.53 , .3 ,-6.124 , 130 , 301 , 223 , 206 , 4537 ,-8.3 
 359.5 , 120.1 , 21.6 , .3 ,-6.141 , 131 , 300 , 223 , 207 , 4537 ,-8.6 
 360 , 119.9 , 21.55 , .3 ,-6.128 , 130 , 300 , 223 , 207 , 4536 ,-8.3 
 360.5 , 119.9 , 21.52 , .31 ,-6.132 , 131 , 300 , 223 , 206 , 4539 ,-8.6 
 361 , 120.1 , 21.56 , .3 ,-6.133 , 131 , 300 , 224 , 206 , 4534 ,-8.4 
 361.5 , 120.1 , 21.47 , .3 ,-6.119 , 130 , 300 , 223 , 206 , 4536 ,-8.4 
 362 , 120.2 , 21.42 , .3 ,-6.114 , 131 , 300 , 223 , 206 , 4536 ,-8.6 
 362.5 , 120 , 21.57 , .3 ,-6.136 , 130 , 301 , 223 , 206 , 4535 ,-8.4 
 363 , 120 , 21.68 , .3 ,-6.137 , 130 , 301 , 222 , 207 , 4535 ,-8.4 
 363.5 , 120.2 , 21.42 , .3 ,-6.121 , 131 , 300 , 223 , 206 , 4534 ,-8.5 
 364 , 120.1 , 21.35 , .31 ,-6.121 , 130 , 300 , 223 , 207 , 4534 ,-7.9 
 364.5 , 120.1 , 21.5 , .31 ,-6.115 , 131 , 300 , 222 , 206 , 4533 ,-8.1 
 365 , 120.1 , 21.48 , .31 ,-6.131 , 130 , 300 , 223 , 207 , 4535 ,-8.4 
 365.5 , 120.1 , 21.45 , .3 ,-6.127 , 130 , 300 , 223 , 206 , 4535 ,-8.8 
 366 , 120.2 , 21.35 , .3 ,-6.124 , 131 , 300 , 223 , 206 , 4534 ,-8.3 
 366.5 , 120.2 , 21.45 , .31 ,-6.126 , 130 , 300 , 223 , 206 , 4535 ,-8.8 
 367 , 120.3 , 21.46 , .3 ,-6.124 , 130 , 300 , 223 , 206 , 4535 ,-8.8 
 367.5 , 120.1 , 21.5 , .3 ,-6.126 , 130 , 300 , 223 , 205 , 4533 ,-8.1 
 368 , 120.1 , 21.33 , .3 ,-6.134 , 130 , 299 , 223 , 206 , 4537 ,-8.4 
 368.5 , 120.1 , 21.3 , .3 ,-6.136 , 131 , 300 , 223 , 206 , 4536 ,-8.1 
 369 , 120.3 , 21.34 , .3 ,-6.133 , 130 , 300 , 223 , 206 , 4536 ,-8.4 
 369.5 , 120.2 , 21.29 , .3 ,-6.126 , 130 , 300 , 223 , 206 , 4535 ,-8 
 370 , 120.2 , 21.49 , .3 ,-6.142 , 131 , 300 , 223 , 206 , 4537 ,-8.8 
 370.5 , 120.1 , 21.32 , .3 ,-6.138 , 130 , 301 , 223 , 206 , 4535 ,-8.5 
 371 , 120.1 , 21.22 , .3 ,-6.124 , 131 , 300 , 223 , 207 , 4536 ,-8.4 
 371.5 , 120.1 , 21.4 , .31 ,-6.134 , 130 , 300 , 223 , 207 , 4538 ,-8.6 
 372 , 120.3 , 21.41 , .31 ,-6.128 , 130 , 300 , 223 , 207 , 4536 ,-8.3 
 372.5 , 120.2 , 21.34 , .3 ,-6.133 , 131 , 300 , 223 , 206 , 4535 ,-8.3 
 373 , 120.2 , 21.45 , .3 ,-6.143 , 130 , 300 , 223 , 207 , 4536 ,-8.3 
 373.5 , 120.2 , 21.27 , .3 ,-6.138 , 131 , 300 , 223 , 207 , 4536 ,-8.3 
 374 , 120.2 , 21.35 , .3 ,-6.134 , 130 , 300 , 223 , 206 , 4536 ,-8.5 
 374.5 , 120.2 , 21.4 , .3 ,-6.127 , 130 , 300 , 223 , 207 , 4537 ,-8 
 375 , 120.3 , 21.38 , .3 ,-6.13 , 131 , 300 , 223 , 206 , 4533 ,-8.3 
 375.5 , 120.3 , 21.32 , .3 ,-6.15 , 130 , 300 , 223 , 206 , 4534 ,-8.1 
 376 , 120.3 , 21.3 , .3 ,-6.151 , 130 , 299 , 223 , 206 , 4538 ,-8.4 
 376.5 , 120.2 , 21.32 , .3 ,-6.137 , 131 , 300 , 223 , 206 , 4536 ,-8.4 
 377 , 120.2 , 21.34 , .3 ,-6.145 , 130 , 299 , 223 , 206 , 4538 ,-8.6 
 377.5 , 120.4 , 21.26 , .3 ,-6.127 , 131 , 300 , 223 , 207 , 4534 ,-8 
 378 , 120.4 , 21.31 , .31 ,-6.148 , 131 , 300 , 223 , 207 , 4535 ,-8.3 
 378.5 , 120.2 , 21.1 , .3 ,-6.142 , 130 , 300 , 223 , 206 , 4534 ,-8.1 
 379 , 120.2 , 21.36 , .3 ,-6.143 , 131 , 300 , 223 , 206 , 4536 ,-8.6 
 379.5 , 120.2 , 21.31 , .3 ,-6.141 , 130 , 300 , 223 , 206 , 4535 ,-8.4 
 380 , 120.3 , 21.27 , .3 ,-6.14 , 131 , 300 , 223 , 206 , 4537 ,-8.5 
 380.5 , 120.4 , 21.32 , .3 ,-6.14 , 130 , 300 , 223 , 207 , 4535 ,-8.3 
 381 , 120.2 , 21.27 , .31 ,-6.144 , 130 , 300 , 223 , 206 , 4537 ,-8.6 
 381.5 , 120.3 , 21.19 , .3 ,-6.138 , 131 , 300 , 223 , 207 , 4536 ,-8.5 
 382 , 120.2 , 21.31 , .3 ,-6.154 , 130 , 300 , 223 , 206 , 4538 ,-8.6 
 382.5 , 120.3 , 21.27 , .3 ,-6.134 , 131 , 300 , 223 , 207 , 4535 ,-8.5 
 383 , 120.2 , 21.35 , .3 ,-6.153 , 131 , 300 , 223 , 207 , 4537 ,-8.5 
 383.5 , 120.3 , 21.26 , .3 ,-6.137 , 130 , 299 , 223 , 207 , 4536 ,-8.1 
 384 , 120.3 , 21.3 , .3 ,-6.128 , 131 , 300 , 223 , 206 , 4538 ,-8.3 
 384.5 , 120.2 , 21.16 , .3 ,-6.145 , 130 , 300 , 213 , 204 , 4536 ,-8.3 
 385 , 120.4 , 21.26 , .3 ,-6.146 , 130 , 299 , 210 , 202 , 4555 ,-8.5 
 385.5 , 120.3 , 21.14 , .3 ,-6.146 , 131 , 299 , 209 , 199 , 4566 ,-8.4 
 386 , 120.4 , 21.1 , .29 ,-6.137 , 130 , 299 , 208 , 196 , 4578 ,-8.3 
 386.5 , 120.4 , 21.21 , .29 ,-6.148 , 131 , 299 , 208 , 195 , 4592 ,-8.5 
 387 , 120.4 , 21.08 , .3 ,-6.138 , 131 , 298 , 207 , 193 , 4597 ,-8.4 
 387.5 , 120.2 , 21.29 , .3 ,-6.157 , 130 , 300 , 207 , 192 , 4602 ,-8.6 
 388 , 120.3 , 21.06 , .29 ,-6.158 , 131 , 300 , 207 , 192 , 4605 ,-8.6 
 388.5 , 120.3 , 21.03 , .3 ,-6.145 , 131 , 300 , 206 , 192 , 4606 ,-8 
 389 , 120.3 , 20.96 , .29 ,-6.148 , 131 , 299 , 207 , 192 , 4609 ,-8.1 
 389.5 , 120.3 , 21.01 , .3 ,-6.148 , 132 , 299 , 208 , 191 , 4609 ,-8.4 
 390 , 120.3 , 21.16 , .3 ,-6.145 , 131 , 300 , 207 , 191 , 4613 ,-8.5 
 390.5 , 120.2 , 21.02 , .3 ,-6.133 , 131 , 300 , 207 , 191 , 4611 ,-7.9 
 391 , 120.4 , 21.09 , .3 ,-6.143 , 131 , 300 , 208 , 191 , 4612 ,-8.5 
 391.5 , 120.3 , 20.97 , .3 ,-6.131 , 131 , 300 , 207 , 191 , 4615 ,-8.3 
 392 , 120.4 , 21.11 , .31 ,-6.133 , 131 , 300 , 207 , 192 , 4613 ,-8 
 392.5 , 120.3 , 21.23 , .31 ,-6.155 , 131 , 300 , 207 , 191 , 4613 ,-8.5 
 393 , 120.3 , 20.95 , .31 ,-6.146 , 131 , 300 , 207 , 192 , 4614 ,-8.5 
 393.5 , 120.4 , 21.21 , .3 ,-6.14 , 132 , 300 , 207 , 191 , 4617 ,-8.6 
 394 , 120.4 , 21.22 , .31 ,-6.149 , 131 , 300 , 207 , 192 , 4616 ,-8.4 
 394.5 , 120.4 , 21.3 , .3 ,-6.147 , 132 , 300 , 207 , 192 , 4618 ,-8.6 
 395 , 120.3 , 21.25 , .3 ,-6.14 , 131 , 300 , 207 , 192 , 4616 ,-8.1 
 395.5 , 120.3 , 21.23 , .3 ,-6.141 , 131 , 300 , 207 , 191 , 4617 ,-8.5 
 396 , 120.3 , 21.3 , .3 ,-6.151 , 132 , 300 , 207 , 191 , 4616 ,-8.9 
 396.5 , 120.4 , 21.34 , .3 ,-6.137 , 132 , 301 , 208 , 191 , 4617 ,-8.4 
 397 , 120.4 , 21.29 , .31 ,-6.148 , 131 , 301 , 207 , 191 , 4617 ,-8.1 
 397.5 , 120.5 , 21.23 , .3 ,-6.138 , 132 , 300 , 207 , 191 , 4613 ,-8.1 
 398 , 120.3 , 21.32 , .3 ,-6.157 , 131 , 300 , 207 , 191 , 4617 ,-8.5 
 398.5 , 120.4 , 21.37 , .3 ,-6.148 , 131 , 300 , 207 , 191 , 4616 ,-8.3 
 399 , 120.1 , 21.32 , .3 ,-6.14 , 132 , 300 , 207 , 191 , 4616 ,-8.1 
 399.5 , 120.3 , 21.32 , .3 ,-6.156 , 131 , 300 , 207 , 191 , 4617 ,-8.3 
 400 , 120.3 , 21.31 , .3 ,-6.155 , 132 , 300 , 207 , 191 , 4620 ,-8.5 
 400.5 , 120.3 , 21.38 , .3 ,-6.146 , 132 , 300 , 207 , 191 , 4619 ,-8.4 
 401 , 120.3 , 21.38 , .3 ,-6.149 , 131 , 300 , 206 , 192 , 4619 ,-8.5 
 401.5 , 120.3 , 21.38 , .3 ,-6.143 , 132 , 300 , 207 , 192 , 4618 ,-8.6 
 402 , 120.3 , 21.45 , .3 ,-6.146 , 131 , 301 , 207 , 190 , 4621 ,-8.6 
 402.5 , 120.5 , 21.34 , .31 ,-6.133 , 132 , 300 , 207 , 191 , 4619 ,-8.4 
 403 , 120.4 , 21.24 , .3 ,-6.135 , 132 , 300 , 207 , 191 , 4620 ,-8.1 
 403.5 , 120.4 , 21.26 , .31 ,-6.131 , 131 , 301 , 206 , 191 , 4621 ,-8.6 
 404 , 120.3 , 21.27 , .3 ,-6.136 , 132 , 300 , 204 , 191 , 4622 ,-8.3 
 404.5 , 120.3 , 21.16 , .3 ,-6.131 , 131 , 299 , 203 , 189 , 4628 ,-8.5 
 405 , 120.5 , 21.28 , .31 ,-6.151 , 131 , 300 , 202 , 188 , 4634 ,-8.8 
 405.5 , 120.4 , 21.2 , .3 ,-6.136 , 132 , 299 , 202 , 188 , 4640 ,-8.4 
 406 , 120.5 , 21.15 , .3 ,-6.145 , 131 , 299 , 201 , 186 , 4647 ,-8.8 
 406.5 , 120.4 , 21.19 , .3 ,-6.148 , 132 , 299 , 200 , 186 , 4652 ,-8.6 
 407 , 120.3 , 21.16 , .3 ,-6.145 , 132 , 299 , 199 , 185 , 4652 ,-8.4 
 407.5 , 120.4 , 21.11 , .3 ,-6.136 , 131 , 300 , 199 , 185 , 4653 ,-8.5 
 408 , 120.4 , 21.2 , .3 ,-6.143 , 132 , 300 , 199 , 184 , 4659 ,-8.6 
 408.5 , 120.4 , 21.23 , .3 ,-6.149 , 131 , 300 , 199 , 184 , 4661 ,-8.6 
 409 , 120.3 , 21.07 , .29 ,-6.131 , 132 , 300 , 199 , 184 , 4660 ,-8.4 
 409.5 , 120.3 , 21 , .29 ,-6.128 , 132 , 300 , 199 , 184 , 4664 ,-8.5 
 410 , 120.2 , 21.18 , .3 ,-6.141 , 131 , 300 , 199 , 184 , 4665 ,-8.6 
 410.5 , 120.3 , 21.19 , .3 ,-6.148 , 132 , 300 , 198 , 184 , 4664 ,-8.3 
 411 , 120.4 , 21.16 , .3 ,-6.15 , 132 , 300 , 199 , 183 , 4668 ,-8.5 
 411.5 , 120.4 , 21.08 , .3 ,-6.143 , 132 , 300 , 198 , 183 , 4668 ,-8.4 
 412 , 120.4 , 21.1 , .29 ,-6.126 , 133 , 300 , 198 , 183 , 4669 ,-8.3 
 412.5 , 120.3 , 21.13 , .3 ,-6.142 , 131 , 300 , 198 , 183 , 4671 ,-8.3 
 413 , 120.3 , 21.17 , .3 ,-6.133 , 132 , 299 , 198 , 182 , 4669 ,-8.1 
 413.5 , 120.4 , 21.13 , .29 ,-6.139 , 132 , 300 , 197 , 183 , 4671 ,-8.5 
 414 , 120.5 , 21.05 , .29 ,-6.143 , 131 , 300 , 197 , 182 , 4675 ,-8.8 
 414.5 , 120.5 , 21.12 , .3 ,-6.13 , 133 , 300 , 197 , 182 , 4675 ,-8.5 
 415 , 120.3 , 21.11 , .3 ,-6.136 , 132 , 300 , 197 , 183 , 4677 ,-8 
 415.5 , 120.2 , 20.95 , .3 ,-6.137 , 132 , 300 , 198 , 182 , 4671 ,-8.1 
 416 , 120.4 , 21.11 , .29 ,-6.147 , 132 , 301 , 197 , 182 , 4678 ,-8.4 
 416.5 , 120.2 , 21.08 , .3 ,-6.131 , 132 , 300 , 196 , 181 , 4678 ,-8.8 
 417 , 120.3 , 21.08 , .3 ,-6.128 , 132 , 300 , 197 , 181 , 4681 ,-8.5 
 417.5 , 120.3 , 21.13 , .3 ,-6.143 , 132 , 300 , 197 , 182 , 4681 ,-8.3 
 418 , 120.3 , 21.14 , .3 ,-6.144 , 132 , 300 , 196 , 181 , 4682 ,-8.5 
 418.5 , 120.5 , 21.19 , .3 ,-6.126 , 133 , 300 , 196 , 181 , 4682 ,-8.5 
 419 , 120.4 , 21.13 , .3 ,-6.144 , 132 , 301 , 196 , 181 , 4684 ,-8.5 
 419.5 , 120.3 , 20.98 , .3 ,-6.121 , 132 , 300 , 197 , 182 , 4682 ,-8.5 
 420 , 120.4 , 21.18 , .3 ,-6.139 , 133 , 300 , 196 , 181 , 4683 ,-8.6 
 420.5 , 120.5 , 21.1 , .3 ,-6.131 , 131 , 300 , 196 , 181 , 4686 ,-8.3 
 421 , 120.3 , 21.2 , .3 ,-6.144 , 133 , 300 , 195 , 181 , 4685 ,-8.5 
 421.5 , 120.3 , 21.18 , .3 ,-6.128 , 133 , 301 , 196 , 181 , 4688 ,-8.6 
 422 , 120.4 , 21.18 , .3 ,-6.133 , 132 , 301 , 195 , 181 , 4687 ,-8.6 
 422.5 , 120.5 , 21.11 , .3 ,-6.127 , 133 , 301 , 196 , 181 , 4686 ,-7.9 
 423 , 120.4 , 21.01 , .3 ,-6.131 , 132 , 300 , 196 , 180 , 4686 ,-8.5 
 423.5 , 120.3 , 21.21 , .3 ,-6.14 , 132 , 301 , 195 , 181 , 4688 ,-8.4 
 424 , 120.4 , 21.22 , .3 ,-6.138 , 133 , 300 , 196 , 180 , 4686 ,-8.5 
 424.5 , 120.5 , 21.18 , .3 ,-6.133 , 132 , 300 , 196 , 181 , 4689 ,-8.6 
 425 , 120.5 , 21.42 , .3 ,-6.142 , 132 , 301 , 194 , 181 , 4691 ,-8.5 
 425.5 , 120.5 , 21.27 , .3 ,-6.141 , 132 , 300 , 195 , 180 , 4691 ,-8.3 
 426 , 120.4 , 21.16 , .3 ,-6.137 , 132 , 300 , 195 , 180 , 4690 ,-7.9 
 426.5 , 120.3 , 21.19 , .3 ,-6.142 , 133 , 300 , 195 , 180 , 4693 ,-8.8 
 427 , 120.3 , 21.2 , .3 ,-6.133 , 132 , 300 , 195 , 180 , 4692 ,-8.1 
 427.5 , 120.4 , 21.2 , .3 ,-6.144 , 132 , 300 , 195 , 179 , 4693 ,-8.6 
 428 , 120.5 , 21.19 , .3 ,-6.14 , 133 , 300 , 195 , 180 , 4693 ,-8.6 
 428.5 , 120.4 , 21.25 , .3 ,-6.141 , 132 , 301 , 195 , 179 , 4694 ,-8.3 
 429 , 120.4 , 21.21 , .3 ,-6.148 , 133 , 301 , 194 , 180 , 4694 ,-8.6 
 429.5 , 120.3 , 21.18 , .31 ,-6.131 , 132 , 300 , 194 , 179 , 4694 ,-8.4 
 430 , 120.4 , 21.2 , .3 ,-6.137 , 132 , 300 , 194 , 180 , 4695 ,-8.3 
 430.5 , 120.5 , 21.2 , .3 ,-6.141 , 133 , 300 , 194 , 180 , 4696 ,-8.5 
 431 , 120.3 , 21.32 , .3 ,-6.137 , 132 , 300 , 195 , 179 , 4693 ,-8.1 
 431.5 , 120.4 , 21.28 , .3 ,-6.128 , 132 , 300 , 195 , 180 , 4696 ,-8.6 
 432 , 120.4 , 21.17 , .29 ,-6.148 , 132 , 301 , 194 , 179 , 4698 ,-8.5 
 432.5 , 120.3 , 21.31 , .3 ,-6.15 , 132 , 301 , 194 , 180 , 4698 ,-8.6 
 433 , 120.4 , 21.28 , .3 ,-6.141 , 133 , 300 , 194 , 179 , 4697 ,-8.6 
 433.5 , 120.5 , 21.28 , .3 ,-6.147 , 132 , 299 , 194 , 179 , 4700 ,-8.5 
 434 , 120.6 , 21.15 , .3 ,-6.14 , 132 , 299 , 194 , 179 , 4699 ,-8.1 
 434.5 , 120.6 , 21.28 , .3 ,-6.135 , 133 , 300 , 194 , 179 , 4700 ,-8.8 
 435 , 120.5 , 21.25 , .31 ,-6.15 , 132 , 301 , 194 , 179 , 4699 ,-8.8 
 435.5 , 120.6 , 21.13 , .3 ,-6.121 , 133 , 300 , 194 , 179 , 4699 ,-8.3 
 436 , 120.4 , 21.26 , .3 ,-6.153 , 132 , 300 , 194 , 179 , 4701 ,-8.4 
 436.5 , 120.5 , 21.24 , .3 ,-6.129 , 132 , 300 , 194 , 179 , 4701 ,-8.3 
 437 , 120.5 , 21.34 , .3 ,-6.144 , 133 , 300 , 194 , 178 , 4702 ,-8.6 
 437.5 , 120.3 , 21.3 , .3 ,-6.149 , 132 , 300 , 194 , 178 , 4701 ,-8.8 
 438 , 120.4 , 21.33 , .3 ,-6.15 , 133 , 300 , 194 , 179 , 4699 ,-8.3 
 438.5 , 120.6 , 21.24 , .31 ,-6.136 , 132 , 300 , 193 , 179 , 4700 ,-8 
 439 , 120.6 , 21.35 , .3 ,-6.141 , 132 , 300 , 193 , 179 , 4703 ,-8.8 
 439.5 , 120.5 , 21.34 , .3 ,-6.149 , 133 , 300 , 193 , 179 , 4702 ,-8.6 
 440 , 120.4 , 21.35 , .3 ,-6.15 , 132 , 300 , 193 , 178 , 4701 ,-8.4 
 440.5 , 120.4 , 21.35 , .3 ,-6.144 , 133 , 300 , 194 , 178 , 4703 ,-8.6 
 441 , 120.5 , 21.36 , .3 ,-6.16 , 132 , 301 , 193 , 178 , 4705 ,-8.5 
 441.5 , 120.6 , 21.4 , .31 ,-6.137 , 132 , 300 , 194 , 178 , 4703 ,-8.5 
 442 , 120.4 , 21.29 , .3 ,-6.148 , 133 , 300 , 193 , 179 , 4706 ,-8.4 
 442.5 , 120.3 , 21.24 , .31 ,-6.142 , 132 , 300 , 194 , 178 , 4705 ,-8.4 
 443 , 120.3 , 21.22 , .31 ,-6.131 , 132 , 300 , 193 , 178 , 4706 ,-8.1 
 443.5 , 120.6 , 21.3 , .29 ,-6.138 , 132 , 301 , 193 , 179 , 4705 ,-8.8 
 444 , 120.5 , 21.41 , .29 ,-6.14 , 132 , 300 , 194 , 178 , 4705 ,-8.4 
 444.5 , 120.5 , 21.18 , .3 ,-6.142 , 133 , 300 , 194 , 178 , 4706 ,-8.3 
 445 , 120.4 , 21.2 , .29 ,-6.139 , 132 , 300 , 194 , 178 , 4705 ,-8.5 
 445.5 , 120.4 , 21.34 , .31 ,-6.139 , 132 , 300 , 193 , 178 , 4704 ,-8 
 446 , 120.5 , 21.15 , .31 ,-6.138 , 133 , 300 , 193 , 179 , 4703 ,-8 
 446.5 , 120.5 , 21.19 , .3 ,-6.142 , 131 , 300 , 194 , 178 , 4706 ,-8.4 
 447 , 120.5 , 21.25 , .3 ,-6.13 , 132 , 301 , 194 , 179 , 4705 ,-8.8 
 447.5 , 120.4 , 21.24 , .3 ,-6.149 , 132 , 300 , 193 , 178 , 4705 ,-8.6 
 448 , 120.3 , 21.18 , .31 ,-6.132 , 132 , 300 , 193 , 179 , 4703 ,-8.4 
 448.5 , 120.4 , 21.2 , .29 ,-6.139 , 133 , 300 , 193 , 179 , 4706 ,-8.6 
 449 , 120.5 , 21.21 , .3 ,-6.14 , 132 , 300 , 194 , 178 , 4703 ,-8 
 449.5 , 120.6 , 21.2 , .3 ,-6.128 , 133 , 300 , 193 , 179 , 4704 ,-8.6 
 450 , 120.4 , 21.04 , .3 ,-6.144 , 132 , 300 , 194 , 179 , 4705 ,-8.4 
 450.5 , 120.3 , 21.15 , .3 ,-6.144 , 132 , 300 , 194 , 179 , 4708 ,-8 
 451 , 120.6 , 21.05 , .3 ,-6.128 , 132 , 300 , 193 , 178 , 4707 ,-8.5 
 451.5 , 120.6 , 21.17 , .29 ,-6.124 , 132 , 300 , 194 , 179 , 4705 ,-8.5 
 452 , 120.5 , 21.08 , .29 ,-6.132 , 133 , 300 , 194 , 179 , 4706 ,-8.5 
 452.5 , 120.5 , 21.12 , .3 ,-6.122 , 132 , 300 , 194 , 179 , 4707 ,-8.4 
 453 , 120.5 , 21.11 , .3 ,-6.122 , 132 , 300 , 194 , 178 , 4706 ,-8.5 
 453.5 , 120.5 , 21.17 , .3 ,-6.137 , 133 , 300 , 193 , 179 , 4706 ,-8.3 
 454 , 120.5 , 21.19 , .3 ,-6.14 , 132 , 301 , 195 , 179 , 4707 ,-8.5 
 454.5 , 120.5 , 21.26 , .3 ,-6.128 , 133 , 301 , 201 , 181 , 4705 ,-8.6 
 455 , 120.3 , 21.23 , .3 ,-6.133 , 132 , 301 , 205 , 183 , 4689 ,-8.6 
 455.5 , 120.5 , 21.35 , .3 ,-6.132 , 133 , 302 , 208 , 187 , 4675 ,-8.1 
 456 , 120.6 , 21.37 , .3 ,-6.125 , 132 , 302 , 210 , 189 , 4659 ,-8.6 
 456.5 , 120.6 , 21.39 , .3 ,-6.13 , 132 , 301 , 213 , 192 , 4645 ,-8.5 
 457 , 120.5 , 21.3 , .3 ,-6.117 , 133 , 303 , 212 , 194 , 4641 ,-8.9 
 457.5 , 120.4 , 21.32 , .3 ,-6.129 , 132 , 301 , 213 , 196 , 4636 ,-8.6 
 458 , 120.5 , 21.31 , .31 ,-6.131 , 132 , 302 , 213 , 196 , 4629 ,-8.5 
 458.5 , 120.6 , 21.37 , .3 ,-6.124 , 132 , 302 , 213 , 196 , 4629 ,-8.6 
 459 , 120.6 , 21.25 , .3 ,-6.132 , 132 , 301 , 213 , 196 , 4624 ,-8 
 459.5 , 120.4 , 21.21 , .3 ,-6.143 , 133 , 301 , 213 , 197 , 4625 ,-8.8 
 460 , 120.4 , 21.17 , .3 ,-6.124 , 132 , 301 , 212 , 196 , 4628 ,-8.5 
 460.5 , 120.4 , 21.14 , .3 ,-6.124 , 132 , 300 , 212 , 196 , 4626 ,-8.4 
 461 , 120.6 , 21.11 , .3 ,-6.119 , 133 , 300 , 212 , 196 , 4625 ,-8.5 
 461.5 , 120.5 , 21.01 , .3 ,-6.123 , 132 , 300 , 212 , 196 , 4628 ,-8.5 
 462 , 120.5 , 21.04 , .3 ,-6.135 , 133 , 300 , 212 , 196 , 4625 ,-8.3 
 462.5 , 120.5 , 21.08 , .3 ,-6.139 , 132 , 301 , 212 , 196 , 4625 ,-8.9 
 463 , 120.4 , 21 , .29 ,-6.134 , 133 , 300 , 212 , 196 , 4627 ,-8.5 
 463.5 , 120.5 , 21.14 , .29 ,-6.125 , 132 , 300 , 211 , 196 , 4629 ,-8.6 
 464 , 120.5 , 21 , .3 ,-6.136 , 132 , 300 , 210 , 195 , 4626 ,-8.3 
 464.5 , 120.4 , 20.95 , .3 ,-6.135 , 133 , 300 , 209 , 194 , 4626 ,-8.3 
 465 , 120.3 , 20.93 , .29 ,-6.136 , 132 , 299 , 207 , 193 , 4631 ,-8.3 
 465.5 , 120.4 , 20.81 , .29 ,-6.14 , 133 , 300 , 206 , 192 , 4636 ,-8.1 
 466 , 120.4 , 20.81 , .3 ,-6.138 , 133 , 299 , 205 , 191 , 4640 ,-8.4 
 466.5 , 120.5 , 20.79 , .3 ,-6.128 , 132 , 299 , 204 , 190 , 4644 ,-8.6 
 467 , 120.5 , 20.7 , .3 ,-6.14 , 133 , 299 , 205 , 189 , 4646 ,-8 
 467.5 , 120.3 , 20.89 , .3 ,-6.148 , 132 , 299 , 205 , 189 , 4652 ,-8.5 
 468 , 120.4 , 20.8 , .29 ,-6.154 , 132 , 298 , 204 , 188 , 4651 ,-8.6 
 468.5 , 120.5 , 20.9 , .3 ,-6.13 , 133 , 300 , 204 , 189 , 4652 ,-8.8 
 469 , 120.5 , 20.8 , .29 ,-6.127 , 132 , 299 , 204 , 188 , 4653 ,-8.3 
 469.5 , 120.6 , 20.88 , .29 ,-6.125 , 133 , 299 , 204 , 188 , 4652 ,-8.3 
 470 , 120.5 , 20.92 , .3 ,-6.141 , 133 , 299 , 204 , 189 , 4655 ,-8.8 
 470.5 , 120.4 , 20.82 , .3 ,-6.138 , 132 , 299 , 204 , 189 , 4652 ,-8.6 
 471 , 120.6 , 20.99 , .3 ,-6.146 , 133 , 300 , 203 , 188 , 4652 ,-8.4 
 471.5 , 120.4 , 21.08 , .3 ,-6.15 , 132 , 299 , 203 , 188 , 4655 ,-8.6 
 472 , 120.6 , 21.08 , .3 ,-6.13 , 133 , 299 , 204 , 188 , 4656 ,-8.4 
 472.5 , 120.3 , 21.12 , .3 ,-6.141 , 133 , 300 , 203 , 188 , 4654 ,-8.4 
 473 , 120.4 , 21.07 , .3 ,-6.14 , 132 , 299 , 203 , 188 , 4657 ,-8.6 
 473.5 , 120.4 , 21.2 , .3 ,-6.134 , 133 , 300 , 203 , 187 , 4657 ,-8.5 
 474 , 120.5 , 21.09 , .3 ,-6.127 , 132 , 300 , 203 , 187 , 4662 ,-9 
 474.5 , 120.5 , 21.22 , .3 ,-6.133 , 132 , 300 , 203 , 188 , 4660 ,-8.6 
 475 , 120.4 , 21.23 , .3 ,-6.137 , 133 , 300 , 202 , 187 , 4658 ,-8.4 
 475.5 , 120.4 , 21.34 , .3 ,-6.126 , 132 , 300 , 202 , 187 , 4661 ,-8.1 
 476 , 120.4 , 21.32 , .3 ,-6.138 , 133 , 300 , 203 , 187 , 4661 ,-8.3 
 476.5 , 120.5 , 21.23 , .31 ,-6.138 , 132 , 300 , 202 , 187 , 4662 ,-8.6 
 477 , 120.5 , 21.44 , .3 ,-6.136 , 132 , 300 , 203 , 187 , 4660 ,-8.6 
 477.5 , 120.4 , 21.4 , .3 ,-6.137 , 133 , 300 , 202 , 187 , 4660 ,-8.4 
 478 , 120.4 , 21.48 , .3 ,-6.155 , 132 , 299 , 202 , 187 , 4662 ,-8 
 478.5 , 120.5 , 21.37 , .3 ,-6.143 , 133 , 300 , 202 , 187 , 4663 ,-8.5 
 479 , 120.6 , 21.38 , .31 ,-6.128 , 132 , 301 , 202 , 187 , 4665 ,-8.6 
 479.5 , 120.6 , 21.45 , .31 ,-6.131 , 132 , 300 , 203 , 186 , 4665 ,-8.5 
 480 , 120.6 , 21.5 , .3 ,-6.13 , 133 , 300 , 202 , 186 , 4664 ,-8.4 
 480.5 , 120.4 , 21.46 , .3 ,-6.152 , 132 , 300 , 202 , 186 , 4667 ,-8.4 
 481 , 120.5 , 21.39 , .31 ,-6.14 , 133 , 300 , 202 , 187 , 4666 ,-8.5 
 481.5 , 120.5 , 21.46 , .31 ,-6.149 , 132 , 300 , 201 , 186 , 4668 ,-8.6 
 482 , 120.6 , 21.36 , .3 ,-6.126 , 132 , 299 , 202 , 187 , 4669 ,-8.4 
 482.5 , 120.5 , 21.34 , .31 ,-6.139 , 133 , 300 , 202 , 187 , 4668 ,-8.4 
 483 , 120.4 , 21.44 , .3 ,-6.13 , 132 , 301 , 201 , 186 , 4668 ,-8.4 
 483.5 , 120.6 , 21.41 , .3 ,-6.139 , 133 , 300 , 201 , 186 , 4667 ,-8.3 
 484 , 120.5 , 21.33 , .3 ,-6.133 , 132 , 300 , 202 , 186 , 4670 ,-8.6 
 484.5 , 120.6 , 21.28 , .3 ,-6.134 , 132 , 301 , 201 , 186 , 4667 ,-8.1 
 485 , 120.6 , 21.47 , .3 ,-6.124 , 133 , 300 , 201 , 186 , 4667 ,-8.4 
 485.5 , 120.5 , 21.37 , .31 ,-6.127 , 132 , 301 , 201 , 186 , 4668 ,-8.1 
 486 , 120.5 , 21.31 , .31 ,-6.133 , 133 , 301 , 202 , 186 , 4669 ,-8.4 
 486.5 , 120.3 , 21.32 , .3 ,-6.151 , 132 , 300 , 202 , 186 , 4670 ,-8.1 
 487 , 120.4 , 21.49 , .3 ,-6.139 , 132 , 300 , 201 , 186 , 4669 ,-8.6 
 487.5 , 120.4 , 21.26 , .3 ,-6.148 , 133 , 300 , 202 , 186 , 4670 ,-8.3 
 488 , 120.4 , 21.32 , .3 ,-6.137 , 132 , 300 , 201 , 186 , 4669 ,-8.3 
 488.5 , 120.6 , 21.3 , .31 ,-6.12 , 133 , 301 , 201 , 186 , 4672 ,-8.6 
 489 , 120.4 , 21.23 , .3 ,-6.132 , 132 , 300 , 201 , 185 , 4671 ,-8.1 
 489.5 , 120.6 , 21.4 , .29 ,-6.129 , 132 , 300 , 201 , 186 , 4671 ,-7.9 
 490 , 120.5 , 21.28 , .3 ,-6.136 , 133 , 300 , 201 , 186 , 4672 ,-8.4 
 490.5 , 120.3 , 21.16 , .3 ,-6.131 , 132 , 300 , 201 , 185 , 4670 ,-8.5 
 491 , 120.2 , 21.19 , .3 ,-6.132 , 133 , 301 , 202 , 186 , 4671 ,-8.3 
 491.5 , 120.4 , 21.19 , .29 ,-6.151 , 132 , 300 , 201 , 186 , 4675 ,-8.5 
 492 , 120.5 , 21.23 , .3 ,-6.143 , 132 , 301 , 201 , 185 , 4672 ,-8.8 
 492.5 , 120.4 , 21.14 , .3 ,-6.14 , 133 , 300 , 201 , 186 , 4672 ,-8.6 
 493 , 120.5 , 21.13 , .3 ,-6.139 , 132 , 300 , 201 , 185 , 4671 ,-8.3 
 493.5 , 120.4 , 21.09 , .3 ,-6.133 , 133 , 300 , 201 , 186 , 4674 ,-8.6 
 494 , 120.5 , 21.12 , .3 ,-6.141 , 133 , 301 , 201 , 185 , 4671 ,-8.4 
 494.5 , 120.6 , 21.24 , .3 ,-6.137 , 132 , 300 , 201 , 185 , 4673 ,-8.5 
 495 , 120.6 , 21.07 , .3 ,-6.13 , 133 , 301 , 201 , 185 , 4672 ,-8.3 
 495.5 , 120.5 , 21.05 , .3 ,-6.137 , 132 , 300 , 201 , 184 , 4672 ,-8.4 
 496 , 120.4 , 21 , .29 ,-6.146 , 132 , 299 , 201 , 185 , 4676 ,-8.5 
 496.5 , 120.4 , 21.09 , .3 ,-6.139 , 133 , 300 , 200 , 185 , 4672 ,-8.6 
 497 , 120.5 , 21.04 , .3 ,-6.131 , 132 , 300 , 200 , 185 , 4672 ,-8.6 
 497.5 , 120.6 , 21.01 , .3 ,-6.13 , 133 , 300 , 201 , 185 , 4675 ,-8.5 
 498 , 120.6 , 21.12 , .3 ,-6.135 , 132 , 300 , 201 , 184 , 4673 ,-8.5 
 498.5 , 120.5 , 21.05 , .3 ,-6.139 , 132 , 300 , 201 , 185 , 4676 ,-8.5 
 499 , 120.4 , 21.04 , .3 ,-6.141 , 133 , 300 , 201 , 186 , 4674 ,-8.4 
 499.5 , 120.5 , 21.06 , .3 ,-6.138 , 131 , 300 , 201 , 185 , 4675 ,-8.4 
 500 , 120.6 , 21 , .29 ,-6.138 , 133 , 300 , 201 , 185 , 4673 ,-7.8 
 500.5 , 120.5 , 20.95 , .3 ,-6.142 , 132 , 300 , 201 , 185 , 4673 ,-8.4 
 501 , 120.5 , 21.01 , .3 ,-6.144 , 133 , 300 , 201 , 185 , 4677 ,-8.4 
 501.5 , 120.5 , 21.06 , .3 ,-6.143 , 132 , 300 , 200 , 186 , 4675 ,-8.5 
 502 , 120.5 , 21.05 , .3 ,-6.14 , 132 , 300 , 200 , 186 , 4675 ,-8.9 
 502.5 , 120.6 , 20.92 , .3 ,-6.131 , 133 , 300 , 201 , 185 , 4674 ,-8.5 
 503 , 120.5 , 20.93 , .29 ,-6.131 , 132 , 300 , 201 , 185 , 4674 ,-8.5 
 503.5 , 120.5 , 20.95 , .3 ,-6.147 , 133 , 300 , 201 , 186 , 4676 ,-8 
 504 , 120.4 , 20.99 , .3 ,-6.135 , 133 , 301 , 200 , 186 , 4674 ,-8 
 504.5 , 120.4 , 21.01 , .29 ,-6.144 , 132 , 300 , 201 , 185 , 4675 ,-8.6 
 505 , 120.4 , 20.97 , .29 ,-6.148 , 133 , 300 , 201 , 185 , 4676 ,-8.4 
 505.5 , 120.4 , 20.93 , .29 ,-6.132 , 132 , 300 , 201 , 185 , 4675 ,-8.5 
 506 , 120.5 , 20.95 , .3 ,-6.133 , 132 , 300 , 201 , 186 , 4677 ,-8.4 
 506.5 , 120.5 , 21.07 , .3 ,-6.146 , 132 , 300 , 200 , 186 , 4677 ,-8.3 
 507 , 120.5 , 21.07 , .3 ,-6.135 , 132 , 300 , 200 , 186 , 4673 ,-8.1 
 507.5 , 120.4 , 20.93 , .3 ,-6.141 , 133 , 300 , 201 , 185 , 4674 ,-8.1 
 508 , 120.5 , 20.94 , .29 ,-6.14 , 132 , 300 , 201 , 186 , 4677 ,-8.4 
 508.5 , 120.3 , 20.92 , .3 ,-6.14 , 133 , 300 , 201 , 186 , 4676 ,-8.3 
 509 , 120.4 , 20.85 , .3 ,-6.132 , 133 , 301 , 201 , 185 , 4674 ,-8.3 
 509.5 , 120.5 , 21.02 , .3 ,-6.142 , 132 , 300 , 201 , 185 , 4675 ,-8.3 
 510 , 120.6 , 20.92 , .3 ,-6.165 , 133 , 300 , 201 , 185 , 4677 ,-8.3 
